667A Lyttelton          New Zealand         1995 43360S 172430E 0000 3 00000R MM
667A Lytt  199501011  763 1443 1873 2183 2393 2283 1753 1303  713  343   73  173
667A Lytt  199501012  603 1083 1743 2243 2533 2593 2303 1813 1223  703  423  193
667A Lytt  199501021  323  903 1433 1853 2343 2543 2293 1913 1293  703  403  193
667A Lytt  199501022  353  553 1253 1953 2313 2603 2613 2323 1743 1253  673  313
667A Lytt  199501031  233  473  813 1443 1933 2363 2463 2243 1953 1323  703  343
667A Lytt  199501032  183  123  633 1153 1663 2233 2483 2393 2133 1613 1023  543
667A Lytt  199501041  173  193  303  683 1373 1823 2153 2263 2173 1683 1073  623
667A Lytt  199501042  353    0  163  613 1113 1693 2153 2403 2253 2043 1553  933
667A Lytt  199501051  473  363  163  333  913 1473 1843 2103 2393 2083 1543 1213
667A Lytt  199501052  743  253  183  413  643 1273 1763 2223 2253 2243 1953 1413
667A Lytt  199501061  943  603  243  253  593 1033 1403 1943 2283 2283 2123 1673
667A Lytt  199501062 1263  813  473  353  523  983 1363 1893 2253 2363 2283 2013
667A Lytt  199501071 1543 1043  583  463  433  613 1183 1533 1993 2303 2253 2013
667A Lytt  199501072 1733 1273  753  623  503  703  993 1583 1973 2163 2403 2283
667A Lytt  199501081 1823 1443 1093  593  543  473  773 1193 1543 1963 2173 2243
667A Lytt  199501082 1993 1623 1163  793  663  603  703 1133 1433 1933 2083 2143
667A Lytt  199501091 1993 1753 1353  803  613  563  453  783 1273 1553 1793 2233
667A Lytt  199501092 2103 1713 1573 1123  643  663  583  723 1043 1473 1703 1913
667A Lytt  199501101 2043 1883 1543 1123  793  473  393  533  853 1083 1583 1883
667A Lytt  199501102 1993 1903 1673 1343  913  703  543  463  733 1063 1283 1693
667A Lytt  199501111 1973 1833 1713 1373 1053  613  433  423  463  823 1163 1623
667A Lytt  199501112 1833 1883 1833 1613 1163  963  593  413  543  833  963 1383
667A Lytt  199501121 1843 1833 1823 1663 1393  923  573  453  333  683  923 1303
667A Lytt  199501122 1743 1893 1943 1883 1543 1283  833  623  493  643  843 1193
667A Lytt  199501131 1573 1833 1903 1813 1693 1263  843  593  383  493  723 1083
667A Lytt  199501132 1533 1813 1963 1983 1753 1613 1163  833  553  573  733  873
667A Lytt  199501141 1313 1753 1893 1933 1893 1703 1203  863  683  543  613  953
667A Lytt  199501142 1193 1643 2093 2023 2023 1983 1573 1123  773  683  703  643
667A Lytt  199501151 1103 1583 1683 1793 2163 1783 1403 1163  853  433  493  763
667A Lytt  199501152  893 1383 1813 2033 1983 2173 1793 1323 1033  743  623  573
667A Lytt  199501161  953 1263 1643 1933 2143 2053 1813 1563 1003  693  603  563
667A Lytt  199501162  763 1163 1583 1903 2173 2283 1933 1763 1333  833  643  573
667A Lytt  199501171  543  903 1433 1663 1823 2173 2053 1563 1303  993  473  433
667A Lytt  199501172  643  753 1173 1723 2033 2153 2163 2033 1523 1113  923  493
667A Lytt  199501181  473  873 1063 1453 1923 2073 2193 2003 1623 1243  853  563
667A Lytt  199501182  543  563  923 1413 1783 2133 2223 2193 1813 1383 1053  593
667A Lytt  199501191  383  583  713 1013 1563 1883 1963 2063 1853 1433  843  763
667A Lytt  199501192  333  333  543  873 1383 1823 2063 2113 2023 1723 1153  703
667A Lytt  199501201  471  403  383  693 1213 1593 1733 2093 1983 1593 1333  833
667A Lytt  199501202  483  233  313  503  893 1443 1813 2003 1993 1893 1433  923
667A Lytt  199501211  553  433  233  343  833 1203 1523 1933 2033 1893 1643 1163
667A Lytt  199501212  773  403  353  353  643 1183 1673 1913 2233 2253 1873 1543
667A Lytt  199501221 1003  823  333  373  543 1013 1413 1653 2063 2133 1953 1793
667A Lytt  199501222 1283  813  573  353  473  863 1263 1703 2023 2193 2063 1773
667A Lytt  199501231 1453  953  463  383  343  533  963 1393 1813 2073 2143 2003
667A Lytt  199501232 1633 1163  673  453  383  483  863 1363 1673 2133 2203 1973
667A Lytt  199501241 1823 1453  863  573  453  403  653 1113 1593 1953 2193 2333
667A Lytt  199501242 2043 1713 1283  773  393  563  603  973 1443 1903 2133 2183
667A Lytt  199501251 2213 1853 1323  913  653  373  403  783 1153 1633 2043 2303
667A Lytt  199501252 2263 2143 1713 1223  783  593  603  473 1053 1553 1893 2093
667A Lytt  199501261 2343 2253 1773 1403 1063  543  433  583  813 1223 1803 2163
667A Lytt  199501262 2383 2393 2133 1703 1303  883  523  503  703 1113 1493 1933
667A Lytt  199501271 2303 2393 2203 1983 1483  913  593  433  533  863 1403 1913
667A Lytt  199501272 2283 2553 2533 2183 1883 1363  833  503  533  663 1013 1493
667A Lytt  199501281 2033 2383 2313 2293 1923 1313  843  613  273  383  863 1333
667A Lytt  199501282 1813 2233 2553 2363 2113 1813 1173  643  473  333  483  983
667A Lytt  199501291 1533 1993 2243 2443 2203 1763 1293  723  363  253  393  793
667A Lytt  199501292 1273 1803 2263 2393 2383 2183 1593 1053  613  393  163  513
667A Lytt  199501301  913 1423 1963 2343 2283 2153 1763 1083  583  333  163  313
667A Lytt  199501302  753 1303 1863 2263 2443 2453 2153 1503 1033  573  313  183
667A Lytt  199501311  443 1043 1573 2013 2413 2363 2233 1753 1003  713  443  133
667A Lytt  199501312  353 1023 1383 1823 2463 2653 2343 2163 1613 1023  533  333
667A Lytt  199502011  353  563 1143 1783 2153 2453 2553 2163 1703 1213  723  373
667A Lytt  199502012  353  533  983 1543 2143 2413 2613 2523 2113 1533 1103  563
667A Lytt  199502021  423  533  753 1273 1923 2233 2413 2533 2143 1663 1273  793
667A Lytt  199502022  463  393  683 1113 1663 2233 2533 2493 2573 1983 1503 1063
667A Lytt  199502031  643  543  613  873 1503 1893 2273 2543 2473 2183 1733 1243
667A Lytt  199502032  783  463  663  743 1213 1823 2163 2463 2563 2343 1943 1393
667A Lytt  199502041 1043  643  533  633 1003 1473 1923 2243 2383 2343 2023 1613
667A Lytt  199502042 1183  763  553  623  853 1313 1673 2163 2243 2383 2213 1563
667A Lytt  199502051 1283  953  403  513  723  943 1393 1833 2103 2193 2263 1843
667A Lytt  199502052 1373 1043  723  413  603  853 1213 1603 1943 2153 2073 1933
667A Lytt  199502061 1553 1103  723  543  553  533 1033 1453 1693 2043 2253 1943
667A Lytt  199502062 1613 1363 1003  523  583  723  723 1253 1593 1923 2053 2033
667A Lytt  199502071 1733 1483  993  693  543  503  723 1123 1413 1813 2019 2023
667A Lytt  199502072 1913 1553 1323  843  663  643  703 1033 1353 1723 2013 2113
667A Lytt  199502081 2103 1743 1523 1113  793  623  583  903 1113 1573 1883 2063
667A Lytt  199502082 2093 1883 1583 1163  953  733  563  813 1063 1383 1743 1983
667A Lytt  199502091 2113 1983 1663 1433 1073  713  723  663  883 1343 1693 1953
667A Lytt  199502092 2133 2143 1953 1533 1303 1023  673  733  883 1113 1493 1783
667A Lytt  199502101 2023 2013 1943 1693 1263  923  803  573  693  963 1413 1723
667A Lytt  199502102 1953 2063 2083 1793 1433 1203  803  603  613  923 1123 1493
667A Lytt  199502111 1833 1903 1943 1863 1533 1033  823  623  403  663 1073 1293
667A Lytt  199502112 1663 2023 2013 1873 1653 1443  803  593  593  591  776 1083
667A Lytt  199502121 1533 1713 1833 1893 1703 1213  903  623  373  363  713  953
667A Lytt  199502122 1353 1743 1973 1893 1833 1663 1013  723  583  383  453  793
667A Lytt  199502131 1233 1503 1773 2063 1773 1453 1343  673  393  403  353  613
667A Lytt  199502132 1073 1463 1793 1973 1923 1843 1323  923  643  403  343  523
667A Lytt  199502141  903 1273 1683 1903 1993 1763 1493 1173  533  403  393  393
667A Lytt  199502142  733 1203 1713 1853 2013 2143 1643 1213  923  523  263  453
667A Lytt  199502151  613  973 1493 1823 1963 1963 1883 1403  913  553  413  283
667A Lytt  199502152  373  903 1433 1683 2013 2213 1883 1633 1193  693  403  273
667A Lytt  199502161  413  583 1133 1633 1883 1973 2033 1713 1273  803  447  249
667A Lytt  199502162  268  543 1023 1513 1783 2233 2163 1793 1653 1183  493  423
667A Lytt  199502171  393  343  783 1413 1813 1853 2273 2093 1603 1273  933  493
667A Lytt  199502172  233  433  733 1113 1683 2203 2183 2173 2043 1473 1033  673
667A Lytt  199502181  393  403  493 1073 1653 1803 2253 2403 1963 1723 1353  833
667A Lytt  199502182  383  383  523  743 1313 1953 2103 2253 2313 1953 1413  973
667A Lytt  199502191  633  333  433  673 1243 1573 2003 2383 2223 2173 1773 1283
667A Lytt  199502192  723  543  443  463 1063 1523 1903 2213 2463 2263 1873 1503
667A Lytt  199502201  983  553  423  533  763 1333 1793 2173 2243 2433 2233 1673
667A Lytt  199502202 1193  823  523  303  603 1143 1423 1873 2383 2333 2093 1853
667A Lytt  199502211 1353  823  413  493  433  743 1303 1753 1973 2363 2393 1953
667A Lytt  199502212 1613 1153  723  383  453  663 1023 1433 1963 2203 2263 2153
667A Lytt  199502221 1713 1313  813  533  503  443  913 1323 1763 2193 2463 2367
667A Lytt  199502222 2033 1693 1333  693  563  593  713 1053 1643 2143 2223 2343
667A Lytt  199502231 2283 1753 1263  973  633  333  603 1023 1263 1793 2393 2333
667A Lytt  199502232 2313 2123 1693 1043  763  633  293  643 1193 1593 1883 2383
667A Lytt  199502241 2383 2043 1833 1323  943  383  453  643  683 1383 1883 2153
667A Lytt  199502242 2173 2413 2043 1463 1183  713  243  373  703  893 1473 2043
667A Lytt  199502251 2153 2233 2013 1583 1203  693  503  313  363  853 1353 1753
667A Lytt  199502252 2173 2433 2253 2053 1623  983  613  333  413  673 1073 1603
667A Lytt  199502261 1983 2283 2273 2163 1773 1213  813  513  313  533  993 1373
667A Lytt  199502262 1933 2233 2303 2393 2123 1653 1023  773  473  453  663 1153
667A Lytt  199502271 1683 2073 2293 2443 2113 1713 1253  783  453  363  603  963
667A Lytt  199502272 1523 1923 2383 2463 2373 2073 1603  923  613  493  363  653
667A Lytt  199502281 1133 1703 1953 2353 2423 2013 1643 1203  593  363  423  593
667A Lytt  199502282  803 1453 2103 2213 2333 2463 1853 1273  993  543  243  313
667A Lytt  199503011  603 1253 1613 2083 2443 2203 1973 1693  983  593  373  383
667A Lytt  199503012  373  943 1603 1943 2163 2473 2163 1663 1373  893  353  353
667A Lytt  199503021  483  683 1173 1853 2113 2193 2263 2033 1373  853  723  313
667A Lytt  199503022  223  583 1123 1433 1863 2383 2203 1903 1703 1183  573  283
667A Lytt  199503031  333  383  603 1363 1843 1803 2223 2233 1633 1203  963  413
667A Lytt  199503032  153  323  653  933 1473 2053 2033 2023 2013 1443  933  573
667A Lytt  199503041  413  273  333  903 1413 1603 2013 2353 1853 1573 1343  793
667A Lytt  199503042  343  343  553  553 1183 1713 1903 2013 2113 1913 1283  973
667A Lytt  199503051  663  343  333  653 1053 1413 1803 2173 2083 1953 1693 1233
667A Lytt  199503052  693  573  583  373  923 1433 1593 1843 2173 2023 1663 1293
667A Lytt  199503061 1043  633  403  613  743 1073 1473 1963 1933 1993 1963 1433
667A Lytt  199503062  993  773  623  343  563 1093 1373 1603 2003 2083 1873 1703
667A Lytt  199503071 1203  983  553  543  693  823 1273 1643 1903 2033 2063 1873
667A Lytt  199503072 1353 1053  923  593  483  913 1173 1293 1843 2093 1913 1883
667A Lytt  199503081 1583 1233  863  723  613  633 1013 1383 1643 1953 2073 2083
667A Lytt  199503082 1763 1353 1293  773  603  783  943 1123 1583 1963 1983 2033
667A Lytt  199503091 1983 1573 1223 1023  783  623  893 1233 1533 1753 2063 2243
667A Lytt  199503092 1933 1753 1563 1103  833  813  823  913 1303 1803 1923 2033
667A Lytt  199503101 2303 1943 1533 1333 1013  643  803 1173 1233 1533 2113 2023
667A Lytt  199503102 2143 2033 1823 1433 1153  953  803  873 1063 1553 1753 1883
667A Lytt  199503111 2253 2033 1703 1553 1183  793  643  833  853 1243 1643 2003
667A Lytt  199503112 1993 2043 2023 1613 1213  943  753  513  793 1053 1353 1673
667A Lytt  199503121 2023 2073 1823 1743 1443  973  773  693  793 1003 1383 1793
667A Lytt  199503122 1963 2193 2193 1913 1603 1323 1023  763  923 1053 1273 1523
667A Lytt  199503131 1953 2143 1983 2033 1693 1283  943  863  753  763 1153 1583
667A Lytt  199503132 1763 2243 2333 2093 1953 1643 1153  763  743  723 1023 1403
667A Lytt  199503141 1833 2163 2333 2263 2043 1853 1413  923  843  733  923 1363
667A Lytt  199503142 1783 2073 2383 2463 2173 1993 1473 1043  803  793  773 1073
667A Lytt  199503151 1583 2003 2133 2333 2293 1943 1533 1113  803  593  653  963
667A Lytt  199503152 1253 1793 2253 2343 2403 2243 1813 1383  873  743  653  673
667A Lytt  199503161 1163 1603 1913 2283 2353 2133 1953 1353  953  573  523  583
667A Lytt  199503162  893 1373 1903 2273 2373 2453 2143 1613 1133  873  573  493
667A Lytt  199503171  773 1293 1673 2043 2443 2383 2093 1903 1333  753  553  513
667A Lytt  199503172  463  833 1473 1863 2113 2423 2143 1793 1353  943  543  293
667A Lytt  199503181  403  693 1073 1753 2093 2273 2353 1993 1693 1033  703  433
667A Lytt  199503182  343  453  983 1563 1893 2333 2383 2253 1893 1533 1083  513
667A Lytt  199503191  343  653  783 1443 1783 2203 2503 2343 2163 1593 1103  703
667A Lytt  199503192  373  293  603 1123 1553 2023 2393 2383 2123 1893 1273  763
667A Lytt  199503201  473  393  343  823 1543 1723 2253 2523 2343 1983 1553 1183
667A Lytt  199503202  593  343  483  673 1093 1783 2133 2353 2383 2443 1843 1213
667A Lytt  199503211 1103  583  393  713 1073 1553 2013 2493 2563 2453 2203 1713
667A Lytt  199503212 1163  793  543  523  773 1353 1793 2093 2473 2623 2273 1793
667A Lytt  199503221 1423 1003  463  523  733 1013 1623 2163 2383 2543 2543 2173
667A Lytt  199503222 1653 1223  803  563  633  873 1223 1703 2173 2373 2483 2153
667A Lytt  199503231 1733 1383  733  573  463  593 1073 1553 2033 2383 2513 2413
667A Lytt  199503232 2073 1603 1143  693  503  483  783 1083 1653 2113 2313 2303
667A Lytt  199503241 2173 1703 1103  843  433  363  623  883 1423 1853 2223 2293
667A Lytt  199503242 2213 1943 1443  963  623  343  353  683 1093 1603 2033 2223
667A Lytt  199503251 2233 1993 1683 1153  713  443  423  573  883 1493 1913 2223
667A Lytt  199503252 2363 2333 1873 1433 1143  663  283  443  673 1103 1573 2043
667A Lytt  199503261 2273 2153 1953 1583  953  643  393  213  463  843 1353 1783
667A Lytt  199503262 2133 2273 2103 1853 1413  863  413  343  363  657 1103 1653
667A Lytt  199503271 1993 2203 2233 1943 1543 1013  673  313  383  553  883 1423
667A Lytt  199503272 1853 2173 2203 2193 1853 1163  793  543  263  363  743 1203
667A Lytt  199503281 1603 2043 2333 2183 1973 1563 1063  633  413  453  563 1013
667A Lytt  199503282 1583 1973 2203 2393 2173 1733 1293  803  443  393  523  693
667A Lytt  199503291 1363 1783 2103 2313 2283 1963 1483  913  693  423  323  703
667A Lytt  199503292 1163 1623 1933 2363 2343 2033 1753 1253  713  573  412  512
667A Lytt  199503301  843 1543 1923 2143 2333 2223 1923 1373  973  653  403  473
667A Lytt  199503302  743 1193 1643 2053 2253 2243 1923 1573 1073  673  543  383
667A Lytt  199503311  593 1033 1573 1873 2143 2363 2093 1693 1413  883  483  563
667A Lytt  199503312  573  773 1323 1923 2063 2203 2283 1913 1483 1123  843  523
667A Lytt  199504011  563  853 1273 1673 2073 2283 2333 2103 1803 1333  793  723
667A Lytt  199504012  583  673  973 1633 1953 2003 2333 2233 1753 1413 1053  643
667A Lytt  199504021  493  563  873 1323 1653 2093 2233 2103 2073 1573 1073  793
667A Lytt  199504022  613  503  593 1163 1573 1693 2043 2283 1903 1643 1393  783
667A Lytt  199504031  573  513  723  873 1393 1753 1983 2123 2113 1783 1343 1093
667A Lytt  199504032  733  423  523  813 1053 1453 1813 1993 1863 1883 1513 1023
667A Lytt  199504041  753  563  513  543  973 1443 1693 1893 2163 1913 1633 1333
667A Lytt  199504042  973  583  463  713  793 1153 1523 1843 1843 1863 1893 1293
667A Lytt  199504051  853  783  553  343  743 1113 1353 1593 1953 1833 1693 1503
667A Lytt  199504052 1173  643  393  533  423  633 1073 1603 1513 1733 1893 1293
667A Lytt  199504061 1023  823  453  323  373  723  963 1253 1723 1733 1583 1703
667A Lytt  199504062 1273  883  593  413  403  473  783 1103 1403 1583 1883 1493
667A Lytt  199504071 1323 1163  733  443  493  593  783 1063 1563 1843 1763 1953
667A Lytt  199504072 1783 1243 1033  773  563  523  803 1083 1243 1733 1943 1813
667A Lytt  199504081 1743 1503 1283  763  673  743  613 1033 1523 1613 1883 2293
667A Lytt  199504082 2023 1743 1603 1273  793  623  963  943 1123 1733 2003 2083
667A Lytt  199504091 2053 2033 1623 1213 1143  813  753  863 1313 1703 1833 2203
667A Lytt  199504092 2303 1993 1843 1633 1063  803  883  713  923 1493 1813 1893
667A Lytt  199504101 2153 2223 1713 1583 1183  943  613  623  983 1253 1503 1993
667A Lytt  199504102 2293 2103 2063 1823 1253  873  733  653  643 1073 1493 1818
667A Lytt  199504111 2048 2113 1978 1683 1433 1053  703  513  703  863 1263 1713
667A Lytt  199504112 2043 2213 2163 2053 1553 1163  853  593  513  773 1143 1523
667A Lytt  199504121 1783 2193 2313 2063 1773 1483  903  613  593  583  913 1403
667A Lytt  199504122 1893 1993 2233 2303 1893 1393 1033  753  383  543  793 1163
667A Lytt  199504131 1513 2123 2243 2183 2113 1713 1133  683  593  393  353  963
667A Lytt  199504132 1513 1763 2173 2343 2143 1713 1403  883  463  403  543  683
667A Lytt  199504141 1133 1883 2103 2223 2373 2123 1533 1023  743  323  253  603
667A Lytt  199504142  983 1403 1963 2263 2203 1953 1743 1133  583  393  243  303
667A Lytt  199504151  573 1373 1803 1963 2373 2313 1773 1493  853  413   83  263
667A Lytt  199504152  483  803 1533 1973 2073 2133 2003 1483  863  613  203   33
667A Lytt  199504161  223  783 1193 1673 2183 2313 2023 1853 1323  613  243  183
667A Lytt  199504162   53  223 1033 1543 1773 2173 2253 1753 1333  983  383 -110
667A Lytt  199504171  123  333  573 1333 1883 2173 2203 2253 1793 1043  693  293
667A Lytt  199504172  -60   23  453  993 1433 1903 2193 2053 1753 1493  783  283
667A Lytt  199504181  103  103  123  793 1463 1823 2123 2473 2163 1633 1243  763
667A Lytt  199504182  203   23  213  473 1043 1523 2053 2193 2173 1923 1373  823
667A Lytt  199504191  353  193  103  423  873 1523 1913 2303 2443 2183 1773 1283
667A Lytt  199504192  843  263  223  273  523 1093 1653 2053 2173 2323 1973 1363
667A Lytt  199504201  943  503  213  163  543  953 1383 2013 2393 2323 2173 1903
667A Lytt  199504202 1213  773  383  233  193  683 1113 1533 2103 2323 2153 1913
667A Lytt  199504211 1453 1053  413  203  353  553  933 1563 2043 2223 2363 2273
667A Lytt  199504212 1773 1313  903  453  223  403  743 1123 1633 2173 2313 2213
667A Lytt  199504221 1963 1533 1083  493  333  423  493 1013 1453 1993 2213 2323
667A Lytt  199504222 2243 1673 1353  863  333  263  393  623 1113 1573 2093 2123
667A Lytt  199504231 2093 1923 1413  853  503  363  123  633  983 1313 1753 2303
667A Lytt  199504232 2253 1833 1743 1313  613  283  343  223  623 1193 1653 1873
667A Lytt  199504241 2153 2233 1713 1393 1013  563  203  333  633  863 1333 2063
667A Lytt  199504242 2183 2043 2233 1743 1123  693  523  213  403  773 1273 1673
667A Lytt  199504251 2063 2353 2053 1783 1483  893  533  433  393  623  963 1633
667A Lytt  199504252 2043 2093 2273 2163 1563 1053  853  433  193  593 1003 1253
667A Lytt  199504261 1753 2263 2183 2073 2033 1533  883  733  523  463  643 1323
667A Lytt  199504262 1743 1863 2303 2413 1893 1573 1303  633  453  473  733  953
667A Lytt  199504271 1393 2113 2223 2163 2293 1923 1243 1033  663  393  493  830
667A Lytt  199504272 1283 1603 2073 2293 2053 1803 1553  973  543  493  573  553
667A Lytt  199504281  953 1653 1953 2023 2363 2023 1633 1233  883  503  313  683
667A Lytt  199504282  833 1253 1813 2093 2033 2073 1813 1223  873  613  453  453
667A Lytt  199504291  653 1253 1633 1793 2283 2263 1833 1653 1163  703  463  573
667A Lytt  199504292  673  883 1513 1913 1903 2103 2133 1503 1163  903  563  333
667A Lytt  199504301  563  873 1233 1573 2083 2163 1843 1923 1493  803  653  473
667A Lytt  199504302  443  573 1043 1593 1593 1913 2073 1683 1273 1053  723  233
667A Lytt  199505011  383  613  833 1133 1883 1963 1803 1923 1633 1053  603  643
667A Lytt  199505012  253  333  793 1113 1263 1693 1983 1623 1533 1323  843  363
667A Lytt  199505021  323  473  553  813 1543 1743 1763 1993 1763 1333  893  813
667A Lytt  199505022  433  183  573  843  963 1483 1893 1753 1703 1563 1093  663
667A Lytt  199505031  493  613  313  743 1303 1493 1683 2133 1913 1623 1443 1043
667A Lytt  199505032  803  373  583  743  883 1443 1763 1853 1963 1973 1613 1133
667A Lytt  199505041  923  803  513  683 1183 1413 1613 2133 2223 1953 1803 1613
667A Lytt  199505042  993  833  793  653  913 1293 1623 1773 2103 2103 1883 1613
667A Lytt  199505051 1233 1023  753  673  953 1223 1483 1923 2123 1993 1993 1863
667A Lytt  199505052 1333  983  823  693  643  983 1313 1543 1903 2053 1973 1743
667A Lytt  199505061 1413 1223  803  673  833  843 1173 1653 1813 1983 2083 1903
667A Lytt  199505062 1613 1223  893  703  573  643 1003 1223 1503 1853 2003 1803
667A Lytt  199505071 1563 1373  933  613  663  643  853 1233 1613 1803 1893 2013
667A Lytt  199505072 1733 1373 1133  813  493  473  713  923 1333 1633 1873 2033
667A Lytt  199505081 1733 1623 1243  833  773  583  593 1043 1413 1673 1873 2183
667A Lytt  199505082 2073 1673 1533 1203  573  573  673  763 1043 1483 1983 2083
667A Lytt  199505091 2093 2013 1643 1223 1063  863  593  903 1273 1453 1703 2333
667A Lytt  199505092 2303 2003 1973 1543  963  723  693  553  783 1303 1703 1803
667A Lytt  199505101 2143 2173 1813 1473 1233  783  433  623  683  993 1403 1813
667A Lytt  199505102 2103 2143 1933 1703 1173  833  533  263  493  803 1213 1553
667A Lytt  199505111 1903 2073 2033 1683 1423  963  513  483  353  593  993 1533
667A Lytt  199505112 1903 2183 2123 1953 1553 1043  763  343  283  533  863 1333
667A Lytt  199505121 1753 2163 2213 2073 1913 1333  823  583  343  343  613 1193
667A Lytt  199505122 1583 1984 2200 2178 1919 1488  981  539  284  253  433  843
667A Lytt  199505131 1343 1873 2173 2193 2153 1743 1183  793  433  113  233  663
667A Lytt  199505132 1153 1563 2033 2323 2173 1813 1383  833  403  203  283  433
667A Lytt  199505141  943 1583 2023 2183 2513 2293 1653 1233  783  233  103  373
667A Lytt  199505142  583 1253 1783 2193 2303 2223 1973 1303  743  473  273  173
667A Lytt  199505151  503 1203 1733 2043 2583 2633 2173 1923 1373  723  353  393
667A Lytt  199505152  403  813 1533 2003 2243 2473 2563 1923 1333  863  503  223
667A Lytt  199505161  143  773 1203 1703 2413 2653 2423 2383 1943 1213  673  443
667A Lytt  199505162  223  333  823 1473 1763 2333 2533 2233 2033 1313  883  443
667A Lytt  199505171  263  383  643 1323 1933 2363 2543 2753 2553 1903 1323  883
667A Lytt  199505172  423  313  523  933 1403 2053 2373 2513 2463 1973 1453  933
667A Lytt  199505181  503  283  453  803 1483 1893 2483 2793 2713 2403 1923 1453
667A Lytt  199505182  813  493  343  563  933 1483 2003 2313 2503 2423 1993 1513
667A Lytt  199505191  943  533  383  283  923 1223 1863 2373 2473 2483 2273 1803
667A Lytt  199505192 1263  733  463  263  433  963 1353 1833 2253 2433 2303 1803
667A Lytt  199505201 1313  913  393  203  393  713  973 1783 2173 2083 2413 2103
667A Lytt  199505202 1593 1033  623  293   83  333  633 1193 1633 2043 2133 2073
667A Lytt  199505211 1623 1163  803  253  243  253  603 1003 1573 1873 1983 2143
667A Lytt  199505212 1973 1353  953  573  103  103  363  623 1153 1653 2023 2093
667A Lytt  199505221 1973 1683 1063  703  533  103  293  673 1063 1383 1933 2113
667A Lytt  199505222 2043 1883 1513  943  493  403  123  343  853 1213 1663 2053
667A Lytt  199505231 2123 1963 1623 1193  823  513  273  493  743 1023 1533 1893
667A Lytt  199505232 2073 2103 1903 1343 1023  613  293  353  443  933 1363 1813
667A Lytt  199505241 1983 2163 2043 1663 1413  893  543  503  553  753 1183 1733
667A Lytt  199505242 1943 2063 2083 1883 1283  963  633  223  373  573 1073 1363
667A Lytt  199505251 1813 2103 2153 1853 1713 1273  723  653  423  463  813 1273
667A Lytt  199505252 1743 1933 2073 2073 1683 1263  933  533  403  493  723 1143
667A Lytt  199505261 1543 1973 2243 2013 2193 1623 1113 1033  573  403  653 1143
667A Lytt  199505262 1303 1723 2173 2053 1943 1823 1263  823  693  513  563  923
667A Lytt  199505271 1403 1663 2003 2283 2233 1753 1563 1233  653  543  563  633
667A Lytt  199505272 1163 1563 1883 2033 2193 2013 1553 1243  923  703  553  773
667A Lytt  199505281 1143 1483 1833 2343 2293 2163 1973 1613  983  793  823  573
667A Lytt  199505282  983 1413 1693 2013 2203 2313 1873 1583 1293  993  733  753
667A Lytt  199505291 1043 1263 1733 2103 2413 2293 2343 1903 1543 1123  833  783
667A Lytt  199505292  853 1223 1553 1853 2093 2263 2113 1813 1523 1133  753  763
667A Lytt  199505301  753 1043 1383 1773 2087 2270 2264 2066 1712 1302  964  757
667A Lytt  199505302  695  841 1170 1541 1858 2081 2150 2019 1721 1347 1012  782
667A Lytt  199505311  691  806 1133 1413 2043 2103 2243 2303 1813 1513 1163  813
667A Lytt  199505312  693  723  903 1263 1633 2023 2013 2123 2033 1653 1303 1053
667A Lytt  199506011  753  793  903 1263 1763 1913 2193 2313 2083 1743 1473 1053
667A Lytt  199506012  763  763  753  973 1393 1823 1873 2173 2193 1833 1643 1253
667A Lytt  199506021  893  803  823 1003 1433 1833 2073 2293 2323 2023 1643 1313
667A Lytt  199506022 1003  703  643  783 1093 1523 1613 1953 2103 1883 1753 1393
667A Lytt  199506031  883  713  653  623 1023 1393 1723 2073 2153 2043 1793 1573
667A Lytt  199506032 1183  853  713  563  873 1173 1463 1813 2123 1993 1973 1623
667A Lytt  199506041 1223  983  693  673  843 1153 1523 1743 2133 2093 1953 1793
667A Lytt  199506042 1423 1093  743  603  693  953 1073 1583 1893 1933 2083 1683
667A Lytt  199506051 1543 1143  733  603  603  803 1093 1493 1893 1913 2043 1983
667A Lytt  199506052 1653 1253 1003  623  523  723  843 1263 1603 1973 2113 2063
667A Lytt  199506061 1823 1523 1123  833  763  593  993 1223 1583 1893 1973 2083
667A Lytt  199506062 1853 1623 1153  943  663  663  763 1083 1523 1793 2043 2233
667A Lytt  199506071 1993 1803 1403 1093  913  663  643 1053 1323 1603 1973 2263
667A Lytt  199506072 2023 2033 1453 1023  853  673  303  683 1153 1343 1783 2183
667A Lytt  199506081 2093 2013 1663 1363  953  633  513  703  963 1343 1613 2013
667A Lytt  199506082 2333 2103 1793 1513 1053  733  383  513  813 1093 1643 2023
667A Lytt  199506091 2213 2323 2183 1633 1453  913  533  513  693  963 1363 1793
667A Lytt  199506092 2153 2293 2083 1863 1383  903  483  313  413  653 1153 1703
667A Lytt  199506101 1893 2273 2283 1893 1793 1093  643  433  313  363  823 1403
667A Lytt  199506102 1713 2133 2313 2033 1733 1343  693  333  293  273  673 1183
667A Lytt  199506111 1613 2123 2363 2253 2093 1633 1063  663  323  223  343  963
667A Lytt  199506112 1373 1873 2333 2293 2133 1863 1273  653  403  273  293  743
667A Lytt  199506121 1343 1803 2233 2523 2453 2133 1623 1063  513  223  123  353
667A Lytt  199506122  923 1473 1903 2343 2293 2103 1603 1033  623  133  113  283
667A Lytt  199506131  563 1103 1843 2163 2543 2413 2053 1613  823  443   93   23
667A Lytt  199506132  293  903 1383 1933 2183 2393 1983 1563 1093  443  233   33
667A Lytt  199506141  243  593 1293 1833 2393 2473 2573 2133 1463 1083  373  103
667A Lytt  199506142   73  383  893 1453 2043 2443 2263 2223 1773  923  643  283
667A Lytt  199506151    0  293  773 1293 1983 2463 2623 2613 2163 1543 1023  463
667A Lytt  199506152  203  233  403  963 1593 2073 2303 2473 2203 1693 1223  593
667A Lytt  199506161  233   83  343  663 1433 1963 2403 2613 2453 2153 1433 1063
667A Lytt  199506162  473  223  203  403  963 1603 1923 2323 2513 2023 1723 1183
667A Lytt  199506171  583  283  123  413  783 1333 1923 2343 2473 2363 2033 1433
667A Lytt  199506172  963  533  223  193  573 1023 1403 1993 2413 2293 2173 1863
667A Lytt  199506181 1063  753  293  303  553  843 1453 1943 2313 2383 2313 2013
667A Lytt  199506182 1523 1003  583  323  283  603 1043 1553 2033 2263 2373 2083
667A Lytt  199506191 1643 1213  773  323  463  603  943 1433 1923 2273 2323 2263
667A Lytt  199506192 1963 1563  943  643  523  383  633 1203 1603 1933 2423 2353
667A Lytt  199506201 1983 1713 1283  813  543  533  723 1023 1493 2013 2163 2283
667A Lytt  199506202 2343 1793 1373 1083  513  453  383  733 1243 1613 2023 2293
667A Lytt  199506211 2193 2043 1653 1153  893  553  533  703 1113 1423 1743 2163
667A Lytt  199506212 2323 2023 1743 1363  923  503  353  543  753 1123 1693 2023
667A Lytt  199506221 2093 2233 1843 1503 1163  743  623  513  773 1133 1283 1863
667A Lytt  199506222 2093 2093 1943 1613 1173  893  483  333  543  843 1253 1593
667A Lytt  199506231 1923 2243 1903 1763 1583  943  763  563  533  603 1113 1443
667A Lytt  199506232 1813 2053 2073 1793 1503 1213  653  553  503  533  993 1393
667A Lytt  199506241 1693 2003 2213 1963 1833 1403 1103  743  513  603  823 1123
667A Lytt  199506242 1573 1973 1983 2093 1813 1433 1083  633  633  463  803 1113
667A Lytt  199506251 1503 1903 2123 2163 2113 1833 1283 1073  813  523  643 1013
667A Lytt  199506252 1343 1653 2053 2083 2043 1933 1403 1003  883  573  753  933
667A Lytt  199506261 1363 1683 2153 2183 2293 2033 1763 1423  913  690  613  743
667A Lytt  199506262 1063 1440 1778 2020 2109 2003 1710 1317  960  721  619  710
667A Lytt  199506271 1014 1424 1820 2126 2274 2233 2153 1693 1253  933  733  653
667A Lytt  199506272  853 1283 1593 1943 2173 2193 1963 1623 1353  873  823  683
667A Lytt  199506281  783 1253 1603 2043 2383 2323 2353 2103 1443 1203  953  733
667A Lytt  199506282  693 1023 1463 1663 2003 2253 2093 1823 1653 1103  883  783
667A Lytt  199506291  693  803 1323 1763 2143 2253 2363 2138 1753 1453 1063  693
667A Lytt  199506292  713  873 1043 1453 1973 2153 2143 2203 1953 1383 1173  813
667A Lytt  199506301  623  563 1093 1473 1783 2083 2413 2093 1923 1643 1043  733
667A Lytt  199506302  693  573  643 1103 1503 1813 1933 2033 2003 1393 1263  873
667A Lytt  199507011  463  523  763  903 1423 1863 2033 2263 2043 1753 1343  953
667A Lytt  199507012  643  553  473  773 1213 1583 1743 1903 2163 1743 1383 1113
667A Lytt  199507021  763  393  583  753 1153 1443 1983 2143 2033 2003 1623 1213
667A Lytt  199507022  923  693  453  563  993 1373 1493 2033 2183 1863 1773 1403
667A Lytt  199507031 1042  729  569  611  865 1264 1666 1979 2164 2158 1951 1606
667A Lytt  199507032 1205  836  599  539  683 1013 1410 1753 2013 2131 2023 1593
667A Lytt  199507041 1253  933  543  473  543  873 1303 1583 2053 2113 1883 1883
667A Lytt  199507042 1473 1013  573  593  313  773 1013 1443 1913 1973 2233 2033
667A Lytt  199507051 1583 1333  953  543  593  793 1063 1363 1943 2133 2073 2083
667A Lytt  199507052 1833 1443  973  703  483  623  793 1263 1603 1933 2293 2363
667A Lytt  199507061 1903 1663 1443  783  583  733  783 1013 1683 1903 2203 2313
667A Lytt  199507062 2193 1863 1353 1063  713  583  533 1033 1303 1723 2313 2243
667A Lytt  199507071 2243 2213 1643 1233  943  723  613  873 1283 1653 2043 2393
667A Lytt  199507072 2343 2113 1963 1363 1013  763  543  783 1043 1463 2053 2363
667A Lytt  199507081 2423 2573 2133 1733 1443  793  723  723  933 1313 1513 2213
667A Lytt  199507082 2493 2293 2293 1863 1353 1033  643  433  713 1023 1593 2053
667A Lytt  199507091 2243 2663 2393 2153 1773 1223  843  593  523  873 1183 1643
667A Lytt  199507092 2193 2403 2513 2153 1753 1413  773  583  493  573 1153 1563
667A Lytt  199507101 2033 2463 2623 2343 2203 1823 1093  793  553  383  713 1233
667A Lytt  199507102 1723 2243 2473 2423 2283 1733 1113  783  323  293  613  843
667A Lytt  199507111 1483 2093 2283 2663 2433 2023 1543  943  543  143  173  663
667A Lytt  199507112  893 1468 1937 2223 2249 1983 1494  929  449  159  104  333
667A Lytt  199507121  840 1472 2047 2464 2633 2383 2123 1363  883  393   13  273
667A Lytt  199507122  483 1083 1713 2233 2483 2523 2183 1653 1073  453  383   13
667A Lytt  199507131  523  923 1663 2063 2593 2723 2413 2133 1503  823  343  243
667A Lytt  199507132  273  523 1193 1813 2113 2593 2473 2073 1703 1013  583  163
667A Lytt  199507141  193  443 1033 1473 2293 2533 2633 2563 2103 1393  803  523
667A Lytt  199507142  193  293  643 1333 1803 2263 2633 2503 2173 1663 1173  653
667A Lytt  199507151  293  313  523 1123 1733 2293 2643 2703 2673 2073 1453 1023
667A Lytt  199507152  583  313  443  883 1303 1903 2373 2623 2543 2233 1813 1113
667A Lytt  199507161  893  453  403  703 1323 1873 2253 2753 2693 2423 2023 1503
667A Lytt  199507162  903  603  463  453  773 1533 1873 2173 2553 2503 2023 1653
667A Lytt  199507171 1173  633  323  463  773 1103 1783 2223 2313 2563 2283 1773
667A Lytt  199507172 1323  893  383  373  363  863 1263 1803 2163 2203 2323 1963
667A Lytt  199507181 1403 1073  583  313  473  683 1163 1603 2043 2133 2263 2043
667A Lytt  199507182 1543 1223  803  433  293  523  793 1363 1763 2063 2353 2253
667A Lytt  199507191 1813 1443 1123  613  523  553  833 1173 1653 2073 2033 2223
667A Lytt  199507192 2063 1643 1203  883  513  443  733  983 1413 1923 2243 2243
667A Lytt  199507201 2233 1883 1483  983  773  603  543  873 1493 1483 1873 2303
667A Lytt  199507202 2173 1993 1623 1253  723  673  513  783 1133 1583 2033 1983
667A Lytt  199507211 2413 2183 1723 1533 1173  813  663  923 1003 1203 1953 2233
667A Lytt  199507212 2103 2183 2113 1603 1163 1083  683  643  843 1273 1653 1903
667A Lytt  199507221 2273 2363 2113 1863 1603 1033  923  773  813 1063 1413 1863
667A Lytt  199507222 2073 2243 2203 1913 1483 1173  783  643  693  923 1233 1763
667A Lytt  199507231 1973 2193 2283 1933 1723 1303  893  833  633  763 1093 1483
667A Lytt  199507232 1823 2043 2113 2103 1823 1393 1053  833  673  703 1203 1373
667A Lytt  199507241 1833 2263 2283 2143 2143 1733 1283 1013  793  833  723 1333
667A Lytt  199507242 1733 1753 2293 2323 2003 1773 1313 1063  783  613  963 1043
667A Lytt  199507251 1523 1983 2113 2173 2363 1783 1463 1223  803  523  683  843
667A Lytt  199507252 1233 1653 1963 2013 2003 1903 1393 1083  763  583  563  683
667A Lytt  199507261 1163 1553 1943 2083 2163 2073 1843 1203 1033  653  453  653
667A Lytt  199507262  883 1253 1703 1913 1953 2103 1523 1353  943  533  503  513
667A Lytt  199507271  733 1143 1693 1873 2253 2093 1833 1633 1083  773  393  483
667A Lytt  199507272  643  893 1353 1843 1833 2003 1983 1523 1093  783  643  313
667A Lytt  199507281  623  893 1433 1713 2103 2243 2113 1763 1593  913  583  513
667A Lytt  199507282  503  683 1143 1593 1753 2073 1963 1873 1343  963  893  273
667A Lytt  199507291  353  723  873 1373 2003 2023 2053 2073 1683 1153  703  553
667A Lytt  199507292  433  403  763 1313 1523 1893 2143 1883 1633 1263  893  403
667A Lytt  199507301  373  403  503 1043 1583 1853 2003 2083 1883 1393  843  803
667A Lytt  199507302  263  213  483  743 1143 1613 1853 1863 1773 1583  993  533
667A Lytt  199507311  353  133  353  673 1313 1423 1893 2093 1953 1623 1213  873
667A Lytt  199507312  383  273  313  413  933 1473 1573 1883 2083 1673 1353 1043
667A Lytt  199508011  533  293  213  413  793 1213 1593 2033 1993 1783 1503 1163
667A Lytt  199508012  733  313  343  353  543 1043 1293 1733 2033 1793 1803 1203
667A Lytt  199508021  903  673  293  333  403  923 1333 1643 2043 1933 1793 1513
667A Lytt  199508022  983  643  403  263  333  683  953 1583 1833 1913 2053 1683
667A Lytt  199508031 1203  943  503  183  363  593  853 1383 1873 1763 1913 1903
667A Lytt  199508032 1373  883  643  423  123  383  693 1093 1543 1903 2043 1953
667A Lytt  199508041 1603 1223  873  263  373  293  533  973 1493 1733 1883 2133
667A Lytt  199508042 1723 1333 1003  653  153  263  423  673 1133 1713 1983 2023
667A Lytt  199508051 1983 1613 1153  743  513  293  273  673 1013 1313 1693 2143
667A Lytt  199508052 1993 1653 1493  893  443  213  143  323  743 1213 1743 1963
667A Lytt  199508061 2103 2033 1653 1213  863  313  223  323  583  953 1353 1923
667A Lytt  199508062 2073 1883 1863 1323  743  503   63  133  293  853 1303 1583
667A Lytt  199508071 2203 2283 1933 1683 1373  593  313  203  213  483  933 1563
667A Lytt  199508072 1923 2023 2183 1863 1283  943  343  223  103  433  963 1383
667A Lytt  199508081 1953 2353 2373 2273 1943 1393  823  513  293  293  593 1213
667A Lytt  199508082 1673 2083 2393 2423 1883 1513  993  463  233  203  683  923
667A Lytt  199508091 1533 2143 2533 2383 2473 1953 1263  823  523  113  253  803
667A Lytt  199508092 1123 1693 2263 2463 2143 2113 1523  713  423  133  233  323
667A Lytt  199508101  973 1523 2083 2413 2453 2333 1793 1183  813  133  -20  293
667A Lytt  199508102  633 1083 1773 2213 2343 2233 1993 1263  693  453   43    3
667A Lytt  199508111  433  963 1463 2023 2533 2363 2143 1863 1083  623   33  113
667A Lytt  199508112  143  503 1193 1803 2073 2333 2273 1723 1273  693  223  -30
667A Lytt  199508121    0  413  953 1463 2033 2383 2293 2183 1643  903  403  133
667A Lytt  199508122   43   53  623 1253 1653 2133 2333 2083 1753 1263  713  153
667A Lytt  199508131   53  283  273  983 1783 2013 2263 2483 2083 1463  903  603
667A Lytt  199508132  -50  123  403  613 1243 1863 2233 2153 2183 1743 1183  613
667A Lytt  199508141  353  113  253  563 1143 1623 2053 2353 2213 1903 1373 1013
667A Lytt  199508142  323   93  193  403  723 1383 1753 2023 2233 2003 1663 1043
667A Lytt  199508151  713  263  153  213  783 1063 1523 2053 2153 1983 1713 1323
667A Lytt  199508152  763  333  163  193  293  753 1343 1673 1993 2093 1943 1453
667A Lytt  199508161 1063  673  283  153  403  823 1123 1573 1953 2003 1873 1693
667A Lytt  199508162 1203  763  533  363  263  553 1003 1433 1743 2033 2143 1733
667A Lytt  199508171 1533 1083  703  403  473  573  853 1383 1753 2013 1973 2173
667A Lytt  199508172 1833 1343 1033  643  393  543  913 1233 1583 1853 2233 1893
667A Lytt  199508181 2173 1593 1193  893  813  643  683 1343 1413 1783 2103 2073
667A Lytt  199508182 1953 1643 1403  923  463  623  563  793 1233 1673 1943 2003
667A Lytt  199508191 2143 1923 1483 1093  993  643  543  903 1063 1413 1623 2033
667A Lytt  199508192 1983 1783 1683 1353  783  663  603  613  913 1383 1843 1813
667A Lytt  199508201 2133 2203 1633 1513 1183  743  563  683  813 1083 1433 1773
667A Lytt  199508202 1993 1853 1973 1553 1073  863  763  463  693 1163 1413 1693
667A Lytt  199508211 2053 2223 1883 1723 1543 1023  763  763  733  813 1223 1633
667A Lytt  199508212 1883 1863 2093 1823 1303 1173  703  593  553  663 1063 1433
667A Lytt  199508221 1633 2063 2003 1733 1663 1223  723  633  553  483  743 1273
667A Lytt  199508222 1453 1733 2053 1793 1563 1273  883  523  373  453  733  993
667A Lytt  199508231 1433 1943 1873 1893 1943 1473 1023  643  633  413  433 1013
667A Lytt  199508232 1363 1523 2003 2133 1713 1603 1223  773  413  613  573  753
667A Lytt  199508241 1253 1783 1783 2003 2183 1793 1243 1033  783  263  533  513
667A Lytt  199508242  973 1343 2033 1963 1883 1823 1503  993  573  543  413  493
667A Lytt  199508251  893 1363 1733 2033 2173 2023 1603 1363  803  343  383  473
667A Lytt  199508252  613 1003 1603 1933 1813 2013 1723 1223  803  523  293  283
667A Lytt  199508261  493 1033 1423 1793 2014 2023 1813 1603 1023  533  333  393
667A Lytt  199508262  273  653 1263 1703 1693 1933 1943 1403 1043  803  253   93
667A Lytt  199508271  323  633  853 1553 1903 1993 1983 1763 1273  753  353  273
667A Lytt  199508272  213  393  933 1453 1663 2053 2173 1723 1363 1123  553  213
667A Lytt  199508281  293  333  613 1173 1743 2143 2153 2183 1843 1293  973  653
667A Lytt  199508282  403  493  873 1293 1683 2083 2333 2243 1913 1643 1153  533
667A Lytt  199508291  433  393  533  963 1573 1883 2153 2313 2023 1603 1183  743
667A Lytt  199508292  423  253  523  833 1233 1733 2083 2103 2193 1923 1333  893
667A Lytt  199508301  663  293  293  653 1153 1493 1863 2343 2113 1823 1643 1083
667A Lytt  199508302  593  413  383  543  833 1373 1803 2213 2203 2293 1753 1353
667A Lytt  199508311  903  583  263  423  793 1113 1433 2153 2083 1983 2053 1373
667A Lytt  199508312  903  603  403  273  473  983 1463 1713 2163 2353 2053 1803
667A Lytt  199509011 1333  873  393  443  533  673 1213 1773 2093 2123 2333 1923
667A Lytt  199509012 1393 1113  723  343  403  773 1003 1453 1963 2253 2283 2123
667A Lytt  199509021 1743 1163  873  523  353  493  753 1313 1593 1893 2183 2103
667A Lytt  199509022 1743 1273 1003  443  293  283  593  983 1363 2003 2133 2123
667A Lytt  199509031 2153 1653 1113  843  333  243  343  773 1083 1453 1913 2163
667A Lytt  199509032 1843 1713 1433  693  433  313  243  463  923 1523 1873 2153
667A Lytt  199509041 2263 2143 1653 1203  783  423  243  433  743 1093 1693 2103
667A Lytt  199509042 2143 2113 1933 1523  773  603  343  243  593 1193 1483 1933
667A Lytt  199509051 2393 2373 2043 1883 1273  723  413  453  403  723 1333 1863
667A Lytt  199509052 2103 2403 2323 1883 1483  993  543  353  443  713 1083 1703
667A Lytt  199509061 2133 2533 2383 2253 1923 1403  813  573  503  413  923 1483
667A Lytt  199509062 1823 2283 2603 2463 2043 1553 1203  753  443  703  943 1313
667A Lytt  199509071 2053 2533 2643 2893 2593 2123 1523 1133  793  433  703 1063
667A Lytt  199509072 1503 2083 2563 2703 2403 2083 1593  933  503  443  393  663
667A Lytt  199509081 1293 1883 2193 2593 2583 2193 1803 1193  723  403  223  453
667A Lytt  199509082  843 1483 2023 2303 2483 2303 1733 1313  723  453  303  243
667A Lytt  199509091  673 1213 1663 2243 2483 2343 2113 1713  893  443  293  113
667A Lytt  199509092  283  803 1433 1893 2203 2263 2043 1653  983  583  263    0
667A Lytt  199509101  173  573 1093 1683 2033 2253 2193 1813 1373  713  283   33
667A Lytt  199509102   73  253  823 1443 1793 2043 2223 1983 1343 1053  513   93
667A Lytt  199509111   53  213  563 1163 1683 1933 2143 2103 1593 1053  683  203
667A Lytt  199509112  -70   73  373  853 1383 1823 2043 2133 1873 1403  993  313
667A Lytt  199509121  203  133  273  703 1253 1583 1973 2123 1913 1543 1043  673
667A Lytt  199509122  273   93  233  583  993 1463 1993 2073 1953 1973 1233  823
667A Lytt  199509131  543  193  223  343  883 1333 1583 1983 2133 1653 1463 1063
667A Lytt  199509132  523  313  223  343  603 1073 1563 1843 2013 2093 1713 1223
667A Lytt  199509141  923  583  183  343  603  963 1293 1763 1953 1843 1793 1373
667A Lytt  199509142  953  623  353  393  493  783 1323 1673 1833 2133 2073 1553
667A Lytt  199509151 1283  923  513  443  443  793 1083 1453 1793 1953 1983 1753
667A Lytt  199509152 1433 1003  733  433  513  563  963 1383 1623 2003 1973 1853
667A Lytt  199509161 1603 1133  873  533  413  533  803 1043 1443 1663 1873 1853
667A Lytt  199509162 1593 1363  953  683  493  423  713 1033 1323 1683 1893 2023
667A Lytt  199509171 1763 1463 1193  823  513  453  573  843 1143 1453 1753 1783
667A Lytt  199509172 1783 1583 1183  953  603  433  443  743 1003 1383 1753 1833
667A Lytt  199509181 1883 1713 1393 1023  713  503  373  603  833 1113 1483 1713
667A Lytt  199509182 1843 1643 1483 1173  793  523  383  543  763 1043 1453 1783
667A Lytt  199509191 1903 1833 1713 1363  983  643  523  393  643  913 1283 1563
667A Lytt  199509192 1783 1893 1763 1533 1093  733  533  513  523  933 1253 1573
667A Lytt  199509201 1863 2063 1863 1653 1393  923  603  483  513  663  973 1413
667A Lytt  199509202 1673 1853 1933 1723 1383 1003  693  463  383  703  983 1303
667A Lytt  199509211 1803 2053 2023 2033 1673 1253  903  513  513  543  823 1213
667A Lytt  199509212 1603 1833 2083 2083 1743 1383 1003  733  403  663  773 1113
667A Lytt  199509221 1653 2043 2213 2243 2063 1673 1233  803  573  553  673  883
667A Lytt  199509222 1533 1783 2143 2273 2123 1763 1443  973  553  513  593  793
667A Lytt  199509231 1273 1683 2103 2223 2103 2003 1493 1053  693  363  463  683
667A Lytt  199509232 1033 1513 1973 2183 2203 2023 1583 1203  653  523  453  453
667A Lytt  199509241  923 1373 1863 2213 2263 2173 1833 1243  823  343  363  443
667A Lytt  199509242  563 1213 1793 2033 2253 2243 2033 1543 1053  773  303  283
667A Lytt  199509251  633  913 1443 1933 2153 2183 2023 1633 1013  603  353   93
667A Lytt  199509252  293  683 1143 1553 1993 2153 1963 1733 1223  783  313   63
667A Lytt  199509261  133  303  903 1383 1783 2033 2073 1753 1343  853  393  133
667A Lytt  199509262    3  273  653 1243 1643 1913 2183 1923 1573 1083  553  223
667A Lytt  199509271    0   43  423  993 1423 1833 2163 2013 1753 1293  733  313
667A Lytt  199509272  123  103  303  913 1323 1773 2083 2163 2003 1693 1063  563
667A Lytt  199509281  333   43  213  703 1073 1583 2063 2143 2033 1783 1183  713
667A Lytt  199509282  333   83  153  463  993 1413 1903 2203 2213 2123 1683 1073
667A Lytt  199509291  623  373  193  293  803 1193 1773 2083 2193 2063 1793 1213
667A Lytt  199509292  713  393  183  193  513 1033 1453 1943 2163 2263 2013 1533
667A Lytt  199509301 1033  563  333  183  363  743 1223 1663 2063 2113 2023 1773
667A Lytt  199509302 1113  671  329  157  226  562 1058 1557 1987 2283 2263 1983
667A Lytt  199510011 1673 1043  623  383  143  383  833 1173 1703 2053 2083 2043
667A Lytt  199510012 1633 1183  713  383  153  293  603  973 1573 2033 2163 2163
667A Lytt  199510021 2093 1523 1063  713  263  223  453  823 1143 1753 2103 2153
667A Lytt  199510022 2003 1723 1343  703  443  293  263  593 1173 1663 1943 2233
667A Lytt  199510031 2393 1923 1623 1233  593  303  343  453  773 1253 1833 2143
667A Lytt  199510032 2103 1967 1639 1207  761  416  268  370  710 1183 1743 2163
667A Lytt  199510041 2403 2373 2163 1673 1213  763  423  373  533  863 1503 1923
667A Lytt  199510042 2283 2393 2353 1903 1383  933  573  323  503  853 1223 1783
667A Lytt  199510051 2353 2373 2403 2243 1693 1053  773  553  243  563 1043 1503
667A Lytt  199510052 1913 2383 2433 2223 1943 1393  843  513  413  473  793 1303
667A Lytt  199510061 1893 2203 2403 2463 2033 1593 1183  573  353  383  463  993
667A Lytt  199510062 1543 2003 2323 2403 2173 1813 1233  733  493  343  403  783
667A Lytt  199510071 1413 1763 2153 2483 2233 1893 1583  903  433  343  283  503
667A Lytt  199510072  993 1643 2003 2233 2413 2103 1623 1203  663  423  343  483
667A Lytt  199510081  843 1353 1993 2233 2313 2313 1903 1343  883  503  323  293
667A Lytt  199510082  673 1223 1673 2113 2413 2353 2093 1663 1153  733  433  303
667A Lytt  199510091  483 1013 1513 1973 2283 2403 2233 1813 1353  883  573  313
667A Lytt  199510092  523  893 1293 1863 2223 2343 2403 2153 1603 1153  743  493
667A Lytt  199510101  453  813 1253 1643 2083 2423 2423 2193 1803 1313  923  513
667A Lytt  199510102  383  583  873 1553 1883 2233 2393 2313 1973 1513 1143  673
667A Lytt  199510111  453  563  773 1263 1633 2063 2333 2213 1923 1623 1123  673
667A Lytt  199510112  503  443  603 1113 1583 1843 2233 2363 2153 1833 1346  883
667A Lytt  199510121  603  463  633  873 1243 1693 2063 2263 2053 1863 1473  983
667A Lytt  199510122  623  523  383  713 1123 1483 1773 2133 2223 1923 1613 1223
667A Lytt  199510131  763  463  533  563  833 1333 1683 1963 1973 2073 1713 1173
667A Lytt  199510132  933  673  373  473  853 1153 1443 1973 2243 2103 1873 1603
667A Lytt  199510141 1163  863  493  603  563 1023 1463 1643 1943 2193 2013 1663
667A Lytt  199510142 1223 1043  603  623  783  963 1303 1793 2073 2233 2143 1913
667A Lytt  199510151 1563 1153  933  673  723  953 1173 1573 1863 2003 2113 1863
667A Lytt  199510152 1603 1323  903  873  653  823 1093 1483 1873 2073 2173 2173
667A Lytt  199510161 1893 1513 1263  903  853  813 1033 1383 1543 1913 2093 1893
667A Lytt  199510162 1843 1453 1313  873  693  683  853 1183 1563 1853 2093 2103
667A Lytt  199510171 2053 1693 1393 1043  833  643  733 1003 1213 1603 1803 2113
667A Lytt  199510172 1913 1793 1463 1033  833  653  593  813 1223 1493 1813 2033
667A Lytt  199510181 2103 1843 1543 1373  813  693  583  703  833 1333 1663 1843
667A Lytt  199510182 2063 1883 1713 1233 1053  693  543  503  893 1093 1423 1893
667A Lytt  199510191 1963 1953 1743 1463 1033  663  573  493  513 1023 1433 1533
667A Lytt  199510192 1893 2073 1783 1533 1353  763  573  543  613  843 1233 1683
667A Lytt  199510201 1893 1983 1983 1623 1313  913  533  453  393  613 1043 1383
667A Lytt  199510202 1823 2033 1983 1863 1433 1283  613  433  553  543  873 1353
667A Lytt  199510211 1813 1943 2083 1943 1673 1173  793  493  303  503  693 1093
667A Lytt  199510212 1593 1933 2063 2083 1883 1423  953  633  483  443  583 1063
667A Lytt  199510221 1523 1873 2163 2243 2023 1613 1293  673  523  393  533  813
667A Lytt  199510222 1353 1833 2073 2303 2183 1913 1363  913  603  423  313  683
667A Lytt  199510231 1203 1563 2003 2363 2163 1913 1643 1023  513  463  343  353
667A Lytt  199510232  863 1573 1853 2123 2413 2113 1743 1273  833  443  253  383
667A Lytt  199510241  703 1173 1713 2113 2223 2183 1973 1343  753  523  243  103
667A Lytt  199510242  493  953 1503 1913 2343 2313 1993 1743 1173  583  373  213
667A Lytt  199510251  243  813 1293 1683 2163 2313 2113 1803 1253  743  413   63
667A Lytt  199510252  233  513 1063 1643 2023 2413 2323 2003 1753 1013  523  293
667A Lytt  199510261  113  263  713 1383 1773 2093 2373 2163 1663 1243  723  333
667A Lytt  199510262   43  263  633 1163 1733 2213 2353 2383 2113 1573 1053  573
667A Lytt  199510271  243  153  383  873 1393 1853 2253 2273 2093 1753 1123  673
667A Lytt  199510272  333  123  273  663 1333 1763 2163 2543 2403 2053 1603 1073
667A Lytt  199510281  593  223  243  413  903 1403 1943 2203 2253 2193 1713 1073
667A Lytt  199510282  703  313  103  273  713 1283 1733 2213 2413 2323 2083 1553
667A Lytt  199510291 1033  553  273  143  483  953 1313 1883 2173 2343 2143 1563
667A Lytt  199510292 1193  733  283  173  423  763 1173 1823 2273 2273 2443 2013
667A Lytt  199510301 1423 1083  553  183  193  443  893 1323 1893 2263 2253 2103
667A Lytt  199510302 1703 1213  793  373  313  563  773 1353 1913 2103 2313 2423
667A Lytt  199510311 1963 1593 1153  603  293  343  683  923 1543 2013 2303 2373
667A Lytt  199510312 2133 1763 1313  743  543  303  453  813 1433 1743 2103 2503
667A Lytt  199511011 2213 1983 1663 1003  543  363  303  473  923 1513 1863 2173
667A Lytt  199511012 2343 2023 1663 1243  783  343  293  473  723 1243 1763 2153
667A Lytt  199511021 2243 2173 1993 1453  823  533  333  123  453 1023 1463 1693
667A Lytt  199511022 2363 2193 1923 1743 1213  723  313  363  453  673 1403 1793
667A Lytt  199511031 1963 2373 2263 1793 1413  993  493  373  263  703 1013 1453
667A Lytt  199511032 2043 2233 2253 2163 1693 1213  803  533  423  633 1043 1423
667A Lytt  199511041 1873 2373 2333 2243 1983 1363  943  593  403  443  683 1303
667A Lytt  199511042 1713 2073 2433 2413 2163 1783 1223  803  623  433  623 1043
667A Lytt  199511051 1493 1973 2183 2393 2193 1883 1363  903  593  483  463  883
667A Lytt  199511052 1373 1803 2213 2453 2403 2153 1683 1183  843  523  513  683
667A Lytt  199511061 1073 1603 1983 2153 2353 2113 1643 1233  743  463  373  423
667A Lytt  199511062  793 1273 1813 2113 2263 2183 1863 1413  963  633  393  303
667A Lytt  199511071  693 1103 1483 1913 2213 2053 1913 1523  983  623  403  273
667A Lytt  199511072  473  873 1423 1753 2103 2273 2033 1783 1393  863  563  403
667A Lytt  199511081  433  753 1193 1603 1933 2133 2073 1733 1383  973  553  353
667A Lytt  199511082  453  463 1093 1653 1853 2243 2293 2003 1763 1293  803  573
667A Lytt  199511091  483  603  823 1433 1833 1983 2153 2103 1753 1343  953  593
667A Lytt  199511092  533  523  803 1313 1693 2003 2303 2153 1973 1623 1143  813
667A Lytt  199511101  563  633  613 1023 1513 1843 2083 2073 2083 1713 1253  903
667A Lytt  199511102  693  543  763 1083 1433 1933 2203 2193 2243 1933 1523 1073
667A Lytt  199511111  883  643  613  873 1263 1653 1853 2293 2163 1833 1793 1153
667A Lytt  199511112  893  643  633  883 1033 1623 1943 2223 2233 2123 1863 1463
667A Lytt  199511121 1013  813  603  703 1033 1253 1643 1913 2063 1993 1813 1403
667A Lytt  199511122 1043  673  583  663  743 1243 1633 1803 2093 2133 1973 1573
667A Lytt  199511131 1223 1093  553  483  823  913 1223 1663 1913 1953 1973 1663
667A Lytt  199511132 1333  933  763  673  563 1043 1243 1583 1963 2043 2003 1843
667A Lytt  199511141 1553 1083  763  593  653  633  993 1343 1613 1853 1933 1793
667A Lytt  199511142 1533 1123  893  613  473  743  893 1283 1623 1953 1963 2013
667A Lytt  199511151 1703 1383 1123  673  583  523  783 1003 1353 1683 1923 1863
667A Lytt  199511152 1733 1463 1043  863  533  543  683 1003 1363 1673 1953 2003
667A Lytt  199511161 1883 1693 1383  943  623  513  663  743 1153 1543 1763 1953
667A Lytt  199511162 1943 1683 1393 1083  723  573  553  753 1093 1443 1743 2023
667A Lytt  199511171 2023 1853 1533 1203  903  473  433  613  813 1223 1613 1863
667A Lytt  199511172 2053 1843 1693 1383  873  713  523  503  863 1133 1453 1893
667A Lytt  199511181 2123 2063 1803 1673 1173  743  563  553  673  993 1423 1813
667A Lytt  199511182 2053 2183 2123 1733 1403 1023  653  493  643  923 1313 1753
667A Lytt  199511191 2073 2273 2173 1923 1613  993  773  583  513  753 1243 1623
667A Lytt  199511192 1993 2343 2373 2133 1863 1473  943  583  553  663  973 1433
667A Lytt  199511201 1913 2253 2443 2233 2033 1613 1003  803  553  603  863 1293
667A Lytt  199511202 1753 2093 2423 2423 2233 1803 1343  893  623  553  623 1163
667A Lytt  199511211 1503 1993 2373 2383 2343 1833 1473  853  563  403  493  813
667A Lytt  199511212 1293 1833 2183 2433 2413 2113 1613 1123  693  293  283  473
667A Lytt  199511221  873 1483 1903 2173 2353 2083 1653 1113  603  363   93  263
667A Lytt  199511222  683 1203 1773 2083 2393 2393 1863 1533  973  443  173  113
667A Lytt  199511231  383  843 1433 1923 2173 2253 2083 1473  973  573  103  -10
667A Lytt  199511232  273  623 1213 1783 2303 2303 2253 2103 1343  813  453   93
667A Lytt  199511241  -40  463  913 1373 1973 2323 2263 2023 1573 1003  503  193
667A Lytt  199511242  113  203  803 1353 1993 2373 2583 2393 2013 1573 1013  433
667A Lytt  199511251  213  323  463 1153 1743 2183 2463 2533 2303 1643 1223  773
667A Lytt  199511252  253  223  583  973 1613 2173 2573 2713 2563 2263 1683 1133
667A Lytt  199511261  603  413  353  673 1243 1813 2213 2653 2663 2233 1773 1363
667A Lytt  199511262  663  393  413  543 1043 1743 2183 2533 2763 2663 2193 1703
667A Lytt  199511271 1123  653  383  363  803 1233 1803 2273 2573 2513 2333 1733
667A Lytt  199511272 1253  773  413  313  623 1083 1573 2093 2513 2583 2483 2063
667A Lytt  199511281 1593 1033  523  423  333  613 1183 1693 2093 2453 2393 2063
667A Lytt  199511282 1723 1053  723  363  303  543 1013 1483 1973 2283 2433 2363
667A Lytt  199511291 1933 1523  933  473  433  233  603 1073 1563 2003 2403 2223
667A Lytt  199511292 2003 1643 1113  593  403  433  493 1003 1463 1863 2193 2453
667A Lytt  199511301 2153 1963 1433  913  503  283  373  523 1103 1673 1993 2213
667A Lytt  199511302 2343 2013 1633 1123  803  463  383  683 1013 1723 1923 2353
667A Lytt  199512011 2233 2223 1893 1283  873  503  353  293  733 1173 1623 1963
667A Lytt  199512012 2413 2193 1893 1553 1253  723  363  533  623  923 1543 1873
667A Lytt  199512021 2063 2323 2093 1713 1253  843  383  193  503  783 1163 1663
667A Lytt  199512022 2073 2163 2103 1973 1553 1083  673  563  383  623 1133 1433
667A Lytt  199512031 1813 2133 2183 1983 1633 1203  723  463  363  403  843 1283
667A Lytt  199512032 1783 1983 2203 2133 1843 1403 1063  733  453  543  783 1123
667A Lytt  199512041 1533 2053 2113 2213 2013 1573 1133  683  493  453  573 1013
667A Lytt  199512042 1503 1813 2163 2223 2073 1903 1443  933  643  543  563  743
667A Lytt  199512051 1203 1733 1973 2123 2163 1883 1413 1043  583  413  433  493
667A Lytt  199512052 1073 1463 1923 2053 2153 2153 1623 1233  843  663  473  503
667A Lytt  199512061  793 1333 1613 1833 2103 1963 1673 1333  873  603  333  493
667A Lytt  199512062  693 1073 1623 1933 2123 2173 1953 1633 1203  733  603  483
667A Lytt  199512071  573 1023 1483 1713 2023 2223 1913 1693 1373  943  493  603
667A Lytt  199512072  673  843 1393 1883 2073 2323 2233 2043 1643 1173  943  633
667A Lytt  199512081  613  903 1263 1613 1983 2183 2223 1943 1713 1293  803  663
667A Lytt  199512082  633  653 1083 1523 1983 2093 2283 2213 1793 1523 1103  733
667A Lytt  199512091  663  633  893 1303 1653 1913 2073 2083 1793 1473  943  663
667A Lytt  199512092  653  413  743 1123 1583 1873 2033 2153 2003 1613 1313  893
667A Lytt  199512101  573  533  623  903 1273 1663 1833 1903 1913 1603 1223  863
667A Lytt  199512102  653  453  593  863 1313 1633 1953 2203 2013 1893 1613 1123
667A Lytt  199512111  793  613  543  643 1163 1443 1613 1963 2063 1813 1543 1233
667A Lytt  199512112  853  503  673  643 1033 1423 1693 1993 2113 1963 1863 1293
667A Lytt  199512121 1053  773  493  613  883 1203 1483 1813 2023 2003 1843 1653
667A Lytt  199512122 1143  733  753  603  773 1253 1433 1823 2043 2123 2053 1623
667A Lytt  199512131 1363 1063  733  583  763 1053 1253 1623 2013 2023 1953 1953
667A Lytt  199512132 1403 1093  903  633  753  853 1363 1623 1903 2193 2163 1873
667A Lytt  199512141 1723 1333  903  643  713  783 1023 1383 1713 2033 1953 2023
667A Lytt  199512142 1683 1253 1083  683  543  733 1023 1243 1673 2033 2093 2093
667A Lytt  199512151 1823 1613 1063  733  693  493  713 1123 1433 1713 2013 2033
667A Lytt  199512152 1953 1613 1233  883  653  573  663 1053 1273 1743 2103 2023
667A Lytt  199512161 2093 1873 1483 1073  873  653  703  903 1293 1693 1983 2273
667A Lytt  199512162 2193 1953 1833 1263  873  873  693  823 1243 1643 1953 2303
667A Lytt  199512171 2323 2283 1903 1453 1223  773  653  743 1093 1543 1843 2223
667A Lytt  199512172 2453 2253 2163 1843 1263  903  833  653  743 1273 1703 1983
667A Lytt  199512181 2233 2383 2093 1783 1323  973  523  543  673 1003 1303 1873
667A Lytt  199512182 2243 2173 2283 1943 1493 1073  663  543  433  703 1203 1533
667A Lytt  199512191 1913 2283 2153 1933 1603 1023  633  293  253  513  773 1323
667A Lytt  199512192 1763 2063 2223 2133 1833 1333  813  523  213  303  623 1053
667A Lytt  199512201 1553 2043 2113 2173 1953 1353  943  473  233  143  363  803
667A Lytt  199512202 1423 1823 2193 2363 2133 1723 1343  823  243  273  403  543
667A Lytt  199512211 1023 1616 2091 2382 2423 2023 1373  903  503  263   13  573
667A Lytt  199512212  963 1443 2083 2433 2383 2353 1963 1293  793  373  193  243
667A Lytt  199512221  473 1253 1753 2073 2453 2393 1923 1483  993  453   63  263
667A Lytt  199512222  533  963 1743 2213 2463 2763 2533 2023 1403 1013  393  273
667A Lytt  199512231  443  713 1313 1913 2403 2523 2533 2183 1553 1083  563  313
667A Lytt  199512232  273  623 1173 1833 2403 2823 2823 2573 2223 1483 1043  563
667A Lytt  199512241  413  543  803 1533 2003 2343 2703 2703 2203 1693 1213  613
667A Lytt  199512242  283  363  673 1243 1873 2463 2763 2723 2543 2163 1473  963
667A Lytt  199512251  603  333  453  813 1503 1913 2323 2643 2513 2093 1663 1123
667A Lytt  199512252  573  313  363  603 1313 1783 2313 2643 2753 2523 1983 1383
667A Lytt  199512261  823  603  253  363  973 1323 1853 2363 2543 2443 2143 1583
667A Lytt  199512262 1003  483  303  343  583 1263 1753 2093 2523 2543 2273 1793
667A Lytt  199512271 1283  813  396  203  413  743 1313 1723 2273 2383 2213 2073
667A Lytt  199512272 1393  903  533  303  293  743 1173 1563 2143 2443 2413 2183
667A Lytt  199512281 1853 1203  773  383  353  523  773 1303 1883 2283 2373 2313
667A Lytt  199512282 2073 1403 1033  563  423  473  783 1283 1633 2173 2493 2363
667A Lytt  199512291 2223 1843 1263  793  463  373  463  823 1393 1793 2083 2443
667A Lytt  199512292 2233 1873 1473 1103  703  493  663  873 1173 1713 2143 2273
667A Lytt  199512301 2313 2213 1763 1163  753  613  373  453 1113 1363 1803 2303
667A Lytt  199512302 2373 2033 1913 1613  913  703  643  543  773 1243 1673 1933
667A Lytt  199512311 2143 2243 1853 1483 1113  623  353  353  573  903 1273 1803
667A Lytt  199512312 2123 2113 1983 1823 1263  883  663  433  493  773 1243 1543
