667A Lyttelton          New Zealand         1999 43360S 172430E 0000 3 00000R MM
667A Lytt  199901011 1153 1873 2063 2353 2633 2233 1753 1153  753  363  103 9999
667A Lytt  199901012 9999 9999 9999 9999 9999 9999 9999 9999 9999 9999 9999 9999
667A Lytt  199901021 9999 9999 9999 9999 9999 9999 9999 9999 9999 9999 9999 9999
667A Lytt  199901022 9999 9999 1443 2123 2473 2473 2603 2143 1423 1023  543  233
667A Lytt  199901031  263  683 1093 1673 2223 2373 2443 2123 1603 1063  503  253
667A Lytt  199901032  213  343  983 1533 1983 2453 2573 2393 1993 1413  943  423
667A Lytt  199901041  183  433  673 1083 1843 2213 2303 2393 2043 1553  983  543
667A Lytt  199901042  273  113  523  963 1573 2043 2443 2443 2443 1833 1333  813
667A Lytt  199901051  403  333  353  833 1253 1783 2093 2303 2263 1953 1463  973
667A Lytt  199901052  473  283  273  643 1083 1663 2103 2393 2403 2213 1773 1233
667A Lytt  199901061  823  473  163  463  753 1373 1703 2003 2383 2273 1873 1443
667A Lytt  199901062 1023  493  413  433  633 1253 1683 2053 2313 2353 2203 1653
667A Lytt  199901071 1143  873  473  383  593  993 1343 1823 2213 2353 2143 1853
667A Lytt  199901072 1513 1043  603  563  583  893 1313 1763 2153 2203 2313 2063
667A Lytt  199901081 1573 1293  803  523  583  823 1013 1393 1933 2113 2183 2163
667A Lytt  199901082 1843 1383 1003  643  573  713 1063 1373 1773 2133 2243 2163
667A Lytt  199901091 1923 1603 1183  793  633  663  803 1063 1563 1913 2023 2233
667A Lytt  199901092 2013 1573 1313  923  623  583  713 1003 1353 1773 2013 2083
667A Lytt  199901101 1973 1823 1423  953  793  583  563  733 1133 1503 1763 2063
667A Lytt  199901102 2033 1723 1593 1223  643  683  623  653  983 1513 1723 1873
667A Lytt  199901111 2053 1963 1533 1263  993  563  523  653  863 1123 1563 1893
667A Lytt  199901112 1933 1963 1763 1483 1063  833  663  593  813 1173 1553 1723
667A Lytt  199901121 1983 1993 1773 1553 1213  943  613  603  723  973 1293 1703
667A Lytt  199901122 1993 2013 1973 1733 1443 1083  793  663  623  933 1233 1513
667A Lytt  199901131 1783 2053 2053 1723 1533 1313  813  613  723  863  983 1633
667A Lytt  199901132 1883 2003 2183 2033 1723 1473 1113  883  773  833 1063 1373
667A Lytt  199901141 1743 2043 2183 2083 1843 1563 1153  813  763  733  953 1263
667A Lytt  199901142 1723 1883 2123 2223 2053 1623 1353 1043  783  683  893 1103
667A Lytt  199901151 1473 1823 2103 2083 2013 1803 1333  973  803  693  583 1013
667A Lytt  199901152 1433 1703 1963 2263 2143 1913 1653 1243  863  663  663  723
667A Lytt  199901161 1053 1623 1853 1903 2143 1943 1533 1223  813  633  503  683
667A Lytt  199901162 1103 1383 1773 2123 2163 2113 1833 1453 1073  693  703  633
667A Lytt  199901171  753 1253 1673 1793 2103 2213 1723 1453 1133  753  453  593
667A Lytt  199901172  823 1003 1563 2023 2103 2243 2143 1803 1343  953  753  503
667A Lytt  199901181  613  943 1333 1673 2053 2213 2033 1803 1333  903  693  483
667A Lytt  199901182  543  713 1253 1613 1963 2283 2143 2083 1633 1173  873  583
667A Lytt  199901191  393  603 1033 1383 1723 2143 2073 1923 1723 1243  773  553
667A Lytt  199901192  433  483  833 1333 1693 2103 2243 2193 1983 1589 1141  752
667A Lytt  199901201  505  445  628 1039 1511 1904 2177 2266 2109 1758 1319  897
667A Lytt  199901202  593  483  483  903 1463 1923 2173 2393 2253 1983 1553 1123
667A Lytt  199901211  643  503  453  823 1113 1633 1963 2163 2153 1913 1453 1093
667A Lytt  199901212  703  333  383  563  963 1493 1933 2113 2333 2203 1773 1353
667A Lytt  199901221  943  523  333  393  693 1283 1543 1923 2163 2153 1903 1423
667A Lytt  199901222 1063  593  403  363  533 1143 1473 1903 2243 2303 2073 1693
667A Lytt  199901231 1303  783  513  293  443  773 1263 1573 2003 2233 2073 1773
667A Lytt  199901232 1483  883  413  353  333  543 1013 1463 1863 2053 2173 1963
667A Lytt  199901241 1483 1203  633  293  193  383  673 1103 1593 1933 2143 2053
667A Lytt  199901242 1783 1243  803  533  223  353  583 1043 1483 1853 2193 2113
667A Lytt  199901251 1933 1633 1083  603  443  273  323  793 1253 1693 2073 2313
667A Lytt  199901252 2163 1753 1443  913  483  453  393  713 1143 1653 1973 2313
667A Lytt  199901261 2363 1993 1783 1263  803  423  463  543  843 1423 1953 2183
667A Lytt  199901262 2383 2403 1933 1573  893  683  263  473  763 1173 1573 2043
667A Lytt  199901271 2273 2293 2053 1653 1163  753  323  333  403  983 1473 1813
667A Lytt  199901272 2313 2483 2123 1993 1503 1003  553  383  433  633 1123 1743
667A Lytt  199901281 2013 2283 2383 2003 1633 1083  653  313  283  433  903 1493
667A Lytt  199901282 1933 2283 2473 2243 1893 1533  883  543  393  333  633 1173
667A Lytt  199901291 1603 2013 2383 2223 1993 1613 1033  513  293  233  513  783
667A Lytt  199901292 1523 1983 2283 2513 2273 1953 1463  883  513  313  423  683
667A Lytt  199901301 1193 1693 2183 2373 2363 2073 1643 1053  553  343  283  633
667A Lytt  199901302 1073 1733 2223 2583 2703 2533 2083 1513 1103  593  493  443
667A Lytt  199901311  703 1353 2023 2053 2623 2543 2133 1863 1343  883  673  453
667A Lytt  199901312  853 1213 1903 2353 2563 2783 2543 2063 1543  983  633  503
667A Lytt  199902011  433  943 1473 1833 2263 2553 2253 2063 1503  963  553  313
667A Lytt  199902012  353  463 1193 1733 2043 2423 2453 2153 1753 1233  783  333
667A Lytt  199902021  323  483  633 1393 1893 1993 2333 2203 1793 1243  753  503
667A Lytt  199902022  143  203  643 1143 1613 2133 2333 2223 2083 1533  983  673
667A Lytt  199902031  263  273  393  823 1383 1773 2043 2253 2003 1603 1203  694
667A Lytt  199902032  293  233  363  593 1213 1683 2043 2183 2193 1953 1373  963
667A Lytt  199902041  613  273  293  523 1043 1363 1793 2133 2033 1883 1713 1184
667A Lytt  199902042  693  343  353  503  793 1413 1723 2003 2293 2103 1783 1313
667A Lytt  199902051  923  503  333  453  693 1053 1533 1903 1993 2053 1953 1563
667A Lytt  199902052 1123  633  493  333  603 1043 1373 1773 2123 2013 1963 1763
667A Lytt  199902061 1163  873  613  463  523  843 1203 1553 1893 2103 2073 1802
667A Lytt  199902062 1413 1043  703  513  473  833 1123 1463 1873 2053 2053 1913
667A Lytt  199902071 1553 1223  783  543  583  543  903 1303 1553 1843 2043 1913
667A Lytt  199902072 1623 1253  973  653  413  613  823 1033 1543 1853 1813 2013
667A Lytt  199902081 1723 1373 1083  793  593  513  733  983 1263 1653 1933 2008
667A Lytt  199902082 1893 1647 1320  985  737  630  691  917 1230 1550 1826 1971
667A Lytt  199902091 1925 1713 1399 1057  773  613  693  813 1083 1393 1783 2003
667A Lytt  199902092 2023 1813 1603 1333  843  803  613  683 1063 1343 1653 1833
667A Lytt  199902101 1953 1913 1573 1243 1053  693  563  663  743 1263 1493 1773
667A Lytt  199902102 2033 1893 1763 1523 1113  893  623  523  763 1013 1313 1573
667A Lytt  199902111 1833 1983 1673 1543 1243  793  663  543  523  833 1273 1493
667A Lytt  199902112 1693 1993 1923 1583 1303 1033  633  473  603  693  993 1343
667A Lytt  199902121 1633 1853 1913 1713 1453 1063  753  543  373  613 1003 1243
667A Lytt  199902122 1593 1943 1973 1873 1593 1393  933  603  573  653  713 1173
667A Lytt  199902131 1523 1753 1933 1953 1753 1373  993  773  373  543  783 1023
667A Lytt  199902132 1423 1853 2043 1993 1963 1713 1253  823  703  503  553  923
667A Lytt  199902141 1283 1703 1793 2103 2003 1643 1433  933  613  473  563  823
667A Lytt  199902142 1233 1623 2023 2123 2173 2043 1583 1203  863  613  533  623
667A Lytt  199902151 1033 1413 1843 2073 2153 2033 1723 1323  833  593  563  553
667A Lytt  199902152  943 1413 1803 2163 2233 2333 1993 1613 1163  843  583  593
667A Lytt  199902161  683 1243 1633 1963 2273 2203 2093 1773 1203  803  623  473
667A Lytt  199902162  653 1043 1573 1953 2273 2473 2273 2043 1543 1063  733  523
667A Lytt  199902171  533  853 1313 1793 2143 2323 2343 2033 1623 1153  763  533
667A Lytt  199902172  473  633 1153 1603 2003 2393 2433 2253 1973 1473  963  623
667A Lytt  199902181  483  583  833 1393 1923 2213 2493 2373 2073 1633 1223  713
667A Lytt  199902182  453  513  753 1193 1773 2223 2443 2493 2333 1963 1393  953
667A Lytt  199902191  533  513  593  983 1533 1923 2383 2553 2373 2103 1703 1113
667A Lytt  199902192  623  483  553  773 1353 1923 2193 2463 2573 2293 1793 1393
667A Lytt  199902201  903  503  483  663 1123 1503 1993 2493 2453 2383 2153 1463
667A Lytt  199902202  993  673  423  373  833 1443 1673 2103 2623 2353 2153 1813
667A Lytt  199902211 1213  833  443  513  633 1023 1643 2033 2273 2483 2393 1833
667A Lytt  199902212 1573 1023  573  433  533  843 1373 1683 2243 2493 2383 2223
667A Lytt  199902221 1643 1203  873  533  423  653 1073 1523 1923 2323 2503 2223
667A Lytt  199902222 1843 1493  903  493  423  503  723 1193 1773 2083 2353 2423
667A Lytt  199902231 1973 1703 1113  773  433  273  663  993 1383 1973 2353 2343
667A Lytt  199902232 2183 1903 1423  803  583  433  323  703 1263 1593 1993 2283
667A Lytt  199902241 2153 1863 1553 1043  603  253  313  413  763 1443 1853 2083
667A Lytt  199902242 2343 2133 1723 1293  903  443  223  403  643 1183 1633 1903
667A Lytt  199902251 2303 2173 1823 1583 1093  523  363  363  443  983 1533 1993
667A Lytt  199902252 2293 2483 2233 1883 1463  923  613  433  583  783 1353 1823
667A Lytt  199902261 2153 2413 2393 2093 1693 1143  813  523  413  833 1253 1733
667A Lytt  199902262 2233 2523 2603 2503 2123 1613 1193  813  633  763 1093 1573
667A Lytt  199902271 1943 2463 2473 2523 2213 1743 1173  823  583  443  833 1313
667A Lytt  199902272 1833 2253 2603 2673 2393 2023 1483  963  703  503  683  953
667A Lytt  199902281 1473 2063 2303 2513 2433 2093 1603 1053  743  553  533  933
667A Lytt  199902282 1273 1913 2313 2643 2593 2413 2033 1463 1033  813  663  713
667A Lytt  199903011 1263 1723 2083 2493 2643 2443 2173 1643 1063  803  573  713
667A Lytt  199903012  953 1513 2023 2393 2693 2663 2403 1873 1373 1033  693  593
667A Lytt  199903021  843 1283 1703 2213 2493 2393 2463 2023 1423  963  683  473
667A Lytt  199903022  573 1013 1483 2023 2333 2453 2453 2083 1643 1183  793  463
667A Lytt  199903031  533  763 1153 1733 2093 2253 2333 2223 1693 1173  863  533
667A Lytt  199903032  353  553 1023 1483 1933 2253 2383 2183 1933 1523  923  633
667A Lytt  199903041  533  483  843 1303 1693 1943 2243 2233 1783 1523 1063 9999
667A Lytt  199903042 9999 9999 9999 9999 9999 9999 9999 9999 9999 9999 9999 9999
667A Lytt  199903051 9999 9999 9999 9999 9999 9999 9999 9999 9999 9999 9999 9999
667A Lytt  199903052 9999 9999 9999 9999 9999 9999 9999 9999 9999 9999 9999 9999
667A Lytt  199903061 9999 9999 9999 9999 9999 9999 9999 9999 9999 9999 9999 9999
667A Lytt  199903062 9999 9999 9999 9999 9999 9999 9999 9999 9999 9999 9999 9999
667A Lytt  199903071 9999 9999 9999 9999 9999 9999 9999 9999 9999 9999 9999 9999
667A Lytt  199903072 9999 9999 9999 9999 9999 9999 9999 1733 2133 2083 2013 1883
667A Lytt  199903081 1403 1093  803  733  693 1003 1373 1513 1803 2033 2033 1963
667A Lytt  199903082 1473 1223 1033  723  733 1033 1203 1513 1963 2103 2083 2083
667A Lytt  199903091 1703 1273 1113  863  743  813 1203 1403 1673 2023 2133 2053
667A Lytt  199903092 1783 1583 1153  823  813  753  903 1223 1563 1773 1993 2023
667A Lytt  199903101 1873 1453 1283 1013  663  713 1003  923 1453 1823 1943 2083
667A Lytt  199903102 2043 1703 1353 1153  923  563  803 1003 1173 1553 1913 1943
667A Lytt  199903111 1923 1843 1493 1133  823  723  703  873 1133 1493 1753 2013
667A Lytt  199903112 2113 1903 1573 1373 1093  663  693  793  953 1303 1773 1833
667A Lytt  199903121 2043 2023 1733 1453 1083  943  633  723 1003 1263 1533 1983
667A Lytt  199903122 2163 2013 1923 1743 1373  943  863  673  703 1173 1503 1693
667A Lytt  199903131 1963 2123 1993 1743 1383 1083  853  643  883 1063 1383 1853
667A Lytt  199903132 2163 2143 2203 2143 1603 1263  983  723  643  943 1263 1403
667A Lytt  199903141 1833 2183 2033 1993 1683 1313  873  633  643  633 1053 1403
667A Lytt  199903142 1763 2053 2203 2133 1893 1463 1033  713  553  533  833 1143
667A Lytt  199903151 1513 1903 2103 2083 1983 1543 1123  763  513  413  713 1013
667A Lytt  199903152 1353 1903 2173 2163 2223 1783 1273  923  553  403  573  693
667A Lytt  199903161 1113 1673 2013 2113 2163 1873 1453 1003  623  413  453  673
667A Lytt  199903162 1073 1563 2063 2283 2393 2233 1763 1373  903  653  443  643
667A Lytt  199903171  943 1353 1933 2253 2333 2283 2023 1433 1013  633  363  453
667A Lytt  199903172  733 1133 1773 2103 2413 2433 2093 1803 1173  833  503  313
667A Lytt  199903181  563  933 1483 2013 2283 2443 2353 1903 1403  933  553  333
667A Lytt  199903182  463  693 1303 1833 2283 2463 2433 2203 1643 1253  753  363
667A Lytt  199903191  433  583 1053 1703 2003 2403 2623 2263 1913 1393  823  493
667A Lytt  199903192  233  373  843 1223 1863 2223 2373 2423 2053 1553 1063  563
667A Lytt  199903201  253  263  513 1073 1603 2073 2493 2403 2313 1793 1293  863
667A Lytt  199903202  353  373  393  773 1453 1863 2233 2553 2293 2093 1573  993
667A Lytt  199903211  483  293  323  543 1093 1623 2133 2353 2573 2273 1763 1303
667A Lytt  199903212  803  363  293  393  843 1393 1783 2273 2373 2413 2093 1453
667A Lytt  199903221 1033  543  363  283  683 1173 1733 2173 2553 2593 2313 1973
667A Lytt  199903222 1363  863  483  483  513  943 1463 1903 2263 2603 2483 1953
667A Lytt  199903231 1613 1083  613  403  453  653 1163 1733 2253 2463 2543 2503
667A Lytt  199903232 1803 1433  953  573  483  593  963 1363 1933 2223 2543 2353
667A Lytt  199903241 2023 1623 1023  683  393  483  773 1113 1733 2153 2413 2573
667A Lytt  199903242 2223 1823 1323  873  493  393  423  803 1313 1793 2153 2333
667A Lytt  199903251 2183 1883 1433  963  453  353  383  553 1083 1623 1953 2333
667A Lytt  199903252 2403 2013 1763 1333  693  363  353  383  723 1233 1813 2013
667A Lytt  199903261 2273 2273 1803 1383  913  543  263  343  703 1083 1603 2073
667A Lytt  199903262 2413 2263 2103 1803 1283  783  493  433  513  803 1433 1783
667A Lytt  199903271 2033 2433 2123 1863 1383  993  513  313  523  693 1143 1763
667A Lytt  199903272 2133 2283 2473 2163 1723 1233  793  523  363  683 1023 1463
667A Lytt  199903281 1853 2313 2393 2233 1963 1513  983  633  553  503  813 1423
667A Lytt  199903282 1803 2193 2363 2453 2183 1623 1193  783  483  463  783 1043
667A Lytt  199903291 1553 2003 2243 2363 2223 1833 1413  873  693  353  533  993
667A Lytt  199903292 1363 1833 2253 2423 2333 2043 1553 1153  703  563  633  793
667A Lytt  199903301 1123 1733 2133 2253 2403 2163 1853 1263  903  613  433  633
667A Lytt  199903302 1093 1503 1973 2213 2443 2293 1873 1503 1123  553  573  513
667A Lytt  199903311  723 1273 1783 2053 2193 2373 2053 1483 1293  793  433  543
667A Lytt  199903312  743 1073 1563 2043 2233 2273 2203 1763 1293  963  753  543
667A Lytt  199904011  773 1043 1543 1973 2163 2543 2363 2003 1713 1253  773  713
667A Lytt  199904012  693  943 1303 1843 2213 2213 2373 2223 1683 1283 1103  633
667A Lytt  199904021  653  913 1153 1623 2043 2243 2353 2193 1963 1443 1113  783
667A Lytt  199904022  733  773  983 1523 1913 2083 2223 2293 1953 1523 1273  803
667A Lytt  199904031  593  693  833 1183 1673 2023 2113 2213 2063 1653 1263  983
667A Lytt  199904032  603  643  673 1113 1423 1723 2083 2113 1953 1803 1423 1003
667A Lytt  199904041  723  583  773  913 1313 1773 2033 2053 2153 1893 1483 1133
667A Lytt  199904042  753  563  513  783 1143 1373 1683 2043 1893 1833 1663 1103
667A Lytt  199904051  833  633  633  593 1033 1413 1663 1963 2063 1963 1663 1433
667A Lytt  199904052  983  753  483  703  873 1143 1403 1853 1893 1843 1843 1413
667A Lytt  199904061 1033  883  653  563  793 1193 1403 1693 2053 1973 1863 1683
667A Lytt  199904062 1323  913  673  703  763  913 1233 1723 1823 1943 2003 1663
667A Lytt  199904071 1403 1133  833  643  853 1053 1223 1633 2023 1993 2103 2183
667A Lytt  199904072 1653 1343 1203  933  863 1053 1263 1563 1833 2073 2153 2053
667A Lytt  199904081 1673 1453 1123  943  853  933 1183 1543 1903 2113 2253 2283
667A Lytt  199904082 2103 1623 1433 1193  853  863 1053 1293 1563 1933 2063 2053
667A Lytt  199904091 1943 1693 1353 1073  893  793  943 1123 1483 1793 2013 2193
667A Lytt  199904092 2113 1773 1523 1293  813  753  703  993 1203 1563 1923 1963
667A Lytt  199904101 2023 1893 1553 1303  913  743  713  803 1153 1363 1803 1993
667A Lytt  199904102 2083 1933 1733 1423  973  663  543  643  753 1173 1643 1753
667A Lytt  199904111 1923 2063 1653 1333 1163  713  473  583  863  963 1373 1893
667A Lytt  199904112 2013 1933 1943 1673 1173  783  533  523  433  903 1333 1513
667A Lytt  199904121 1873 2133 1943 1673 1423 1023  543  543  653  653 1153 1673
667A Lytt  199904122 1933 2043 2193 2033 1513 1123  843  513  283  703 1013 1293
667A Lytt  199904131 1753 2213 2173 1933 1913 1373  833  633  613  463  693 1403
667A Lytt  199904132 1763 1873 2253 2353 1903 1433 1143  703  373  413  723  933
667A Lytt  199904141 1463 2093 2173 2163 2293 1863 1143  893  773  303  463 1033
667A Lytt  199904142 9999 9999 9999 9999 9999 9999 9999 9999 9999 9999 9999 9999
667A Lytt  199904151 9999 9999 9999 9999 9999 9999 9999 9999 9999 9999 9999 9999
667A Lytt  199904152 9999 9999 9999 9999 9999 9999 9999 9999 9999 9999 9999 9999
667A Lytt  199904161 9999 9999 9999 9999 9999 2833 2423 1943 1593  983  553  653
667A Lytt  199904162  763 1153 1823 2463 2533 2833 2723 2263 1623 1403  643  493
667A Lytt  199904171  663 1063 1643 2093 2723 3033 2803 2673 2263 1503 1013  773
667A Lytt  199904172  563  793 1313 1943 2353 2683 2863 2753 2213 1733 1243  763
667A Lytt  199904181  373  693  973 1503 2143 2593 2783 2743 2523 1933 1223  853
667A Lytt  199904182  533  293  593 1183 1653 2003 2543 2713 2333 2023 1523  963
667A Lytt  199904191  423  333  503  783 1413 2023 2383 2653 2713 2243 1693 1293
667A Lytt  199904192  733  283  263  643  973 1403 2043 2453 2363 2323 2033 1303
667A Lytt  199904201  743  403  343  203  803 1463 1713 2283 2723 2383 2113 1783
667A Lytt  199904202 1241  773  467  408  650 1109 1608 2051 2386 2496 2309 1894
667A Lytt  199904211 1386  906  542  381  511  910 1417 1913 2336 2564 2493 2170
667A Lytt  199904212 1703  923  643  373  123  393  953 1403 1773 2263 2533 2043
667A Lytt  199904221 1803 1493  723  313  363  443  613 1283 1843 2123 2333 2493
667A Lytt  199904222 2063 1603 1073  763  333  243  593  913 1303 1863 2263 2253
667A Lytt  199904231 2023 1763 1263  643  533  273  303  723 1263 1603 1913 2413
667A Lytt  199904232 2243 1813 1503 1083  523  213  293  453  803 1353 1813 2093
667A Lytt  199904241 2123 2023 1713 1123  733  453  203  383  773 1133 1573 2153
667A Lytt  199904242 2213 2073 1913 1503  893  543  343  283  453  943 1433 1743
667A Lytt  199904251 2093 2203 1923 1523 1313  733  343  313  453  773 1173 1793
667A Lytt  199904252 2053 2063 2193 1873 1233  923  553  323  293  563 1003 1483
667A Lytt  199904261 1783 2153 2163 1863 1603 1233  673  563  453  563  963 1393
667A Lytt  199904262 1913 2003 2253 2263 1823 1323  953  693  393  473  853 1183
667A Lytt  199904271 1603 2083 2283 1983 2183 1643  993  833  703  343  553 1123
667A Lytt  199904272 1533 1713 2303 2343 1893 1813 1283  843  543  533  623  793
667A Lytt  199904281 1323 1883 2043 2083 2403 1943 1373 1153  793  433  533  853
667A Lytt  199904282 1183 1523 2063 2283 2013 2063 1793  963  743  793  523  473
667A Lytt  199904291 1003 1563 1773 1983 2383 2033 1663 1583  923  563  553  693
667A Lytt  199904292  723 1223 1863 2013 1943 2183 1913 1323 1053  913  493  563
667A Lytt  199904301  783 1213 1533 1903 2253 2173 1933 1913 1263  813  683  663
667A Lytt  199904302  643  923 1573 1773 1923 2233 2043 1663 1383 1173  643  523
667A Lytt  199905011  763  933 1223 1753 2203 2133 2053 2143 1583 1113  903  713
667A Lytt  199905012  633  733 1283 1583 1723 2213 2133 1813 1793 1273  933  703
667A Lytt  199905021  653  843  973 1463 1953 2043 2143 2203 1883 1353 1103  893
667A Lytt  199905022  563  623 1063 1293 1483 2053 2123 1923 1933 1643 1153  833
667A Lytt  199905031  713  743  723 1163 1733 1833 1973 2303 1983 1623 1313 1083
667A Lytt  199905032  663  533  823 1003 1153 1733 1963 1823 1943 1813 1363 1013
667A Lytt  199905041  813  653  733  863 1373 1643 1843 2213 2063 1843 1593 1353
667A Lytt  199905042  773  723  783  773 1053 1503 1743 1843 1973 2073 1533 1313
667A Lytt  199905051 1233  763  653  793 1283 1333 1603 2193 2213 1983 2123 1803
667A Lytt  199905052 1333 1033 1043 1003  973 1523 1783 1943 2353 2313 2083 1873
667A Lytt  199905061 1383 1233  863  873 1163 1333 1573 2023 2213 2093 2173 1973
667A Lytt  199905062 1543 1263  973  913  713 1143 1443 1553 1953 2133 2063 1743
667A Lytt  199905071 1543 1333  753  713  823  843 1123 1623 1863 1813 2063 1943
667A Lytt  199905072 1513 1313 1003  643  553  733  913 1203 1673 1813 2043 1943
667A Lytt  199905081 1603 1433 1063  653  703  713  773 1273 1593 1763 1943 2113
667A Lytt  199905082 1793 1483 1213  843  503  543  763  873 1283 1763 1893 2013
667A Lytt  199905091 1943 1723 1333  993  883  533  743 1023 1393 1613 1933 2273
667A Lytt  199905092 2063 1863 1673 1253  693  673  673  703 1123 1513 1863 1883
667A Lytt  199905101 2073 1993 1533 1173 1073  543  373  753  963 1193 1693 2103
667A Lytt  199905102 2103 2103 1923 1503 1023  733  503  473  733 1183 1563 1823
667A Lytt  199905111 2163 2253 1913 1573 1373  803  573  513  653  973 1283 1833
667A Lytt  199905112 2133 2103 2193 1863 1363  983  613  343  403  773 1263 1533
667A Lytt  199905121 1963 2293 2193 1883 1673 1093  703  463  353  543  943 1483
667A Lytt  199905122 1833 2153 2343 2123 1693 1323  953  363  333  433  783 1153
667A Lytt  199905131 1773 2193 2273 2293 2103 1623 1163  743  513  403  593 1273
667A Lytt  199905132 1613 2013 2523 2493 2103 1863 1353  853  443  343  483  713
667A Lytt  199905141 1303 2023 2323 2383 2533 2203 1533 1163  773  273  393  763
667A Lytt  199905142 1083 1683 2173 2523 2473 2193 1903 1233  713  423  323  343
667A Lytt  199905151  883 1563 1963 2403 2763 2583 2213 1643 1273  613  343  563
667A Lytt  199905152  603 1233 1803 2263 2443 2663 2343 1873 1273  883  553  293
667A Lytt  199905161  593 1133 1693 2143 2723 2813 2733 2463 1673 1193  623  343
667A Lytt  199905162   93  673 1293 1663 2253 2713 2543 2323 2003 1283  773  463
667A Lytt  199905171  283  393  963 1623 2183 2483 2773 2643 2083 1643 1023  463
667A Lytt  199905172  283  213  543 1173 1643 2083 2513 2443 2113 1673 1183  573
667A Lytt  199905181  363  123  393  923 1643 2063 2513 2803 2583 2033 1573 1073
667A Lytt  199905182  443  233  313  513 1023 1623 2073 2303 2373 2193 1603 1063
667A Lytt  199905191  603  293   43  363  953 1433 1873 2433 2593 2283 1923 1553
667A Lytt  199905192  903  333  243  213  433 1083 1593 1893 2343 2413 2003 1523
667A Lytt  199905201 1173  583  233  203  573  723 1353 2093 2273 2293 2383 1903
667A Lytt  199905202 1423  883  513  243  103  653 1023 1473 2003 2213 2223 2063
667A Lytt  199905211 1493 1073  643  183 9999 9999 9999 9999 9999 9999 9999 9999
667A Lytt  199905212 9999 9999 9999 9999 9999 9999 9999 9999 9999 9999 9999 9999
667A Lytt  199905221 9999 9999 9999 9999 9999 9999 9999 9999 9999 9999 9999 9999
667A Lytt  199905222 9999 9999 9999 9999 9999 9999 9999 9999 9999 9999 9999 9999
667A Lytt  199905231 9999 9999 9999 9999 9999 9999 9999 9999 9999 9999 9999 9999
667A Lytt  199905232 9999 9999 9999 9999 9999 9999 9999 9999 9999 9999 9999 9999
667A Lytt  199905241 2113 1993 1743 1433 1083  563  393  483  643  833 1453 1793
667A Lytt  199905242 1993 2153 1943 1513 1093  813  333  223  473  673 1183 1563
667A Lytt  199905251 1973 2063 1953 1793 1473  893  633  523  453  663 1003 1543
667A Lytt  199905252 1883 2093 2083 1953 1413 1153  713  453  503  593  963 1473
667A Lytt  199905261 1803 2033 2213 2203 1893 1443 1003  813  593  653 1033 1293
667A Lytt  199905262 1773 2133 2083 2163 2023 1503 1123  723  663  503  823 1113
667A Lytt  199905271 1573 1933 2163 2303 2133 1883 1363  993  813  623  643 1063
667A Lytt  199905272 1453 1823 2103 2113 2153 1843 1463 1043  863  653  803 1003
667A Lytt  199905281 1283 1843 2143 2193 2373 2153 1713 1413  923  773  733  793
667A Lytt  199905282 1173 1673 1923 2013 2283 2063 1693 1313 1083  643  643  843
667A Lytt  199905291 1033 1473 1903 2133 2363 2353 1843 1853 1283  833  813  743
667A Lytt  199905292 1053 1383 1723 2063 2193 2273 2013 1603 1323  993  793  783
667A Lytt  199905301  903 1223 1703 1943 2233 2313 2113 1953 1483 1033  783  793
667A Lytt  199905302  733 1003 1493 1733 1983 2173 2113 1763 1533 1113  823  673
667A Lytt  199905311  703  983 1223 1683 2093 2213 2193 2283 1723 1343 1083  773
667A Lytt  199905312  773  963 1193 1553 1923 2123 2113 2023 1923 1323 1153  903
667A Lytt  199906011  793  763 1173 1413 1793 2223 2283 2193 2053 1563 1243  963
667A Lytt  199906012  785  766  951 1303 1674 1969 2159 2186 2017 1703 1337 1018
667A Lytt  199906021  819  779  944 1293 1593 1863 2333 2273 2183 1923 1523 1213
667A Lytt  199906022  913  873  833 1033 1503 1833 1923 2103 2313 1933 1573 1413
667A Lytt  199906031 1033  723  993 1173 1273 1813 2123 2233 2183 2143 1723 1343
667A Lytt  199906032 1143  853  693  873 1103 1483 1763 2003 2173 2033 1723 1503
667A Lytt  199906041 1063  813  653  733 1043 1273 1689 2033 1963 2073 1963 1483
667A Lytt  199906042 1173  883  613  563  693 1043 1323 1603 1973 1923 1823 1713
667A Lytt  199906051 1113  873  673  483  753 1003 1293 1623 1933 2013 1863 1773
667A Lytt  199906052 1373 1053  623  423  543  603 1003 1333 1653 1783 2023 1763
667A Lytt  199906061 1333 1173  753  453  643  653  963 1373 1753 1813 1973 2093
667A Lytt  199906062 1613 1313 1033  603  373  593  723 1033 1543 1783 2053 2063
667A Lytt  199906071 1853 1473 1173  753  753  553  873 1163 1563 1873 2113 2233
667A Lytt  199906072 2093 1853 1403 1033  733  623  623  933 1433 1743 2073 2343
667A Lytt  199906081 2213 1883 1583 1173  873  613  713  933 1163 1573 1983 2303
667A Lytt  199906082 2173 2213 1783 1363  933  653  473  653  973 1333 1793 2233
667A Lytt  199906091 2263 2143 2063 1483 1163  683  633  623  763 1203 1643 1953
667A Lytt  199906092 2243 2313 2043 1743 1243  833  433  403  543  893 1473 1863
667A Lytt  199906101 2153 2353 2213 1853 1493  933  543  503  403  573 1083 1713
667A Lytt  199906102 2111 2334 2315 2051 1614 1098  628  333  264  449  873 1513
667A Lytt  199906111 1903 2203 2433 2313 1943 1383  943  533  293  393  713 1143
667A Lytt  199906112 1763 2123 2323 2443 2023 1703 1033  573  443  193  583 1083
667A Lytt  199906121 1563 2113 2503 2523 2533 1973 1513 1033  543  303  283  753
667A Lytt  199906122 1353 1903 2243 2493 2473 2153 1643  993  643  233  333  503
667A Lytt  199906131  973 1723 2183 2363 2743 2533 1993 1513  973  483  113  393
667A Lytt  199906132  643 1193 1903 2173 2453 2573 2113 1513 1143  543  353  203
667A Lytt  199906141  613 1123 1803 2293 2803 2823 2533 2293 1573 1013  503  573
667A Lytt  199906142  383  873 1603 2003 2333 2803 2613 2193 1823 1123  763  403
667A Lytt  199906151  383  763 1203 2023 2503 2793 3003 2693 2183 1553 1083  603
667A Lytt  199906152  423  483 1023 1543 1993 2643 2713 2563 2443 1773 1133  803
667A Lytt  199906161  483  403  703 1393 2033 2383 2833 2993 2683 2133 1623 1133
667A Lytt  199906162  603  503  603  973 1573 2103 2393 2793 2623 2253 1693 1263
667A Lytt  199906171  743  363  483  803 1283 1793 2513 2653 2703 2633 1963 1483
667A Lytt  199906172  973  643  343  583  913 1533 1893 2363 2683 2393 2153 1633
667A Lytt  199906181 1103  583  423  493  813 1173 1883 2303 2443 2643 2323 1763
667A Lytt  199906182 1473  883  433  393  493  953 1313 1873 2303 2283 2383 2013
667A Lytt  199906191 1423 1083  643  393  463  783 1273 1693 2133 2383 2353 2203
667A Lytt  199906192 1673 1253  783  393  443  533  843 1313 1873 2113 2343 2213
667A Lytt  199906201 1823 1393  993  583  453  513  823 1243 1653 2113 2283 2223
667A Lytt  199906202 2002 1626 1197  825  576  518  704 1064 1483 1900 2223 2333
667A Lytt  199906211 2093 1713 1383 1013  583  503  703  853 1283 1753 2003 2203
667A Lytt  199906212 2233 2013 1503 1133  713  553  373  683 1153 1253 1903 2313
667A Lytt  199906221 2113 2043 1823 1273  983  693  613  673  973 1463 1613 2013
667A Lytt  199906222 2283 2093 1743 1433 1073  673  403  633  713  973 1663 1933
667A Lytt  199906231 1993 2203 2003 1573 1353  923  573  613  773  913 1303 1743
667A Lytt  199906232 2013 2143 1953 1673 1323  963  553  583  593  773 1253 1583
667A Lytt  199906241 1893 2123 2083 1893 1573 1263  943  593  623  813 1043 1383
667A Lytt  199906242 1823 2083 1973 1893 1593 1373  843  593  723  643 1013 1403
667A Lytt  199906251 1753 2063 2163 2143 1993 1483 1263  843  793  683  853 1293
667A Lytt  199906252 1673 1913 2003 2243 1943 1613 1243  913  773  543  893 1123
667A Lytt  199906261 1523 1793 2133 2143 2123 1793 1533 1103  783  733  633  983
667A Lytt  199906262 1303 1723 1813 2093 2113 1763 1383 1173  873  493  833  873
667A Lytt  199906271 1113 1773 1943 2053 2413 1983 1853 1413  993  853  623  853
667A Lytt  199906272  923 1553 1773 1953 2153 2043 1583 1393 1043  673  673  733
667A Lytt  199906281 1033 1313 1803 2113 2263 2233 2043 1703 1183  853  653  613
667A Lytt  199906282  803 1103 1563 1793 2063 2093 1743 1663 1223  803  653  653
667A Lytt  199906291  613  973 1543 1633 2143 2163 1973 1873 1393  933  653  543
667A Lytt  199906292  582  833 1163 1613 1753 2043 1983 1753 1473  963  703  573
667A Lytt  199906301  573  783 1063 1553 1923 2063 2103 2053 1733 1223  873  653
667A Lytt  199906302  553  693  883 1393 1653 2043 1913 2073 1693 1253 1073  703
667A Lytt  199907011  503  713  883 1283 1813 2053 2233 2153 2093 1613 1213  923
667A Lytt  199907012  703  663  893 1123 1443 1993 2093 2073 2143 1773 1353 1033
667A Lytt  199907021  703  743  813 1073 1703 1873 2303 2383 2213 2093 1573 1303
667A Lytt  199907022  903  743  633  893 1353 1933 1893 2283 2533 1943 1903 1483
667A Lytt  199907031  943  833  773  963 1383 1693 2123 2463 2403 2283 2053 1613
667A Lytt  199907032 1173  923  753  733 1073 1493 1693 1983 2323 2073 1943 1643
667A Lytt  199907041 1133  873  603  763  883 1243 1703 2093 2283 2243 2193 1793
667A Lytt  199907042 1383 1073  753  553  793 1093 1243 1803 2143 2073 2173 1933
667A Lytt  199907051 1353 1163  733  553  743  943 1333 1723 2093 2103 2313 2133
667A Lytt  199907052 1743 1383 1033  653  603  803  923 1383 1923 2153 2293 2113
667A Lytt  199907061 1863 1463 1043  723  603  673 1033 1393 1743 2063 2273 2193
667A Lytt  199907062 2063 1713 1193  693  663  603  493 1113 1553 1733 2183 2483
667A Lytt  199907071 1983 1823 1423  983  733  613  793  923 1453 1803 2173 2333
667A Lytt  199907072 2373 2203 1643 1243  873  633  423  793 1243 1563 2013 2433
667A Lytt  199907081 2443 2163 1913 1463 1023  583  603  663 1053 1293 1773 2153
667A Lytt  199907082 2283 2283 1943 1483 1073  583  293  353  673  923 1583 2013
667A Lytt  199907091 2083 2343 2193 1613 1293  763  473  303  493  783 1093 1713
667A Lytt  199907092 2032 2153 2213 1883 1443  903  403  293  243  483 1063 1533
667A Lytt  199907101 1943 2373 2333 2053 1843 1213  713  523  293  343  703 1393
667A Lytt  199907102 1840 2153 2443 2283 1863 1493  853  443  193  223  643 1043
667A Lytt  199907111 1623 2113 2463 2443 2303 1773 1283  793  433  203  303  713
667A Lytt  199907112 1310 1863 2123 2483 2253 1933 1353  773  443  163  273  633
667A Lytt  199907121 1123 1743 2253 2453 2703 2323 1763 1343  783  293  243  383
667A Lytt  199907122  851 1433 1923 2413 2523 2333 2023 1343  923  393  203  243
667A Lytt  199907131  663 1203 1703 2283 2673 2573 2273 1823 1143  663  273  243
667A Lytt  199907132  396  823 1403 1853 2293 2563 2183 1873 1413  663  413  193
667A Lytt  199907141  123  723 1183 1803 2423 2623 2563 2363 1743 1143  553  273
667A Lytt  199907142  139  313  883 1523 1913 2453 2453 2303 1843 1343  813  243
667A Lytt  199907151  143  343  583 1183 1923 2273 2503 2493 2243 1573  873  673
667A Lytt  199907152  293  143  453  893 1423 2053 2323 2433 2293 1823 1193  733
667A Lytt  199907161  413  143  343  823 1413 1843 2343 2513 2503 2183 1563 1103
667A Lytt  199907162 9999 9999 9999 9999 9999 9999 9999 9999 9999 9999 9999 9999
667A Lytt  199907171 9999 9999 9999 9999 9999 9999 9999 9999 9999 9999 9999 9999
667A Lytt  199907172 9999 9999 9999 9999 9999 9999 9999 9999 9999 9999 9999 9999
667A Lytt  199907181 9999 9999 9999 9999 9999 9999 9999 9999 9999 9999 9999 9999
667A Lytt  199907182 9999 9999 9999 9999 9999 9999 9999 9999 9999 9999 9999 9999
667A Lytt  199907191 9999 9999  773  683  553  853 1143 1623 2033 2293 2363 2253
667A Lytt  199907192 2003 1423 1153  733  553  773 1003 1293 1753 2283 2303 2333
667A Lytt  199907201 2103 1783 1243  933  773  723  953 1303 1683 1963 2263 2343
667A Lytt  199907202 2073 1923 1393 1063  753  683  733 1023 1453 1893 2213 2313
667A Lytt  199907211 2323 2063 1623 1343 1043  885  903 1163 1383 1773 2063 2393
667A Lytt  199907212 2333 2163 1863 1533 1003  913  753  873 1323 1603 1973 2333
667A Lytt  199907221 2323 2343 2013 1653 1413  943  933  953 1143 1413 1773 2163
667A Lytt  199907222 2203 2223 2113 1723 1303 1053  703  713 1013 1243 1673 1983
667A Lytt  199907231 2193 2233 2053 1943 1503 1073 1003  733  883 1153 1383 1843
667A Lytt  199907232 1973 2193 2133 1883 1533 1263  763  743  783  883 1343 1733
667A Lytt  199907241 1913 2213 2203 1953 1853 1383 1033  953  683  903 1083 1473
667A Lytt  199907242 1783 2153 2123 2063 1843 1403 1083  863  763  773 1093 1473
667A Lytt  199907251 1793 2063 2303 2253 1993 1723 1413 1003  803  823  873 1243
667A Lytt  199907252 1623 2043 2153 2213 2163 1803 1293 1213  833  723 1063 1213
667A Lytt  199907261 1473 2013 2193 2233 2263 1963 1743 1163 1073  743  743 1243
667A Lytt  199907262 1283 1763 2143 2103 2243 2033 1473 1383 1103  783 1023  993
667A Lytt  199907271 1533 1933 1983 2473 2613 2263 2053 1623 1243  773  733 1023
667A Lytt  199907272 1133 1523 2033 2203 2243 2383 1853 1713 1203  893  813  893
667A Lytt  199907281 1053 1403 1873 2123 2563 2293 2093 1833 1443  783  773  603
667A Lytt  199907282  623 1053 1513 1863 1883 2273 1993 1523 1133  963  543  363
667A Lytt  199907291  713  823 1233 1563 2313 2023 2173 1933 1503  913  523  533
667A Lytt  199907292  263  763 1113 1323 1693 2053 1953 1733 1373 1003  713  293
667A Lytt  199907301  393  513  903 1333 1913 1953 2113 2153 1903 1103  703  643
667A Lytt  199907302  183  403  823 1223 1313 2073 2093 1983 1763 1293 1013  373
667A Lytt  199907311  463  413  563 1223 1543 1913 2303 2183 1993 1753 1083  763
667A Lytt  199907312  423  453  443  833 1263 1663 1863 2083 2153 1653 1283  873
667A Lytt  199908011  593  313  393  803 1313 1553 2023 2413 2083 1853 1533 1173
667A Lytt  199908012  553  513  403  523  913 1453 1713 1983 2283 2053 1683 1283
667A Lytt  199908021  943  543  453  503  943 1333 1843 2153 2323 2283 1993 1653
667A Lytt  199908022 1173  833  573  523  623 1203 1513 1883 2193 2383 2073 1683
667A Lytt  199908031 1433  923  593  523  763  983 1493 1923 2203 2353 2253 1973
667A Lytt  199908032 1493 1313  563  553  473  843 1183 1543 1993 2373 2383 2033
667A Lytt  199908041 1753 1293  913  473  693  673 1043 1483 2033 2213 2233 2353
667A Lytt  199908042 2023 1393  953  953  273  483  893 1143 1593 2113 2493 2193
667A Lytt  199908051 2173 1863 1253  753  793  463  633 1183 1543 1773 2283 2553
667A Lytt  199908052 2203 1913 1633 1053  503  533  533  733 1273 1813 2223 2323
667A Lytt  199908061 2463 2253 1623 1313 1003  363  523  733 1023 1393 1833 2273
667A Lytt  199908062 2313 2143 1943 1473  823  613  293  403  723 1233 1673 2083
667A Lytt  199908071 2363 2403 2063 1573 1313  743  343  363  543  813 1273 1843
667A Lytt  199908072 2083 2273 2173 1733 1213  813  373  163  293  673 1153 1583
667A Lytt  199908081 2203 2343 2223 2093 1753 1123  573  443  293  343  833 1323
667A Lytt  199908082 1833 2153 2213 2173 1713 1173  733  273  203  153  683 1143
667A Lytt  199908091 1653 2173 2473 2333 2143 1733  963  643  313  123  253  893
667A Lytt  199908092 1403 1673 2263 2413 1993 1613 1233  603  173   43  363  503
667A Lytt  199908101 1133 1873 2203 2263 2503 2093 1443 1123  493  143   23  403
667A Lytt  199908102  883 1373 2003 2303 2253 2153 1723 1133  533  363  153  143
667A Lytt  199908111  723 1423 1823 2133 2653 2413 2033 1563 1053  383  193  293
667A Lytt  199908112  498  923 1683 2063 2193 2483 2163 1643 1183  713  383   43
667A Lytt  199908121  503  923 1383 1983 2483 2513 2463 2223 1483  923  483  333
667A Lytt  199908122  285  543 1213 1773 1943 2513 2513 2103 1693 1243  683  293
667A Lytt  199908131  323  463  943 1523 2193 2423 2543 2533 2063 1353  993  533
667A Lytt  199908132  346  413  683 1243 1753 2033 2483 2383 2063 1583 1103  623
667A Lytt  199908141  273  373  523  973 1663 2043 2233 2543 2333 1783 1173  943
667A Lytt  199908142 9999 9999 9999 9999 9999 9999 9999 9999 9999 9999 9999 9999
667A Lytt  199908151 9999 9999 9999 9999 9999 9999 9999 9999 9999 9999 9999 9999
667A Lytt  199908152 9999 9999 9999 9999 9999 9999 9999 9999 9999 9999 9999 9999
667A Lytt  199908161 9999 9999 9999  633 1053 1343 1693 2383 2493 2283 2173 1793
667A Lytt  199908162 1273  853  723  623  703 1223 1593 1853 2273 2393 2233 1823
667A Lytt  199908171 1483 1133  733  553  833  983 1403 1873 2083 2203 2213 2063
667A Lytt  199908172 1493 1103  923  663  423  893 1143 1463 1843 2123 2173 1993
667A Lytt  199908181 1663 1393  923  613  643  703  963 1343 1733 1913 2003 2003
667A Lytt  199908182 1713 1203 1053  833  353  543  873 1003 1463 1903 2033 1963
667A Lytt  199908191 1973 1573 1113  833  813  533  673 1133 1393 1613 1973 2083
667A Lytt  199908192 1813 1643 1503 1063  653  743  753  943 1313 1733 2013 2073
667A Lytt  199908201 2203 1963 1613 1263 1143  823  693 1063 1263 1473 1883 2233
667A Lytt  199908202 2153 1963 1913 1573  923 1043  953  903 1153 1613 1903 2073
667A Lytt  199908211 2303 2373 1853 1613 1443 1013  813  903 1213 1223 1593 2123
667A Lytt  199908212 2073 2033 2183 1763 1323 1093  903  933 1023 1283 1763 1863
667A Lytt  199908221 2273 2423 2123 2023 1723 1213  933 1073  843 1033 1353 1873
667A Lytt  199908222 1883 2023 2283 1913 1493 1223 1133  803  753 1163 1373 1643
667A Lytt  199908231 2133 2253 2293 2123 1853 1593  913  923  883  653 1003 1483
667A Lytt  199908232 1703 1903 2153 2003 1593 1373 1173  613  633  783  993 1233
667A Lytt  199908241 1723 2123 2113 2063 2113 1753 1143 1043  813  553  763 1093
667A Lytt  199908242 1523 1703 2103 2213 1833 1703 1423  863  613  613  843  803
667A Lytt  199908251 1353 1923 2023 2033 2273 1933 1453 1083  963  473  563  833
667A Lytt  199908252 1173 1453 2013 2183 1963 1933 1683 1013  703  613  533  523
667A Lytt  199908261  973 1603 1753 2013 2333 1903 1713 1483  793  543  293  533
667A Lytt  199908262  613 1013 1543 1933 1873 1883 1663 1283  693  423  463  153
667A Lytt  199908271  533 1003 1463 1683 2193 2083 1793 1623 1023  523  233  273
667A Lytt  199908272  283  523 1123 1703 1693 1903 2003 1473  973  723  403  -20
667A Lytt  199908281  293  633  873 1413 1973 2093 1883 1933 1423  683  453  273
667A Lytt  199908282   93  293  793 1333 1563 1913 2093 1813 1473 1083  703   93
667A Lytt  199908291  223  423  553 1053 1743 1993 2033 2193 1823 1223  773  553
667A Lytt  199908292  113  173  493  913 1403 1773 2103 2053 1933 1523 1123  533
667A Lytt  199908301  283  383  423  753 1413 1913 2043 2283 2323 1823 1313  993
667A Lytt  199908302  543  303  413  733 1123 1503 2083 2383 2203 2183 1713 1083
667A Lytt  199908311  643  543  263  453 1053 1393 1843 2233 2363 2103 1743 1323
667A Lytt  199908312  783  313  343  463  603 1123 1603 2043 2173 2323 2103 1413
667A Lytt  199909011 1113  703  313  293  643 1053 1303 1883 2263 2143 2083 1703
667A Lytt  199909012 1313  693  493  373  383  653 1303 1753 1883 2393 2413 1813
667A Lytt  199909021 1553 1143  533  263  433  663  823 1373 2033 2073 2013 2243
667A Lytt  199909022 1653 1003  753  563   23  283  853 1113 1533 2163 2383 1983
667A Lytt  199909031 2013 1603  863  533  413  283  473  893 1453 1793 1943 2243
667A Lytt  199909032 2053 1463 1133  833  263  133  463  703  993 1733 2203 2163
667A Lytt  199909041 2233 2083 1473  933  643  343  203  593  993 1283 1773 2213
667A Lytt  199909042 2163 1903 1823 1183  643  313  353  243  623 1243 1803 2003
667A Lytt  199909051 2363 2393 1923 1533 1103  703  213  393  633  803 1393 1973
667A Lytt  199909052 2233 2173 2253 1713 1203  813  483  273  413  933 1353 1763
667A Lytt  199909061 2313 2543 2293 2093 1703 1103  623  493  413  453 1053 1633
667A Lytt  199909062 1973 2273 2453 2223 1813 1303  843  513  203  593  903 1343
667A Lytt  199909071 2053 2473 2483 2443 2123 1573 1103  663  603  423  623 1313
667A Lytt  199909072 1843 2093 2443 2643 2203 1853 1373  963  393  553  673  873
667A Lytt  199909081 1573 2213 2313 2593 2623 2093 1553 1073  743  323  413  713
667A Lytt  199909082 1133 1743 2233 2433 2353 2223 1733 1183  633  523  363  453
667A Lytt  199909091  873 1643 2043 2233 2573 2343 1893 1413  883  413  333  253
667A Lytt  199909092  583 1113 1793 2103 2203 2363 2043 1493  953  773  213  283
667A Lytt  199909101  513 1073 1543 1983 2403 2333 2223 1723 1263  633  343  193
667A Lytt  199909102  373  573 1293 1863 1993 2213 2353 1853 1363  943  553  163
667A Lytt  199909111  283  643 1063 1593 2073 2253 2283 2073 1593 1013  643  293
667A Lytt  199909112  253  303  863 1413 1703 2093 2253 2103 1763 1243  883  413
667A Lytt  199909121  233  393  683 1133 1703 2113 2123 2263 2043 1363  973  723
667A Lytt  199909122  343  303  603 1093 1443 1873 2183 2243 2013 1833 1243  773
667A Lytt  199909131  563  363  473  943 1343 1773 2153 2203 2133 1893 1383  963
667A Lytt  199909132  713  443  393  873 1143 1533 2003 2223 2093 2103 1683 1103
667A Lytt  199909141  873  693  473  643 1153 1443 1783 2203 2173 1893 1843 1313
667A Lytt  199909142  883  673  563  613  923 1293 1673 1993 2173 2243 1913 1493
667A Lytt  199909151 1263  813  583  583  973 1183 1473 1953 2243 1993 1933 1833
667A Lytt  199909152 1223  873  823  673  673 1133 1463 1693 2053 2313 2023 1793
667A Lytt  199909161 1523 1153  773  633  723  963 1243 1653 1953 1953 2113 1893
667A Lytt  199909162 1553 1213  953  713  603  923 1203 1463 1793 2153 2113 2043
667A Lytt  199909171 1823 1413 1153  823  843  763 1083 1393 1693 1843 2143 2053
667A Lytt  199909172 1763 1603 1213  913  753  803  943 1263 1603 2003 2073 2053
667A Lytt  199909181 2093 1843 1303 1143  933  703  933 1223 1423 1743 2083 2003
667A Lytt  199909182 1963 1893 1493 1133  973  853  723 1133 1413 1613 2023 2283
667A Lytt  199909191 2053 2073 1793 1393 1083  903  753  893 1243 1413 1863 1973
667A Lytt  199909192 2083 2013 1693 1433 1113  813  813  813 1053 1503 1633 2133
667A Lytt  199909201 2223 2173 2053 1643 1343 1013  873  743  993 1263 1473 1853
667A Lytt  199909202 2053 2013 1893 1773 1223 1053  943  713  883 1223 1533 1783
667A Lytt  199909211 2233 2223 2203 1913 1603 1293  823  713  803  783 1243 1603
667A Lytt  199909212 1793 1963 2143 1793 1413 1103  863  603  453  853 1053 1313
667A Lytt  199909221 1823 2083 2103 1923 1713 1273  813  653  513  413  753 1183
667A Lytt  199909222 1534 1803 1993 1873 1623 1253  893  513  263  503  583  883
667A Lytt  199909231 1473 1893 1953 2033 1943 1473 1053  693  503  133  473  763
667A Lytt  199909232 1147 1513 1903 2013 1773 1553 1213  653  443  283  343  513
667A Lytt  199909241 1113 1623 1873 2023 2183 1823 1413 1063  613  243  323  503
667A Lytt  199909242  881 1363 1833 2033 2083 1943 1603 1103  583  523  273  303
667A Lytt  199909251  743 1323 1713 2033 2303 2123 1853 1373  803  493  193  283
667A Lytt  199909252  493  933 1523 1993 2123 2203 2003 1543 1073  703  383  153
667A Lytt  199909261  533  853 1423 1913 2213 2353 2173 1873 1393  783  493  363
667A Lytt  199909262  318  553 1333 1773 1943 2423 2363 1883 1573 1233  623   73
667A Lytt  199909271  513  343  923 1563 2063 2373 2493 2283 1833 1213  843  323
667A Lytt  199909272  181  293  603 1263 1763 2123 2283 2303 1953 1413  973  463
667A Lytt  199909281  253  223  433 1003 1513 1933 2353 2343 2093 1633 1243  593
667A Lytt  199909282  324  263  273  683 1343 1693 2153 2373 2213 1943 1403  903
667A Lytt  199909291  503  153  243  563 1013 1543 2023 2293 2273 2053 1653 1103
667A Lytt  199909292  668  383  293  333  883 1333 1813 2243 2393 2363 1973 1383
667A Lytt  199909301  993  453  263  363  523 1033 1533 1913 2203 2183 1993 1503
667A Lytt  199909302  923  603  263   83  423  793 1303 1863 2263 2323 2253 1903
667A Lytt  199910011 1433  883  503  303  233  543 1063 1503 1883 2243 2263 1893
667A Lytt  199910012 1503 1053  553  353  273  333  843 1323 1773 2253 2373 2203
667A Lytt  199910021 1973 1403  993  573  263  328  644 1100 1566 1982 2258 2270
667A Lytt  199910022 2023 1523 1153  643  383  183  463  913 1373 1913 2273 2323
667A Lytt  199910031 2273 1933 1483  913  573  303  333  663 1043 1563 2003 2263
667A Lytt  199910032 2243 2001 1612 1160  741  460  402  614 1024 1503 1943 2263
667A Lytt  199910041 2493 2313 2013 1593  983  643  543  413  713 1233 1583 2063
667A Lytt  199910042 2363 2303 2063 1703 1233  673  393  393  533  943 1413 1903
667A Lytt  199910051 2243 2353 2163 1913 1293  833  463  223  253  593 1003 1453
667A Lytt  199910052 1903 2213 2093 1933 1563  983  603  253  253  573  843 1353
667A Lytt  199910061 1883 2193 2293 2173 1693 1253  823  363  143  333  613  953
667A Lytt  199910062 1503 2033 2133 2083 2023 1313  853  573  313  123  593  903
667A Lytt  199910071 1393 1823 2303 2233 2013 1713 1213  663  323  333  293  643
667A Lytt  199910072 1223 1693 1983 2253 2273 1783 1373  963  573  273  383  623
667A Lytt  199910081 1063 1623 2073 2233 2253 2053 1573 1093  683  383  233  473
667A Lytt  199910082  813 1263 1853 2063 2313 2183 1743 1323  943  543  373  453
667A Lytt  199910091  853 1213 1803 2153 2273 2243 2153 1513  993  853  433  323
667A Lytt  199910092  593 1153 1553 1933 2293 2393 2153 1813 1423  913  603  503
667A Lytt  199910101  643 1003 1523 1913 2313 2423 2463 2093 1543 1143  863  503
667A Lytt  199910102  503  973 1333 1633 2193 2313 2213 2103 1793 1233  883  563
667A Lytt  199910111  613  573 1113 1643 1863 2173 2473 2133 1743 1443 1033  603
667A Lytt  199910112  533  753  993 1463 1863 2243 2263 2293 2233 1653 1233  923
667A Lytt  199910121  673  663  973 1283 1703 2073 2263 2273 2063 1803 1233  993
667A Lytt  199910122  563  683  813 1113 1583 1923 2173 2243 2303 1883 1473 1103
667A Lytt  199910131  833  553  743  953 1223 1693 2063 2143 2113 1983 1553 1103
667A Lytt  199910132  743  733  633  773 1263 1593 1873 2163 2283 2083 1723 1433
667A Lytt  199910141 1053  783  683  803 1023 1453 1753 1903 2093 2103 1803 1383
667A Lytt  199910142 1083  823  643  743  973 1323 1673 1913 2263 2113 1913 1743
667A Lytt  199910151 1193  853  763  713  733 1133 1453 1793 1873 2063 1993 1573
667A Lytt  199910152 1233  993  763  583  883  983 1273 1693 1953 2033 2023 1903
667A Lytt  199910161 1373 1123  943  623  623  883 1133 1383 1673 1963 1823 1743
667A Lytt  199910162 1503 1093  863  593  623  763  933 1313 1693 1783 1983 1873
667A Lytt  199910171 1633 1273 1003  703  453  583  843  933 1363 1683 1673 1733
667A Lytt  199910172 1673 1183  863  793  473  473  613  973 1253 1503 1823 1813
667A Lytt  199910181 1663 1513 1223  803  523  603  483  703 1143 1393 1593 1783
667A Lytt  199910182 1833 1423 1183 1073  663  433  623  773 1033 1383 1863 1873
667A Lytt  199910191 1903 1943 1563 1243  873  773  533  603  923 1303 1493 1843
667A Lytt  199910192 2013 1823 1633 1383 1053  643  683  723  833 1233 1693 1883
667A Lytt  199910201 2043 2163 1863 1563 1323  883  653  523  803 1113 1383 1843
667A Lytt  199910202 2093 2023 1993 1893 1353  953  833  703  713 1093 1553 1773
667A Lytt  199910211 2093 2393 2273 1783 1633 1323  723  653  693  803 1143 1633
667A Lytt  199910212 1963 2143 2203 2023 1643 1293  833  633  583  683 1063 1443
667A Lytt  199910221 1853 2263 2293 2163 1933 1503  933  653  443  553  703 1183
667A Lytt  199910222 1733 1893 2123 2413 1873 1643 1223  753  523  513  813 1073
667A Lytt  199910231 1593 2073 2233 2373 2293 1783 1453  863  603  423  473  783
667A Lytt  199910232 1273 1853 2133 2333 2383 1933 1553 1003  613  383  403  573
667A Lytt  199910241  953 1643 1963 2183 2373 2133 1653 1193  693  353  203  313
667A Lytt  199910242  673 1313 1803 2063 2383 2253 1793 1373  873  443  233  203
667A Lytt  199910251  493 1063 1603 1983 2333 2313 2023 1623  973  553  163  113
667A Lytt  199910252  263  663 1333 1863 2243 2383 2203 1883 1343  833  393  153
667A Lytt  199910261  143  603 1043 1653 2093 2293 2253 2043 1473  963  503  143
667A Lytt  199910262   73  223  843 1473 1933 2373 2543 2163 1943 1353  773  343
667A Lytt  199910271  133  233  543 1073 1733 2093 2343 2453 1983 1553 1003  493
667A Lytt  199910272  133  143  423  923 1443 2123 2403 2413 2393 1983 1323  753
667A Lytt  199910281  403  193  213  583 1203 1663 2053 2493 2263 2023 1563  883
667A Lytt  199910282  433   93  253  383  913 1533 1993 2393 2573 2273 1943 1353
667A Lytt  199910291  863  343  223  283  653 1143 1713 2203 2313 2413 2063 1483
667A Lytt  199910292 1043  493  303  183  553 1053 1523 2073 2533 2473 2363 1953
667A Lytt  199910301 1383  883  393  323  283  683 1173 1683 2023 2373 2333 1863
667A Lytt  199910302 1553 1003  523  213  303  583  853 1553 2103 2263 2363 2393
667A Lytt  199910311 1853 1353  853  473  243  363  753 1183 1623 2153 2373 2263
667A Lytt  199910312 2013 1563 1163  593  353  393  543  983 1683 2053 2313 2493
667A Lytt  199911011 2273 1823 1403  883  483  323  383  703 1193 1651 2042 2229
667A Lytt  199911012 2144 1848 1427  966  573  348  374  654 1087 1560 1997 2281
667A Lytt  199911021 2324 2137 1768 1293  843  433  373  383  653 1273 1703 1973
667A Lytt  199911022 2253 2193 1753 1383  983  543  223  343  633  933 1453 1973
667A Lytt  199911031 2143 2243 2093 1653 1223  683  393  303  303  793 1223 1603
667A Lytt  199911032 2003 2223 2073 1803 1383  963  463  363  493  533 1003 1643
667A Lytt  199911041 1893 2153 2233 2033 1533 1073  703  373  253  503  853 1263
667A Lytt  199911042 1743 2133 2233 2063 1883 1393  823  593  493  383  743 1233
667A Lytt  199911051 1703 1933 2193 2223 1883 1423 1053  583  343  343  553  813
667A Lytt  199911052 1433 1803 2043 2113 2083 1793 1183  833  583  323  483  883
667A Lytt  199911061 1223 1723 2043 2203 2123 1833 1453  873  643  403  333  633
667A Lytt  199911062 1073 1573 1883 2183 2163 2033 1633 1103  833  513  423  593
667A Lytt  199911071  943 1433 1843 2073 2213 2073 1743 1283  863  583  443  453
667A Lytt  199911072  823 1243 1663 2023 2283 2233 1943 1593 1193  773  643  593
667A Lytt  199911081  693 1213 1603 1883 2093 2183 1993 1683 1183  923  603  483
667A Lytt  199911082  703 1003 1443 1823 2163 2273 2033 1883 1563  993  773  603
667A Lytt  199911091  543  843 1313 1633 1923 2143 2153 1833 1623 1213  753  653
667A Lytt  199911092  703  793 1183 1673 2063 2183 2303 2223 1863 1423 1173  783
667A Lytt  199911101  613  903 1103 1403 1883 2153 2133 2113 1893 1543 1143  903
667A Lytt  199911102  823  793 1013 1553 1873 2123 2403 2433 2283 1813 1663 1103
667A Lytt  199911111  843  973 1043 1213 1723 2043 2203 2323 2193 1893 1633 1133
667A Lytt  199911112  983  833 1013 1273 1703 1993 2213 2463 2383 2063 1863 1393
667A Lytt  199911121 1053  953  873 1023 1453 1743 2003 2163 2253 2133 1613 1423
667A Lytt  199911122 1153  753  873  963 1273 1623 1883 2173 2233 2143 1933 1573
667A Lytt  199911131 1093  933  763  853 1113 1363 1643 1933 2123 2073 1863 1443
667A Lytt  199911132 1223  853  743  743  983 1303 1573 1933 2123 2143 2033 1803
667A Lytt  199911141 1333 1103  813  683  873 1033 1343 1673 1863 1963 1953 1603
667A Lytt  199911142 1353  973  863  623  823 1013 1323 1643 1883 2123 2183 1873
667A Lytt  199911151 1563 1333  883  693  733  763 1043 1473 1663 1833 2033 1843
667A Lytt  199911152 1643 1223 1083  813  673  843 1023 1303 1783 2033 2013 2083
667A Lytt  199911161 1773 1483 1153  753  703  543  903 1143 1393 1793 2093 2113
667A Lytt  199911162 1913 1513 1283  943  653  703  793 1013 1463 1773 1973 2233
667A Lytt  199911171 2073 1823 1523 1183  873  663  823  903 1183 1683 1883 2023
667A Lytt  199911172 2093 1833 1613 1153  983  803  743  913 1313 1603 2033 2243
667A Lytt  199911181 2293 2123 1793 1453 1093  653  583  723  873 1293 1683 1983
667A Lytt  199911182 2113 2093 1883 1413 1173  793  553  633  853 1163 1573 2013
667A Lytt  199911191 2163 2223 2033 1713 1303  793  653  463  483  993 1293 1693
667A Lytt  199911192 2153 2083 2103 1813 1433  983  693  463  513  813 1213 1643
667A Lytt  199911201 2043 2273 2233 1983 1703 1123  663  513  423  533  923 1453
667A Lytt  199911202 1893 2093 2313 2193 1803 1453  913  603  483  473  893 1283
667A Lytt  199911211 1793 2233 2333 2353 2163 1633 1103  693  433  403  613 1093
667A Lytt  199911212 1643 1993 2413 2453 2203 1973 1383  873  553  233  433  843
667A Lytt  199911221 1303 1833 2203 2353 2343 1923 1533  913  523  153  153  513
667A Lytt  199911222  973 1473 2113 2383 2353 2283 1753 1143  803  353  173  353
667A Lytt  199911231  693 1283 1833 2183 2413 2263 1873 1453  733  413  103  113
667A Lytt  199911232  453  943 1693 2133 2393 2573 2293 1853 1223  703  423  173
667A Lytt  199911241  293  863 1363 1893 2383 2533 2373 2093 1453  953  413  183
667A Lytt  199911242  233  533 1163 1773 2263 2633 2673 2363 1883 1263  753  293
667A Lytt  199911251  133  433  653 1323 1953 2233 2473 2383 1963 1393  803  383
667A Lytt  199911252  103   93  543 1173 1693 2293 2663 2543 2393 1833 1263  703
667A Lytt  199911261  243  203  293  743 1453 1863 2303 2553 2363 2023 1353  883
667A Lytt  199911262  433  113  263  663 1273 1833 2313 2683 2643 2333 1943 1333
667A Lytt  199911271  723  363  243  443  923 1403 1933 2333 2563 2453 1963 1463
667A Lytt  199911272 1043  373  253  343  743 1273 1853 2353 2643 2613 2443 1843
667A Lytt  199911281 1283  763  423  213  453  893 1383 1893 2313 2533 2323 1913
667A Lytt  199911282 1583  863  453  343  403  753 1293 1823 2243 2553 2543 2283
667A Lytt  199911291 1743 1343  783  343  343  463  973 1353 1913 2323 2403 2403
667A Lytt  199911292 2033 1413 1023  543  423  523  833 1323 1783 2233 2563 2463
667A Lytt  199911301 2173 1893 1183  793  513  353  573  953 1443 1933 2263 2383
667A Lytt  199911302 2263 1803 1463 1003  503  533  543  873 1323 1783 2233 2353
667A Lytt  199912011 2403 2203 1653 1153  773  463  423  563 1003 1363 1873 2243
667A Lytt  199912012 2253 2163 1833 1303 1003  583  473  603  883 1343 1813 2073
667A Lytt  199912021 2343 2473 1953 1593 1223  763  513  523  773 1123 1493 2033
667A Lytt  199912022 2293 2213 2263 1853 1353 1013  673  493  643  943 1363 1703
667A Lytt  199912031 2083 2313 2093 1833 1513 1033  623  523  443  763 1063 1663
667A Lytt  199912032 2073 2153 2403 2113 1713 1373  963  713  583  823 1093 1483
667A Lytt  199912041 1893 2183 2253 2233 1843 1393 1023  693  543  603  883 1143
667A Lytt  199912042 1723 1973 2143 2263 2003 1563 1243  933  613  603  803 1073
667A Lytt  199912051 1463 1903 2093 2163 2003 1713 1223  813  703  503  543  963
667A Lytt  199912052 1413 1693 2103 2233 2213 2013 1453 1183  913  583  603  853
667A Lytt  199912061 1213 1703 1923 2133 2233 1833 1693 1083  773  723  513  613
667A Lytt  199912062 1113 1463 1753 2143 2193 2053 1833 1393 1003  703  613  653
667A Lytt  199912071  823 1343 1733 1783 2153 2113 1861 1463 1063  703  523  563
667A Lytt  199912072  753 1083 1573 1883 2043 2093 1953 1623 1173  863  623  503
667A Lytt  199912081  583  963 1363 1633 1893 1993 1873 1513 1293  863  483  493
667A Lytt  199912082  563  743 1213 1593 1903 1973 2063 1823 1423 1093  803  493
667A Lytt  199912091  503  773  993 1393 1743 1903 1903 1803 1533 1103  713  643
667A Lytt  199912092  543  593 1003 1423 1723 2003 2153 1993 1753 1463 1033  713
667A Lytt  199912101  583  683  853 1253 1613 1913 2023 1933 1843 1443 1043  783
667A Lytt  199912102  673  583  883 1253 1613 1963 2183 2183 2083 1793 1363 1033
667A Lytt  199912111  753  763  813 1023 1503 1783 1943 2103 2133 1783 1463 1183
667A Lytt  199912112  933  693  873 1113 1453 1823 2113 2303 2243 2153 1773 1343
667A Lytt  199912121 1123  923  723  953 1283 1563 1913 2063 2133 2043 1693 1453
667A Lytt  199912122 1043  783  853  893 1133 1683 1923 2173 2403 2223 2103 1793
667A Lytt  199912131 1323 1133  923  833 1233 1463 1683 2073 2303 2233 2003 1843
667A Lytt  199912132 1473  873  963  883 1053 1413 1823 2133 2393 2513 2403 2183
667A Lytt  199912141 1783 1373 1083  983 1063 1103 1563 1873 2043 2193 2263 1883
667A Lytt  199912142 1563 1303  923  793  813  953 1283 1693 1943 2173 2233 2003
667A Lytt  199912151 1783 1423 1043  793  713  773  963 1343 1683 1913 2083 1963
667A Lytt  199912152 1713 1353 1063  783  603  733  913 1243 1593 1973 2083 2063
667A Lytt  199912161 1903 1643 1193  843  623  503  703  983 1373 1753 1963 2043
667A Lytt  199912162 2023 1493 1313  923  603  533  593  933 1293 1693 1993 2193
667A Lytt  199912171 2113 1903 1523 1113  793  553  463  723 1033 1423 1773 2123
667A Lytt  199912172 2113 1923 1723 1263  873  683  613  633  953 1473 1733 2043
667A Lytt  199912181 2293 2273 1803 1543 1193  653  493  643  673 1183 1623 1963
667A Lytt  199912182 2273 2313 2013 1763 1343  973  683  683  743 1083 1603 1993
667A Lytt  199912191 2213 2523 2373 1903 1573 1173  703  483  563  833 1143 1733
667A Lytt  199912192 2293 2313 2383 2273 1793 1273  963  703  473  743 1223 1473
667A Lytt  199912201 2023 2503 2353 2273 2063 1493  933  543  483  513  703 1433
667A Lytt  199912202 1913 2143 2543 2613 2113 1833 1273  823  513  483  653 1093
667A Lytt  199912211 1573 2133 2393 2543 2363 1963 1423  853  673  233  433  833
667A Lytt  199912212 1413 1893 2373 2663 2593 2263 1753 1263  733  453  383  523
667A Lytt  199912221 1023 1623 1993 2423 2523 2263 1953 1283  793  403  163  343
667A Lytt  199912222  793 1343 1913 2383 2683 2543 2273 1803 1113  663  303  223
667A Lytt  199912231  483  983 1513 2033 2413 2553 2213 1773 1273  693  243  133
667A Lytt  199912232  343  553 1393 2003 2403 2663 2663 2353 1673 1203  603  263
667A Lytt  199912241  183  433  953 1463 2093 2483 2513 2223 1853 1233  583  243
667A Lytt  199912242  123  183  723 1353 1923 2453 2753 2583 2273 1703 1113  553
667A Lytt  199912251  243  213  423  933 1683 2043 2363 2583 2293 1793 1153  627
667A Lytt  199912252  243   13  353  763 1293 2003 2473 2543 2563 2193 1643 1023
667A Lytt  199912261  483  293   73  423  973 1503 1963 2333 2483 2133 1693 1183
667A Lytt  199912262  643   73  193  243  693 1303 1893 2253 2443 2443 1963 1483
667A Lytt  199912271  953  473  143  123  433  923 1483 1883 2283 2353 2013 1663
667A Lytt  199912272 1093  573  163  113  363  723 1263 1863 2173 2303 2243 1913
667A Lytt  199912281 1313  903  453  133  193  543  883 1373 1923 2193 2233 1963
667A Lytt  199912282 1553 1083  483  283  223  303  743 1363 1703 2123 2273 2133
667A Lytt  199912291 1723 1353  893  273  303  323  443  893 1543 1883 2043 2083
667A Lytt  199912292 1892 1553 1083  483  283  223  303  743 1363 1703 2123 2273
667A Lytt  199912301 2133 1723 1353  893  273  303  323  443  893 1543 1883 2043
667A Lytt  199912302 2020 1800 1445 1037  679  454  428  626  973 1370 1751 2025
667A Lytt  199912311 2096 1951 1631 1223  933  573  373  433  803 1283 1813 2138
667A Lytt  199912312 2293 2023 1893 1553 1103  763  543  633  673 1163 1603 1883
