667A Lyttelton          New Zealand         1998 43360S 172430E 0000 3 00000R MM
667A Lytt  199801011  283  343  433  983 1593 1943 2123 2203 1993 1493  933  653
667A Lytt  199801012  243   93  443  833 1353 1783 2253 2423 2063 1953 1333  763
667A Lytt  199801021  493  253  243  473 1143 1593 1863 2183 2333 1873 1403 1073
667A Lytt  199801022  533  193  213  533  923 1393 1973 2343 2333 2283 1973 1283
667A Lytt  199801031  803  603  173  293  743 1273 1593 2053 2453 2213 1923 1523
667A Lytt  199801032 1083  413  303  373  493 1063 1603 1983 2363 2483 2333 1803
667A Lytt  199801041 1283  983  443  263  443  743 1183 1633 2163 2383 2183 1953
667A Lytt  199801042 1493  913  503  313  363  563 1053 1633 2073 2283 2403 2293
667A Lytt  199801051 1733 1333  833  363  313  443  763 1243 1803 2183 2283 2363
667A Lytt  199801052 2023 1453 1063  573  303  403  643 1063 1533 2083 2263 2263
667A Lytt  199801061 2183 1773 1233  813  493  263  393  783 1293 1813 2093 2453
667A Lytt  199801062 2363 1883 1603 1053  593  403  443  683 1013 1653 2053 2183
667A Lytt  199801071 2363 2153 1763 1213  773  423  263  423  863 1283 1833 2263
667A Lytt  199801072 2443 2383 1993 1583 1033  663  403  483  673 1173 1693 2053
667A Lytt  199801081 2473 2443 2193 1853 1303  843  603  433  533 1023 1473 1993
667A Lytt  199801082 2313 2523 2453 2013 1553 1133  683  583  493  823 1203 1603
667A Lytt  199801091 2193 2413 2523 2233 1803 1453  813  543  353  613 1073 1613
667A Lytt  199801092 1983 2403 2663 2373 2133 1693 1143  773  523  543  713 1263
667A Lytt  199801101 1763 2093 2413 2393 2123 1723 1143  863  423  293  583 1003
667A Lytt  199801102 1533 1993 2313 2523 2223 1943 1533  833  603  423  383  643
667A Lytt  199801111 1193 1723 2013 2263 2353 2023 1533 1023  603  363  213  573
667A Lytt  199801112 1053 1513 2073 2333 2423 2423 1943 1343  943  733  293  413
667A Lytt  199801121  843 1263 1673 2073 2403 2233 1913 1503  953  583  373  353
667A Lytt  199801122  733 1153 1703 2053 2363 2493 2293 1723 1333  953  463  483
667A Lytt  199801131  633  853 1463 1933 2143 2433 2293 1903 1463  943  583  383
667A Lytt  199801132  433  693 1233 1723 2053 2413 2303 2133 1663 1153  713  353
667A Lytt  199801141  483  583  843 1393 1913 2053 2223 2103 1753 1253  803  503
667A Lytt  199801142  283  413  773 1393 1723 2193 2363 2353 1953 1633 1163  593
667A Lytt  199801151  413  593  593  883 1623 2033 2003 2303 2093 1593 1333  893
667A Lytt  199801152  513  453  643  963 1453 1993 2273 2313 2383 2093 1483  953
667A Lytt  199801161  693  573  683  733 1353 1763 2003 2223 2293 2023 1663 1183
667A Lytt  199801162  853  603  573  783 1233 1603 2083 2253 2343 2163 1823 1363
667A Lytt  199801171  923  833  533  563  923 1333 1623 1953 2193 2093 1883 1483
667A Lytt  199801172 1003  843  573  543  843 1373 1563 1953 2283 2213 1963 1703
667A Lytt  199801181 1263  973  623  683  643 1093 1553 1773 2133 2323 2123 1853
667A Lytt  199801182 1653  993  733  693  763  993 1393 1763 1993 2303 2263 1973
667A Lytt  199801191 1523 1383  893  643  793  893 1123 1533 1863 2073 2123 1993
667A Lytt  199801192 1673 1263  993  623  613  833 1013 1433 1703 2023 2123 1993
667A Lytt  199801201 1813 1423 1003  813  653  653  863 1263 1503 1853 2053 1943
667A Lytt  199801202 1913 1493 1163  863  623  653  763 1113 1425 1710 1919 1970
667A Lytt  199801211 1828 1540 1173  803  663  513  503  793 1183 1443 1673 2013
667A Lytt  199801212 1873 1483 1403  963  613  513  523  713  943 1323 1763 1653
667A Lytt  199801221 1853 1813 1253  973  903  453  293  653  883 1123 1543 1893
667A Lytt  199801222 1923 1683 1663 1273  763  733  503  423  843 9999 9999 9999
667A Lytt  199801231 9999 9999 9999 9999 9999 9999 9999 9999 9999 9999 9999 9999
667A Lytt  199801232 9999 9999 9999 9999 9999 9999 9999 9999 9999 9999 9999 9999
667A Lytt  199801241 9999 9999 9999 9999 9999 9999 9999 9999 9999 9999 9999 9999
667A Lytt  199801242 9999 9999 9999 9999 9999 9999  733  423  523  583  873 1263
667A Lytt  199801251 1643 1963 1963 1903 1653 1163  813  503  383  423  733 1143
667A Lytt  199801252 1563 1833 2143 2043 1813 1523 1063  633  563  453  563  903
667A Lytt  199801261 1383 1803 1963 2043 1953 1543 1193  653  443  363  453  853
667A Lytt  199801262 1333 1703 2063 2263 2123 1983 1413 1043  713  443  483  663
667A Lytt  199801271 1063 1623 1963 2183 2293 2033 1633 1153  653  543  393  643
667A Lytt  199801272 1033 1493 2023 2333 2453 2313 2093 1503 1033  603  483  433
667A Lytt  199801281  723 1203 1693 2113 2303 2343 2063 1523 1143  663  353  433
667A Lytt  199801282  523 1053 1673 2013 2383 2603 2303 1913 1533  843  523  393
667A Lytt  199801291  413  753 1293 1833 2143 2373 2393 2033 1543  973  643  333
667A Lytt  199801292  323  643 1143 1683 2203 2603 2463 2383 1973 1253  863  443
667A Lytt  199801301  283  263  793 1393 1853 2253 2463 2333 1903 1563  953  473
667A Lytt  199801302  293  243  613 1073 1763 2253 2493 2503 2333 1853 1273  713
667A Lytt  199801311  463  233  323  883 1463 1833 2273 2543 2143 1933 1413  773
667A Lytt  199801312  383  143  173  493 1093 1703 2013 2383 2483 2153 1623 1113
667A Lytt  199802011  663  203   93  293  723 1293 1843 2193 2353 2233 1853 1293
667A Lytt  199802012  813  323  183  223  543 1143 1663 2053 2453 2353 2063 1723
667A Lytt  199802021 1053  563  353  133  283  803 1463 1853 2073 2483 2243 1723
667A Lytt  199802022 1363  783  393   93  253  663 1023 1583 2133 2223 2303 2003
667A Lytt  199802031 1533 1043  523  283  113  273  833 1323 1753 2243 2383 2073
667A Lytt  199802032 1803 1383  743  353  263  263  553 1073 1683 1923 2193 2283
667A Lytt  199802041 1943 1493 1043  513  213  163  363  733 1243 1803 2153 2173
667A Lytt  199802042 2123 1843 1243  663  423  273  263  613 1053 1563 1903 2223
667A Lytt  199802051 2123 1953 1533  943  553  193  163  433  823 1273 1833 2103
667A Lytt  199802052 2283 2153 1713 1293  783  493  173  423  653 1023 1583 2003
667A Lytt  199802061 2043 2243 1973 1423 1053  563  313  233  533  833 1473 1853
667A Lytt  199802062 2193 2283 2193 1813 1303  953  533  273  463  723 1113 1563
667A Lytt  199802071 1953 2213 2193 1883 1543  973  483  433  223  493  993 1413
667A Lytt  199802072 1863 2173 2343 1993 1783 1413  733  473  453  403  683 1213
667A Lytt  199802081 1663 2013 2203 2243 1863 1363  973  563  323  263  673 1033
667A Lytt  199802082 1523 1933 2303 2263 2153 1853 1293  783  733  443  583  923
667A Lytt  199802091 1293 1773 2083 2293 2053 1953 1403  883  703  473  363  693
667A Lytt  199802092 1363 1843 2063 2423 2423 2103 1803 1273  783  613  393  553
667A Lytt  199802101  943 1413 1813 2223 2203 2173 1813 1333  833  553  513  353
667A Lytt  199802102  833 1263 1763 2103 2273 2333 2033 1643 1143  773  663  403
667A Lytt  199802111  643 1123 1503 1893 2203 2143 2083 1723 1063  793  523  293
667A Lytt  199802112  473  843 1443 1763 2083 2333 2153 1773 1423  943  593  403
667A Lytt  199802121  383  703 1133 1593 1873 2093 2103 1943 1383 1023  713  393
667A Lytt  199802122  323  553  993 1403 1873 2163 2093 2003 1733 1213  883  573
667A Lytt  199802131  403  473  773 1223 1653 1893 2093 2113 1703 1363 1003  643
667A Lytt  199802132  383  493  743 1013 1573 2043 2003 2063 2093 1593 1083  853
667A Lytt  199802141  563  423  653 1073 1423 1743 2063 2173 1903 1713 1413  873
667A Lytt  199802142  563  543  583  803 1373 1813 1923 2163 2153 1873 1423 1103
667A Lytt  199802151  823  463  513  813 1093 1483 1823 2023 2023 1933 1623 1183
667A Lytt  199802152  793  513  543  653  973 1463 1743 1913 2153 2113 1643 1323
667A Lytt  199802161 1083  683  523  713  973 1133 1603 1973 1973 1973 1903 1483
667A Lytt  199802162 1053  803  633  573  803 1243 1413 1773 2153 2003 1923 1683
667A Lytt  199802171 1223  943  683  673  723 1023 1423 1653 1923 2083 2033 1803
667A Lytt  199802172 1373 1193  763  673  823 1033 1303 1533 2053 2033 2103 1813
667A Lytt  199802181 1583 1193  833  813  713  903 1253 1473 1783 2023 2203 2003
667A Lytt  199802182 1533 1453 1093  663  743  853  943 1313 1713 1953 1923 2113
667A Lytt  199802191 1873 1403 1163  973  773  603 1013 1373 1463 1873 2203 2043
667A Lytt  199802192 1903 1703 1323  903  863  843  723 1173 1583 1743 1883 2263
667A Lytt  199802201 2083 1663 1423 1243  843  743  863 1133 1273 1753 2123 2133
667A Lytt  199802202 2193 2023 1683 1303 1103  893  773 1003 1383 1563 1953 2203
667A Lytt  199802211 2183 1963 1743 1413 1193  723  813  993  983 1473 1933 2113
667A Lytt  199802212 2153 2273 2053 1483 1273 1113  583  593 1113 1303 1433 2033
667A Lytt  199802221 2223 1993 2003 1703 1283  893  753  693  673 1163 1563 1863
667A Lytt  199802222 2123 2393 2233 1803 1713 1273  803  723  813 1083 1403 1883
667A Lytt  199802231 2153 2343 2223 2163 1803 1353  873  793  593  853 1383 1723
667A Lytt  199802232 1973 2443 2493 2323 2053 1723 1193  733  833  743  993 1433
667A Lytt  199802241 1973 2183 2343 2423 2083 1573 1243  963  423  633  883 1203
667A Lytt  199802242 1663 2173 2423 2313 2333 2033 1323  843  703  443  503  903
667A Lytt  199802251 1403 1863 2143 2353 2283 1833 1463 1003  433  393  323  713
667A Lytt  199802252 1073 1693 2163 2263 2433 2213 1583 1163  833  333  253  473
667A Lytt  199802261  783 1303 1853 2203 2223 2233 1843 1233  663  393  183  203
667A Lytt  199802262  513 1113 1643 2113 2383 2373 2103 1603 1023  523  193  193
667A Lytt  199802271  323  763 1463 1953 2223 2303 2273 1783 1113  783  403   13
667A Lytt  199802272  283  603 1193 1783 2273 2513 2363 2153 1653  983  573  233
667A Lytt  199802281  163  333  723 1643 2003 2223 2523 2293 1743 1233  723  223
667A Lytt  199802282   50  175  614 1224 1800 2234 2459 2394 2044 1512  943  473
667A Lytt  199803011  184  146  436  991 1587 2075 2409 2494 2264 1792 1215  672
667A Lytt  199803012  283  223  293  653 1343 1973 2263 2443 2533 2043 1513  953
667A Lytt  199803021  423  173  193  423 1033 1533 2103 2463 2413 2273 1833 1253
667A Lytt  199803022  603  353  153  253  723 1403 1823 2223 2553 2413 1973 1513
667A Lytt  199803031 1043  413  143  353  503  913 1653 2123 2203 2433 2273 1673
667A Lytt  199803032 1143  753  303  113  383  803 1283 1663 2293 2453 2213 1973
667A Lytt  199803041 1543  833  413  383  203  413 1093 1673 1883 2333 2573 2123
667A Lytt  199803042 1613 1363  793  223  303  543  683 1163 1933 2163 2163 2303
667A Lytt  199803051 2023 1353  843  653  323  163  673 1073 1443 1983 2463 2363
667A Lytt  199803052 2083 1903 1293  683  583  523  503  783 1463 1893 2083 2393
667A Lytt  199803061 2383 1873 1493 1123  503  333  493  793 1043 1703 2183 2403
667A Lytt  199803062 2363 2343 1933 1283  863  703  363  483 1053 1363 1703 2213
667A Lytt  199803071 2453 2023 2013 1583  943  503  443  493  453 1163 1773 1903
667A Lytt  199803072 2143 2433 2043 1563 1353  813  403  353  563  803 1283 1743
667A Lytt  199803081 2113 2153 2023 1893 1253  833  633  303  263  753 1113 1463
667A Lytt  199803082 1903 2283 2193 1823 1633 1223  513  373  483  453  793 1363
667A Lytt  199803091 1793 1963 2053 2103 1653 1223  883  563  283  443  893 1143
667A Lytt  199803092 1643 2103 2203 2183 2013 1683 1043  723  613  493  613 1153
667A Lytt  199803101 1563 1803 2173 2373 1953 1703 1373  873  513  563  613  993
667A Lytt  199803102 1283 1893 2203 2193 2283 2043 1473  993  833  633 9999 9999
667A Lytt  199803111 9999 9999 9999 9999 9999 9999 9999 9999 9999 9999 9999 9999
667A Lytt  199803112 9999 9999 9999 9999 9999 9999 9999 9999 9999 9999 9999 9999
667A Lytt  199803121 9999 9999 9999 9999 9999 9999 9999 9999 9999 9999 9999 9999
667A Lytt  199803122 9999 9999 9999 9999 9999 9999 9999 9999 9999 9999 9999 9999
667A Lytt  199803131 9999 9999 9999 9999 9999 9999 9999 9999 9999 9999 9999 9999
667A Lytt  199803132 9999 9999 9999 9999 9999 9999 9999 9999 9999 9999 9999 9999
667A Lytt  199803141 9999 9999 9999 9999 9999 9999 9999 9999 9999 9999 9999 9999
667A Lytt  199803142 9999 9999 9999 9999 9999 9999 9999 9999 9999 9999 9999 9999
667A Lytt  199803151 9999 9999 9999 9999 9999 9999 9999 9999 9999 9999 9999 9999
667A Lytt  199803152 9999 9999 9999 9999 9999 9999 9999 9999 9999 9999 9999 9999
667A Lytt  199803161 9999 9999 9999 9999 9999 9999 9999 9999 9999 9999 9999 9999
667A Lytt  199803162 9999  743  733  833 1273 1613 1883 1983 2043 1873 1553 1053
667A Lytt  199803171  883  653  623  843 1163 1443 1803 1993 2013 1823 1633 1343
667A Lytt  199803172  927  613  663  563  853 1373 1653 1703 1983 2003 1603 1293
667A Lytt  199803181 1113  763  433  773  933 1053 1593 1923 1913 1943 1953 1583
667A Lytt  199803182 1209  863  763  583  733 1233 1393 1623 2073 2123 1923 1693
667A Lytt  199803191 1523 1043  663  873  823 1003 1483 1713 1933 2003 2103 1843
667A Lytt  199803192 1588 1303  863  673  873 1063 1073 1493 1993 1993 1993 2033
667A Lytt  199803201 1673 1273  943  770  746  904 1233 1543 1753 2073 2243 2133
667A Lytt  199803202 1859 1513 1363  913  873  923 1023 1253 1663 2013 2043 2043
667A Lytt  199803211 1943 1543 1243 1013  963  643 1093 1363 1433 1863 2223 2224
667A Lytt  199803212 2014 1663 1763 1073  813  803  803 1053 1363 1843 2013 2093
667A Lytt  199803221 2213 1843 1453 1273  973  593  763  923 1143 1473 1913 2124
667A Lytt  199803222 2148 1963 1723 1253 1003  723  463  763  973 1203 1743 2003
667A Lytt  199803231 2043 1993 1743 1403  983  713  633  653  833 1083 1713 2011
667A Lytt  199803232 2182 2143 1923 1483 1233  873  413  473  633  783 1223 1733
667A Lytt  199803241 2053 2013 2033 1783 1243  873  723  293  513  773 1143 1607
667A Lytt  199803242 2000 2233 2083 2003 1553 1143  683  483  433  593 1093 1383
667A Lytt  199803251 1843 2013 2253 2103 1703 1293  803  413  453  463  753 1198
667A Lytt  199803252 1662 2023 2283 2243 1913 1493  953  463  243  353  433  843
667A Lytt  199803261 1393 1883 2033 2233 2023 1583 1063  553  263  103  223  597
667A Lytt  199803262 1139 1673 2063 2273 2183 1833 1253  873  293  163   93  363
667A Lytt  199803271  833 1493 1913 2233 2233 2023 1603  893  493  103   13  165
667A Lytt  199803272  601 1193 1773 2153 2343 2193 1743 1273  613  233   23  -20
667A Lytt  199803281  323  923 1533 1923 2293 2373 2003 1543  973  433  113   20
667A Lytt  199803282  228  733 1383 1953 2463 2533 2523 2233 1643  913  503  213
667A Lytt  199803291   53  403 1083 1693 2163 2533 2413 2113 1713 1053  623  259
667A Lytt  199803292  151  363  913 1573 2153 2413 2613 2483 1983 1463  853  303
667A Lytt  199803301  173  163  533 1203 1803 2283 2623 2473 2253 1763 1013  494
667A Lytt  199803302  160   83  423  943 1603 1973 2423 2673 2383 2053 1453  813
667A Lytt  199803311  363  233  263  663 1273 1933 2273 2503 2623 2213 1653 1082
667A Lytt  199803312  590  273  143  523  983 1463 2093 2373 2513 2433 1963 1473
667A Lytt  199804011  953  473  203  343  603 1173 1833 2223 2473 2523 2123 1611
667A Lytt  199804012 1064  593  323  323  523  863 1353 1993 2253 2323 2343 1843
667A Lytt  199804021 1373  893  433  263  423  793 1283 1803 2313 2413 2433 2104
667A Lytt  199804022 1634 1123  643  443  303  553  963 1503 1913 2283 2553 2273
667A Lytt  199804031 1823 1483 1013  553  313  593  923 1203 1843 2203 2423 2422
667A Lytt  199804032 2203 1843 1183  983  583  533  703 1253 1633 1973 2463 2393
667A Lytt  199804041 2293 1953 1483 1033  633  503  513  753 1403 1833 2113 2323
667A Lytt  199804042 2294 2073 1603 1273  923  443  483  783 1033 1493 1993 2153
667A Lytt  199804051 2233 2143 1733 1323  863  613  433  453  893 1313 1643 2015
667A Lytt  199804052 2199 2173 1793 1633  973  553  493  453  663  993 1493 1903
667A Lytt  199804061 2133 2223 2113 1643 1193  903  553  233  603  743 1183 1574
667A Lytt  199804062 1870 1983 1943 1813 1283  793  503  413  213  563 1163 1363
667A Lytt  199804071 1613 2163 2083 1743 1583 1143  683  483  513  563  823 1238
667A Lytt  199804072 1637 1923 2043 2103 1643 1163  883  573  243  453  833  963
667A Lytt  199804081 1413 1903 1963 1893 1843 1373  913  623  493  383  523  896
667A Lytt  199804082 1317 1693 1993 2203 1833 1553 1233  883  433  513  773  783
667A Lytt  199804091 1363 1873 1973 2063 2183 1813 1313  963  753  483  453  853
667A Lytt  199804092 1203 1533 1923 2123 2033 1873 1543 1093  633  543  593  643
667A Lytt  199804101  873 1513 1843 1903 2073 2013 1623 1123  973  533  303  613
667A Lytt  199804102  813 1153 1623 1933 1963 1903 1733 1373  763  683  563  383
667A Lytt  199804111  703 1143 1563 1633 2043 2113 1643 1413 1203  593  363  523
667A Lytt  199804112  653  703 1433 1833 1753 1953 1953 1493 1013  873  573  303
667A Lytt  199804121  583  863 1203 1543 2033 1993 1803 1753 1353  833  533  543
667A Lytt  199804122  433  523 1123 1453 1603 1873 1973 1533 1363 1013  673  383
667A Lytt  199804131  363  693  953 1263 1763 1983 1883 1883 1653 1173  773  603
667A Lytt  199804132  503  503  853 1253 1583 1823 2043 1863 1623 1283 1023  653
667A Lytt  199804141  443  613  763 1213 1553 1883 2013 1993 1803 1443 1173  673
667A Lytt  199804142  713  453  653 1133 1363 1613 1963 2003 1703 1623 1303  783
667A Lytt  199804151  573  563  633  843 1343 1683 1803 2043 2113 1733 1313 1063
667A Lytt  199804152  863  423  543  843 1133 1283 1793 2053 1863 1833 1573 1103
667A Lytt  199804161  743  753  653  563 1163 1513 1593 2063 2173 1863 1653 1403
667A Lytt  199804162 1073  613  553  713  863 1113 1593 1853 1793 1993 1853 1273
667A Lytt  199804171  993  943  593  443  923 1213 1413 1833 2083 2023 1913 1703
667A Lytt  199804172 1363  853  793  753  593  923 1363 1563 1703 1953 2293 1573
667A Lytt  199804181 1283 1253  783  573  673 1133 1153 1503 2073 1883 1873 2033
667A Lytt  199804182 1564 1043  853  713  383  573  943 1213 1433 1863 1903 1743
667A Lytt  199804191 1543 1183  853  573  563  573  773 1223 1583 1753 1953 1963
667A Lytt  199804192 1793 1363 1043  903  423  423  703  963 1193 1663 1953 1903
667A Lytt  199804201 1663 1623 1163  603  653  493  423  803 1313 1573 1743 2043
667A Lytt  199804202 1993 1583 1343  963  543  283  353  523  803 1253 1653 1803
667A Lytt  199804211 1773 1723 1403  803  603  403  183  353  753 1053 1313 1823
667A Lytt  199804212 2013 1653 1573 1283  623  293  223  153  323  833 1323 1623
667A Lytt  199804221 1823 1883 1693 1263  893  533  183  203  313  733 1063 1593
667A Lytt  199804222 1963 1993 1903 1673 1183  563  433  243  203  563 1173 1533
667A Lytt  199804231 1793 2273 2183 1863 1523 1143  543  323  343  483  723 1483
667A Lytt  199804232 1866 2103 2273 2213 1783 1253  823  433  173  303  683 1183
667A Lytt  199804241 1603 2083 2333 2183 2083 1613  763  603  303  163  393  913
667A Lytt  199804242 1543 1833 2243 2473 2113 1713 1293  693  293  203  383  753
667A Lytt  199804251 1183 1943 2283 2343 2553 2133 1463 1023  623  143   83  493
667A Lytt  199804252  983 1433 2083 2473 2333 2183 1913 1093  543  333  123  213
667A Lytt  199804261  503 1423 1843 2053 2553 2393 1813 1513  883  303  -40  113
667A Lytt  199804262  363  743 1513 2043 2253 2243 2163 1623  913  533  323  -90
667A Lytt  199804271  153  753 1273 1733 2413 2583 2303 2093 1563  873  323  153
667A Lytt  199804272   52  273 1013 1723 1873 2253 2633 2063 1583 1183  673  133
667A Lytt  199804281   73  303  713 1313 1953 2543 2393 2433 2203 1383  783  513
667A Lytt  199804282  152   63  503 1093 1523 2003 2493 2303 2083 1713 1173  553
667A Lytt  199804291  193  133  313  673 1493 2013 2233 2543 2503 1913 1363  973
667A Lytt  199804292  411   33  183  553  933 1443 2043 2243 2253 2063 1633 1063
667A Lytt  199804301  433  333   93  193  893 1363 1753 2313 2453 2233 1863 1453
667A Lytt  199804302  903  323  163  383  443  923 1593 1953 2073 2323 2093 1493
667A Lytt  199805011  993  683  293   73  573  953 1233 1913 2253 2303 1963 2043
667A Lytt  199805012 1243  883  573  313  293  503 1163 1473 1773 2313 2293 1823
667A Lytt  199805021 1473 1233  493  163  473  433  733 1353 1913 2033 2093 2293
667A Lytt  199805022 1833 1273  913  533  293  263  783 1113 1393 1933 2343 1983
667A Lytt  199805031 1803 1743 1113  463  703  553  513 1113 1633 1753 2063 2483
667A Lytt  199805032 2157 1663 1513 1033  483  543  703  773 1193 1813 2113 2113
667A Lytt  199805041 2263 2103 1603 1053 1013  603  453  813 1253 1453 1773 2343
667A Lytt  199805042 2170 1803 1843 1493  683  623  593  413  833 1293 1623 1843
667A Lytt  199805051 2173 2083 1663 1333 1173  633  293  583  683  873 1423 1903
667A Lytt  199805052 1943 1903 2013 1553  963  683  573  233  283  883 1203 1323
667A Lytt  199805061 1893 2023 1733 1503 1323  753  403  503  413  563 1053 1503
667A Lytt  199805062 1743 1903 2003 1713 1233 1013  703  253  393  573  863 1173
667A Lytt  199805071 1583 1883 1913 1813 1693 1213  723  713  493  423  813 1253
667A Lytt  199805072 1488 1633 2003 1973 1503 1323 1003  473  313  593  813  993
667A Lytt  199805081 1553 1863 1963 1913 2023 1503  973  963  533  323  563  983
667A Lytt  199805082 1291 1563 1913 1993 1753 1513 1143  703  483  423  533  723
667A Lytt  199805091 1133 1623 1883 1873 2083 1813 1243 1123  793  483  443  843
667A Lytt  199805092 1141 1473 1903 2093 1993 1863 1573 1123  833  783  683  693
667A Lytt  199805101 1103 1703 1833 2073 2413 2143 1733 1553 1163  633  643  873
667A Lytt  199805102  823 1233 1843 1993 1983 2123 1843 1313 1113  863  583  633
667A Lytt  199805111  833 1223 1633 1753 2313 2173 1813 1833 1223  813  673  653
667A Lytt  199805112  693  933 1503 1783 1913 2073 1993 1623 1303 1083  613  663
667A Lytt  199805121  673  983 1363 1623 2163 2283 2033 2123 1683 1153  833  853
667A Lytt  199805122  693  793 1313 1693 1843 2073 2253 1863 1693 1333  993  743
667A Lytt  199805131  703  903 1123 1523 2033 2213 2133 2353 2003 1363 1153  873
667A Lytt  199805132  733  803 1153 1433 1723 2083 2303 2053 2033 1683 1153 1013
667A Lytt  199805141  753  763 1023 1293 1813 2063 2233 2493 2103 1773 1563 1023
667A Lytt  199805142  753  703  853  993 1373 1803 1923 2013 2013 1793 1353 1043
667A Lytt  199805151  633  563  643  803 1363 1623 1893 2283 2103 1773 1623 1293
667A Lytt  199805152  743  643  633  653 1023 1403 1683 1873 2123 1813 1693 1293
667A Lytt  199805161  873  653  613  623 1153 1373 1663 2143 2223 1843 1963 1593
667A Lytt  199805162 1063  773  603  553  713 1223 1483 1603 2173 2093 1873 1633
667A Lytt  199805171 1163  853  663  483  823 1033 1263 1873 2053 1993 2023 1723
667A Lytt  199805172 1423  933  583  483  413  753 1063 1323 1763 1893 1953 1793
667A Lytt  199805181 1333 1053  813  393  513  713  923 1423 1673 1953 2033 1913
667A Lytt  199805182 1673 1253  823  543  293  443  663  933 1463 1683 2053 1953
667A Lytt  199805191 1603 1413  953  523  463  433  563  983 1413 1693 1963 2163
667A Lytt  199805192 1993 1543 1263  803  443  253  413  623 1103 1473 1903 2093
667A Lytt  199805201 1963 1713 1423  793  633  353  333  563 1013 1343 1703 2133
667A Lytt  199805202 2113 1933 1603 1223  603  303  313  303  673 1213 1623 1873
667A Lytt  199805211 2203 2173 1753 1303  993  613  173  393  593  963 1463 1943
667A Lytt  199805212 2163 2183 2073 1603 1153  713  313  213  433  803 1253 1873
667A Lytt  199805221 2163 2233 2293 1803 1493  893  503  373  393  633 1033 1663
667A Lytt  199805222 2033 2293 2373 2163 1593 1173  713  293  263  413  893 1433
667A Lytt  199805231 1933 2333 2503 2383 2093 1453 1023  683  323  473  653 1303
667A Lytt  199805232 1823 2243 2523 2593 2163 1823 1273  643  543  353  593 1143
667A Lytt  199805241 1633 2203 2593 2663 2733 2163 1573 1223  633  403  493  783
667A Lytt  199805242 1343 1923 2323 2563 2643 2273 1773 1133  743  413  303  653
667A Lytt  199805251 1153 1733 2253 2633 2903 2643 2133 1773 1133  633  393  463
667A Lytt  199805252  903 1453 1963 2463 2673 2693 2323 1773 1293  773  423  423
667A Lytt  199805261  663 1153 1793 2333 2713 2813 2683 2233 1643 1033  593  393
667A Lytt  199805262  533  873 1483 2053 2353 2733 2693 2263 1833 1233  703  453
667A Lytt  199805271  343  703 1263 1813 2423 2703 2783 2673 2163 1593 1013  583
667A Lytt  199805272  323  483  873 1393 1873 2303 2533 2393 2193 1563 1053  633
667A Lytt  199805281  313  293  613 1153 1783 2253 2533 2673 2403 1903 1333  833
667A Lytt  199805282  503  293  493  823 1333 1943 2203 2333 2443 2033 1553 1133
667A Lytt  199805291  663  333  333  793 1243 1663 2243 2603 2443 2333 1893 1173
667A Lytt  199805292  903  503  373  553  903 1513 1803 2163 2523 2333 2023 1613
667A Lytt  199805301 1203  583  633  563  993 1303 1923 2383 2523 2523 2383 1853
667A Lytt  199805302 1393 1023  643  503  633 1163 1603 1873 2353 2453 2253 2003
667A Lytt  199805311 1513 1183  683  633  683  833 1463 1953 2083 2263 2533 2163
667A Lytt  199805312 1863 1433 1043  633  603  883 1093 1513 2093 2243 2313 2353
667A Lytt  199806011 1833 1383 1153  653  713  633 1063 1513 1823 2073 2353 2283
667A Lytt  199806012 2013 1753 1283  733  743  673  633 1253 1593 1883 2193 2463
667A Lytt  199806021 2053 1853 1503 1093  853  723  933 1123 1513 1953 2053 2333
667A Lytt  199806022 2243 1983 1533 1103  883  763  513  883 1373 1593 1963 2393
667A Lytt  199806031 2193 2063 1883 1363 1143  733  843  913 1133 1563 1773 2133
667A Lytt  199806032 2313 2153 1793 1453 1093  773  503  743  873 1093 1693 2023
667A Lytt  199806041 1913 2143 2033 1433 1263  893  653  653  793 1043 1403 1833
667A Lytt  199806042 1933 2093 1903 1483 1233  963  403  503  623  783 1193 1713
667A Lytt  199806051 1763 1983 2033 1663 1553  893  633  723  453  753 1123 1403
667A Lytt  199806052 1823 2093 1943 1813 1463 1163  643  433  643  433  913 1343
667A Lytt  199806061 1463 1853 1963 1803 1663 1073  913  653  393  483  773 1053
667A Lytt  199806062 1483 1823 1913 1833 1693 1413  813  613  583  373  713 1003
667A Lytt  199806071 1463 1653 1963 2033 1843 1493 1243  883  473  573  513  943
667A Lytt  199806072 1273 1693 1893 1953 1963 1673 1223  833  663  463  533  893
667A Lytt  199806081 1203 1513 1913 2083 2133 1813 1553 1263  763  543  633  723
667A Lytt  199806082 1127 1593 1813 1923 2073 2043 1403 1183 1033  443  533  843
667A Lytt  199806091  903 1373 1893 2013 2243 2163 1803 1553 1103  673  563  653
667A Lytt  199806092  886 1283 1703 1883 2143 2273 1673 1543 1293  693  633  713
667A Lytt  199806101  743 1083 1703 1933 2163 2373 2223 1783 1373  923  653  513
667A Lytt  199806102  620  943 1283 1763 1893 2133 1963 1613 1483  823  613  603
667A Lytt  199806111  423  833 1253 1523 2003 2203 2033 2083 1443 1083  763  363
667A Lytt  199806112  345  533  893 1343 1603 1853 2023 1813 1443 1163  693  523
667A Lytt  199806121  343  513  693 1273 1793 1903 2133 2143 1763 1343 1003  763
667A Lytt  199806122  507  433  733  963 1363 1933 1933 2013 1973 1413 1103  793
667A Lytt  199806131  433  463  673 1093 1503 1913 2283 2413 2153 1873 1523 1033
667A Lytt  199806132  735  593  643  933 1283 1813 1963 2223 2193 1953 1633 1173
667A Lytt  199806141  913  513  633  883 1313 1643 2123 2453 2283 2303 1863 1313
667A Lytt  199806142  978  733  493  553  943 1403 1613 2063 2253 2043 1973 1403
667A Lytt  199806151 1063  823  333  703  863 1103 1783 2173 2173 2413 2063 1793
667A Lytt  199806152 1366  943  593  483  673  973 1273 1753 2083 2253 2143 1823
667A Lytt  199806161 1453  963  573  503  563  753 1293 1683 1993 2253 2273 2093
667A Lytt  199806162 1800 1433  833  493  463  713  853 1373 1943 2183 2253 2343
667A Lytt  199806171 1893 1373 1083  813  533  603 1053 1323 1723 2173 2323 2293
667A Lytt  199806172 2108 1763 1173  743  573  453  553 1063 1543 1803 2223 2393
667A Lytt  199806181 2233 1783 1433 1013  633  573  693  933 1363 1873 2143 2293
667A Lytt  199806182 2329 2123 1793 1353  813  613  413  703 1063 1443 2003 2373
667A Lytt  199806191 2473 2133 2053 1383 1033  673  543  673  953 1393 1833 2163
667A Lytt  199806192 2421 2423 2043 1633 1213  633  293  323  633  943 1523 2003
667A Lytt  199806201 2113 2403 2253 1723 1413  883  453  333  473  633 1123 1773
667A Lytt  199806202 2080 2193 2313 1973 1423 1083  453  233  303  533 1003 1583
667A Lytt  199806211 2073 2313 2383 2263 1833 1343  833  463  243  383  753 1203
667A Lytt  199806212 1762 2203 2293 2273 1993 1603  923  453  353  313  553 1033
667A Lytt  199806221 1673 2133 2373 2553 2373 1893 1353  803  453  363  283  753
667A Lytt  199806222 1273 1763 2183 2543 2293 1943 1473  903  483  223  333  453
667A Lytt  199806231 1083 1653 2043 2373 2603 2183 1813 1293  683  363  133  343
667A Lytt  199806232  774 1323 1823 2173 2493 2203 1853 1383  853  383  213  173
667A Lytt  199806241  553 1153 1583 2123 2543 2433 2263 1783 1233  653  303  213
667A Lytt  199806242  361  773 1323 1933 2263 2353 2333 1813 1363  843  503  293
667A Lytt  199806251  283  813 1193 1863 2413 2613 2563 2363 1953 1213  713  553
667A Lytt  199806252  402  543 1203 1673 2033 2563 2623 2223 2093 1563 1013  543
667A Lytt  199806261  493  573  893 1423 2023 2413 2593 2693 2383 1803 1153  993
667A Lytt  199806262  662  543  753 1133 1663 2153 2443 2433 2323 1983 1343  933
667A Lytt  199806271  563  423  563  963 1573 1963 2353 2623 2473 2123 1613 1073
667A Lytt  199806272  720  503  373  663 1123 1573 1963 2143 2333 2143 1603 1203
667A Lytt  199806281  773  503  333  563 1093 1403 1873 2343 2303 2203 1933 1393
667A Lytt  199806282  953  603  423  423  753 1163 1533 1923 2233 2193 1913 1613
667A Lytt  199806291 1183  743  393  563  653  993 1503 2003 2133 2203 2203 1773
667A Lytt  199806292 1344  933  653  373  503  883 1183 1523 2083 2173 2103 2003
667A Lytt  199806301 1553 1093  893  553  663  863 1193 1743 1983 2093 2163 2043
667A Lytt  199806302 1682 1243  983  573  553  723  943 1333 1773 2033 2323 2083
667A Lytt  199807011 1983 1543 1043  883  813  623 1083 1363 1653 2063 2153 2363
667A Lytt  199807012 2125 1753 1583  783  783  943  723 1233 1853 1893 2283 2393
667A Lytt  199807021 2433 1923 1573 1393 1043  883 1083 1223 1563 1853 2163 2283
667A Lytt  199807022 2307 2163 1693 1343 1073  733  793  983 1303 1513 2013 2133
667A Lytt  199807031 2203 2183 1723 1383 1143  833  753  873 1093 1373 1643 2043
667A Lytt  199807032 2116 2003 1993 1283 1023  923  563  553  943 1223 1483 1853
667A Lytt  199807041 2093 2163 1813 1593 1403  903  693  703  823  883 1313 1723
667A Lytt  199807042 1958 2023 1943 1483 1303  973  543  493  603  953 1243 1563
667A Lytt  199807051 1933 1953 1893 1813 1533 1143  773  713  683  633 1123 1413
667A Lytt  199807052 1725 1913 1953 1763 1353 1213  613  483  453  433  963 1293
667A Lytt  199807061 1533 1993 2033 1853 1873 1243  983  773  603  463  753 1163
667A Lytt  199807062 1495 1753 1983 1963 1713 1493 1023  653  513  563  673 1113
667A Lytt  199807071 1543 1753 2093 2103 2093 1713 1253  963  673  423  493  953
667A Lytt  199807072 1306 1653 1983 2063 1893 1803 1343  953  593  633  653  753
667A Lytt  199807081 1163 1763 1983 2103 2283 2063 1613 1343  943  503  563  803
667A Lytt  199807082 1148 1593 1923 2123 2253 2133 1733 1343  963  783  643  633
667A Lytt  199807091 1063 1643 1793 2203 2573 2163 2143 1653 1273  813  543  653
667A Lytt  199807092  825 1203 1623 1963 2143 2413 1893 1583 1303  753  683  503
667A Lytt  199807101  683 1003 1483 1963 2253 2413 2303 1983 1503 1003  563  503
667A Lytt  199807102  504  743 1153 1763 2043 2213 2263 1933 1633 1043  803  563
667A Lytt  199807111  443  723 1233 1583 2053 2473 2413 2213 1923 1383  903  593
667A Lytt  199807112  469  563  853 1503 1813 2103 2403 2283 1903 1603 1213  583
667A Lytt  199807121  503  683  633 1303 1853 2063 2393 2513 2053 1753 1153  753
667A Lytt  199807122  429  293  503  883 1373 1783 2033 2193 2163 1713 1403  983
667A Lytt  199807131  363  433  443  613 1403 1673 2023 2423 2313 2033 1493 1173
667A Lytt  199807132  671  313  353  523  843 1383 1803 2153 2253 2153 1753 1153
667A Lytt  199807141  913  523  143  553  853 1313 1803 2263 2303 2333 1883 1553
667A Lytt  199807142 1004  513  433  303  633 1033 1423 1933 2153 2293 2263 1693
667A Lytt  199807151 1223  893  403  363  613  883 1353 1853 2253 2283 2213 2063
667A Lytt  199807152 1589 1073  623  413  413  603 1013 1603 1903 2233 2533 2043
667A Lytt  199807161 1753 1403  793  393  493  573  913 1383 1953 2233 2123 2463
667A Lytt  199807162 2018 1433 1153  613  363  443  653 1013 1663 2023 2373 2403
667A Lytt  199807171 2143 1793 1333  863  543  513  643  983 1493 1823 2153 2413
667A Lytt  199807172 2274 1903 1473 1063  533  283  323  623 1033 1583 2053 2233
667A Lytt  199807181 2373 2273 1603 1173  883  433  263  603  893 1213 1713 2213
667A Lytt  199807182 2331 2183 1893 1433  903  473  303  303  573 1113 1613 1953
667A Lytt  199807191 2273 2323 2113 1703 1233  753  423  263  483  723 1163 1753
667A Lytt  199807192 2099 2233 2153 1783 1253  883  323  123  313  503 1043 1493
667A Lytt  199807201 1943 2333 2173 2013 1783 1043  643  403  243  273  613 1263
667A Lytt  199807202 1710 2033 2243 2083 1713 1293  703  283  253  143  543 1123
667A Lytt  199807211 1733 1983 2323 2503 2083 1673 1133  743  343  133  553  853
667A Lytt  199807212 1422 1943 2213 2093 2213 1913 1193  663  563  213  203  793
667A Lytt  199807221 1383 1593 2263 2543 2393 2193 1823 1233  713  513  293  543
667A Lytt  199807222 1008 1533 2003 2173 2483 2293 1743 1303  863  373  313  443
667A Lytt  199807231  853 1333 1893 2273 2543 2383 2273 1723  993  733  333  363
667A Lytt  199807232  616 1073 1643 1993 2323 2453 2033 1833 1303  653  523  273
667A Lytt  199807241  483  803 1453 1823 2273 2423 2303 2083 1503  943  513  413
667A Lytt  199807242  351  573 1123 1693 1963 2273 2203 2043 1633 1033  763  353
667A Lytt  199807251  313  523 1033 1493 2043 2363 2393 2353 1963 1383  773  633
667A Lytt  199807252  335  273  723 1253 1543 1973 2203 2093 1953 1433  983  613
667A Lytt  199807261  333  343  613  863 1623 1983 2093 2293 2083 1743 1013  743
667A Lytt  199807262  421  253  403  853 1193 1543 2003 2123 1873 1753 1393  703
667A Lytt  199807271  493  373  293  553 1143 1563 1883 2103 2183 1853 1353 1113
667A Lytt  199807272  655  313  333  523  763 1233 1673 1863 1983 1913 1663 1103
667A Lytt  199807281  693  563  293  323  923 1233 1493 1963 2113 1943 1853 1383
667A Lytt  199807282  979  653  413  393  653 1063 1343 1773 1993 2093 1993 1623
667A Lytt  199807291 1303  913  633  573  903 1063 1393 2073 2223 2173 2083 2043
667A Lytt  199807292 1565 1083 1043  733  603 1083 1433 1553 1983 2233 2243 2033
667A Lytt  199807301 1723 1363  953  753  853  933 1293 1683 2013 2163 2173 2303
667A Lytt  199807302 1905 1423 1263  923  623  963 1183 1403 1823 2033 2313 2133
667A Lytt  199807311 1953 1713 1253  943  983  663 1093 1433 1653 1913 2193 2203
667A Lytt  199807312 2030 1723 1493 1063  873  763  853 1173 1603 1783 2143 2213
667A Lytt  199808011 2243 1873 1623 1313 1073  903 1023 1183 1493 1643 1963 2193
667A Lytt  199808012 2192 2023 1663 1343 1013  803  803  893 1233 1683 2063 2093
667A Lytt  199808021 2173 2293 1813 1493 1263 1003  733  973 1203 1383 1713 2053
667A Lytt  199808022 2119 1993 1903 1683 1163  903  813  763  903 1273 1683 1823
667A Lytt  199808031 2083 2193 1913 1613 1393 1093  633  663  823  993 1243 1713
667A Lytt  199808032 1915 1953 1983 1593 1293  873  533  523  613  723 1233 1583
667A Lytt  199808041 1873 2013 1933 1803 1543 1103  703  603  503  593  843 1383
667A Lytt  199808042 1660 1823 1953 1803 1363 1123  743  383  403  573  843 1103
667A Lytt  199808051 1683 1953 1973 2033 1803 1443  963  703  503  393  623 1083
667A Lytt  199808052 1439 1733 2063 2003 1763 1603 1083  653  493  503  633  893
667A Lytt  199808061 1443 1893 2093 2213 2303 1803 1383 1063  663  483  493  823
667A Lytt  199808062 1214 1633 2063 2113 2083 1973 1433  973  693  423  483  713
667A Lytt  199808071 1123 1583 1983 2273 2373 2113 1753 1363  863  553  323  543
667A Lytt  199808072  867 1353 1733 2063 2183 2093 1843 1333  863  653  293  323
667A Lytt  199808081  753 1073 1623 2033 2323 2283 1983 1743 1153  593  433  163
667A Lytt  199808082  385  863 1363 1863 2063 2253 2023 1643 1133  673  333  193
667A Lytt  199808091  163  583 1153 1533 2083 2263 2203 1943 1473  923  403  143
667A Lytt  199808092   86  293  783 1433 1793 2093 2233 2043 1463 1103  783  143
667A Lytt  199808101  143  413  683 1133 1983 2173 2353 2343 2053 1433  833  633
667A Lytt  199808102  324  243  513 1083 1503 2073 2363 2363 2213 1763 1273  673
667A Lytt  199808111  403  293  573  913 1593 2113 2373 2603 2573 2063 1463 1203
667A Lytt  199808112  650  283  473  723 1163 1823 2203 2393 2463 2313 1813 1163
667A Lytt  199808121  843  403  273  473 1173 1553 1993 2483 2543 2323 1933 1483
667A Lytt  199808122  882  393  313  453  593 1243 1773 2133 2363 2443 2263 1533
667A Lytt  199808131 1183  783  263  273  603  903 1403 2053 2373 2283 2203 1973
667A Lytt  199808132 1395  823  523  233  203  723 1163 1623 2083 2433 2443 1963
667A Lytt  199808141 1723 1223  553  373  383  533  973 1483 1983 2163 2253 2313
667A Lytt  199808142 1897 1373  913  423  263  313  713 1143 1673 2213 2393 2393
667A Lytt  199808151 2093 1743 1173  673  523  373  553  993 1533 1843 2213 2383
667A Lytt  199808152 2217 1843 1453  853  533  273  393  743 1193 1743 2273 2343
667A Lytt  199808161 2403 2213 1713 1113  863  563  343  733 1043 1443 1853 2253
667A Lytt  199808162 2309 2103 1873 1493  773  553  353  463  793 1273 1833 2123
667A Lytt  199808171 2413 2513 2143 1663 1343  843  393  543  793  963 1423 2063
667A Lytt  199808172 2307 2323 2303 1883 1363  853  543  213  503  663 1293 1713
667A Lytt  199808181 2123 2423 2283 1983 1693 1123  643  493  293  473  823 1443
667A Lytt  199808182 1825 2073 2313 2033 1553 1273  673  343  143  343  793 1103
667A Lytt  199808191 1653 2163 2263 2183 2093 1523  983  633  503  203  433 1023
667A Lytt  199808192 1465 1853 2213 2253 2063 1593 1253  693  233  453  513  703
667A Lytt  199808201 1463 2003 2203 2313 2493 2143 1443 1143  793  253  513  763
667A Lytt  199808202 1184 1623 2193 2513 2323 2223 1793 1283  793  743  563  503
667A Lytt  199808211 1083 1623 2053 2323 2573 2563 1943 1553 1123  683  453  523
667A Lytt  199808212  820 1253 1723 2263 2323 2303 2043 1603 1083  603  603  333
667A Lytt  199808221  577 1022 1504 1914 2181 2232 2041 1638 1148  726  431  290
667A Lytt  199808222  391  743 1263 1843 2043 2113 2213 1863 1243 1013  643  253
667A Lytt  199808231  413  783 1163 1533 2123 2403 2143 2163 1773 1023  693  573
667A Lytt  199808232  390  463 1013 1443 1823 2023 2303 2063 1693 1423  873  513
667A Lytt  199808241  433  593  903 1243 1843 2153 2153 2303 1953 1433  933  703
667A Lytt  199808242  437  353  693 1193 1403 1763 2153 2103 1783 1643 1193  563
667A Lytt  199808251  393  463  363  753 1373 1733 1733 2203 2043 1513 1183  933
667A Lytt  199808252  512  223  633  683  963 1583 1913 1853 2013 1923 1343  993
667A Lytt  199808261  733  483  343  603 1143 1383 1563 2133 1963 1713 1493 1193
667A Lytt  199808262  766  453  443  583  833 1163 1653 1823 1973 2053 1643 1203
667A Lytt  199808271  983  593  333  623  733 1063 1503 1763 1893 1833 1683 1323
667A Lytt  199808272  966  673  483  463  573  953 1293 1603 1863 2013 1793 1493
667A Lytt  199808281 1193  943  513  523  693  863 1223 1553 1903 1873 1873 1673
667A Lytt  199808282 1357 1023  743  763  633  773 1293 1573 1713 2173 2243 1903
667A Lytt  199808291 1633 1363 1173  583  943  953 1133 1703 1913 1993 2123 2153
667A Lytt  199808292 1784 1333 1273  943  733  893 1003 1513 1713 2083 2273 2093
667A Lytt  199808301 1973 1763 1323  993  953  983  803 1353 1653 1743 2053 2113
667A Lytt  199808302 1951 1653 1343 1133  723  733  923 1103 1293 1783 2063 2033
667A Lytt  199808311 2103 1953 1553 1283  923  893  693 1083 1253 1533 1793 2043
667A Lytt  199808312 2003 1773 1533 1423  823  613  883  703  913 1553 1883 1813
667A Lytt  199809011 2143 2113 1623 1413 1193  793  563  743 1063 1083 1543 1903
667A Lytt  199809012 1963 1823 1843 1593 1053  753  683  643  643 1193 1623 1753
667A Lytt  199809021 2093 2253 2053 1713 1523 1163  513  763  933  763 1273 1873
667A Lytt  199809022 2008 1983 2233 1963 1383 1143  853  643  513  993 1243 1533
667A Lytt  199809031 2053 2293 2103 2083 1943 1363  973  803  733  663  963 1533
667A Lytt  199809032 1867 2093 2293 2213 1803 1473 1083  703  613  733  883 1353
667A Lytt  199809041 1873 2243 2413 2403 2143 1803 1323  863  673  583  783 1083
667A Lytt  199809042 1565 2003 2323 2423 2133 1833 1363  953  523  623  623  913
667A Lytt  199809051 1433 2013 2303 2473 2473 2143 1653 1183  793  463  503  783
667A Lytt  199809052 1211 1723 2163 2413 2493 2213 1773 1173  803  543  293  563
667A Lytt  199809061  963 1433 2033 2403 2603 2333 2183 1623  973  613  423  333
667A Lytt  199809062  622 1143 1813 2143 2373 2403 2163 1623 1113  693  303  263
667A Lytt  199809071  493  993 1573 2133 2523 2523 2443 2093 1503  933  383  323
667A Lytt  199809072  337  653 1383 1883 2283 2453 2583 2183 1573 1133  663  213
667A Lytt  199809081  303  593 1033 1603 2183 2493 2463 2423 1943 1343  773  423
667A Lytt  199809082  246  343  753 1403 1893 2243 2543 2503 1973 1673  983  463
667A Lytt  199809091  183  203  453 1023 1583 2083 2443 2453 2323 1753 1193  723
667A Lytt  199809092  288   73  283  713 1223 1723 2263 2543 2183 2203 1623  833
667A Lytt  199809101  493  363  193  473 1083 1683 1963 2433 2623 2123 1753 1203
667A Lytt  199809102  617  183  253  333  623 1213 1883 2283 2323 2523 2033 1363
667A Lytt  199809111 1013  583   83  203  643  993 1413 2093 2433 2123 2173 1773
667A Lytt  199809112 1142  563  353  123  203  713 1313 1683 2133 2543 2303 1893
667A Lytt  199809121 1473 1003  403  263  293  413 1003 1433 1973 2173 2203 2023
667A Lytt  199809122 1581 1073  613  273  103  253  703 1143 1623 2203 2353 2173
667A Lytt  199809131 1933 1503  963  473  293  293  493  883 1513 1823 2083 2243
667A Lytt  199809132 1945 1473 1103  783  293   43  383  793 1133 1743 2303 2303
667A Lytt  199809141 2213 2093 1543  923  693  483  323  573 1173 1473 1863 2353
667A Lytt  199809142 2289 1983 1693 1403  773  433  313  653  733 1413 1953 2103
667A Lytt  199809151 2393 2403 1913 1543 1173  743  473  413  803 1053 1513 2113
667A Lytt  199809152 2327 2303 2253 1973 1353  973  503  523  553 1043 1543 1893
667A Lytt  199809161 2363 2453 2273 2003 1573 1133  723  353  583  703 1183 1653
667A Lytt  199809162 2087 2363 2363 2193 1703 1233  833  563  373  653 1063 1453
667A Lytt  199809171 1993 2353 2383 2413 1853 1433 1073  583  473  463  793 1123
667A Lytt  199809172 1632 2073 2183 2343 2023 1473 1073  763  343  453  603 1013
667A Lytt  199809181 1533 1933 2233 2353 2243 1723 1233  803  573  313  433  793
667A Lytt  199809182 1233 1663 2033 2243 2203 1793 1393 1063  453  473  423  563
667A Lytt  199809191 1143 1633 1853 2173 2353 1953 1593 1153  763  363  303  523
667A Lytt  199809192  860 1263 1843 1983 2053 2123 1733 1203  783  643  353  373
667A Lytt  199809201  773 1273 1693 2013 2293 2163 1933 1553 1083  673  473  493
667A Lytt  199809202  646  983 1543 1943 2033 2163 2093 1613 1133  953  563  313
667A Lytt  199809211  643  963 1363 1733 2143 2213 2083 1873 1383  843  483  473
667A Lytt  199809212  443  573 1153 1653 1813 2043 2123 1823 1353 1143  683  373
667A Lytt  199809221  403  613  963 1353 1793 2023 1983 1903 1643  993  713  593
667A Lytt  199809222  233  423  933 1313 1573 1983 2133 1933 1763 1453  923  533
667A Lytt  199809231  583  493  673 1183 1603 1873 2033 2073 1873 1353 1133  743
667A Lytt  199809232  453  483  743 1023 1483 1733 2023 2083 2003 1663 1213  823
667A Lytt  199809241  883  373  683  873 1213 1553 1993 2043 1903 1793 1293  973
667A Lytt  199809242  603  573  483  833 1213 1423 1863 2143 1943 1903 1493 1123
667A Lytt  199809251  823  633  403  693 1043 1283 1703 1843 1963 1833 1583 1133
667A Lytt  199809252  803  713  493  663  963 1263 1603 1923 2023 2013 1883 1383
667A Lytt  199809261 1113  813  623  613  843 1133 1583 1763 1963 2043 1833 1523
667A Lytt  199809262 1203  963  683  693  953 1113 1493 1863 2013 2113 2063 1723
667A Lytt  199809271 1373 1153  733  633  833  983 1283 1603 1943 1923 1943 1753
667A Lytt  199809272 1443 1153  783  753  633  843 1133 1463 1763 1893 2083 1943
667A Lytt  199809281 1533 1273  963  683  623  663 1013 1273 1473 1843 1933 1783
667A Lytt  199809282 1583 1393  933  843  673  553  893 1243 1433 1783 2063 2033
667A Lytt  199809291 1713 1613 1303  843  753  673  793 1003 1433 1653 1843 2113
667A Lytt  199809292 1813 1653 1363 1073  783  703  783  953 1373 1703 1983 2093
667A Lytt  199809301 2173 2013 1593 1283  963  713  723  843 1243 1453 1753 2193
667A Lytt  199809302 2073 1953 1763 1523 1063  773  743  813  993 1503 1803 2073
667A Lytt  199810011 2083 2253 1853 1533 1193  793  613  653  853 1033 1553 2003
667A Lytt  199810012 2063 2093 2013 1603 1363  893  763  673  763 1223 1573 1963
667A Lytt  199810021 2313 2433 2333 2103 1533 1173  803  653  673  873 1343 1723
667A Lytt  199810022 2063 2233 2453 2003 1683 1363  933  513  713  863 1093 1643
667A Lytt  199810031 2143 2233 2433 2373 1983 1453 1053  763  373  573  933 1333
667A Lytt  199810032 1813 2303 2463 2333 2233 1613 1203  853  483  673  853 1163
667A Lytt  199810041 1783 2363 2433 2533 2463 1973 1533  953  623  433  603  903
667A Lytt  199810042 1443 2063 2463 2513 2463 2253 1623 1073  733  473  373  773
667A Lytt  199810051 1223 1783 2313 2533 2393 2363 1773 1403  453  413  213  283
667A Lytt  199810052  703 1383 1943 2293 2513 2323 1963 1413  773  363  153  133
667A Lytt  199810061  423 1053 1693 2133 2403 2373 2173 1553 1003  573   93   43
667A Lytt  199810062  253  663 1373 2003 2343 2463 2363 1933 1313  773  263    0
667A Lytt  199810071  263  413 1143 1773 2123 2503 2513 2223 1603  983  553   73
667A Lytt  199810072   93  253  863 1533 2023 2403 2583 2443 1903 1403  743  293
667A Lytt  199810081   93  133  613 1053 1803 2123 2533 2443 2083 1543 1003  343
667A Lytt  199810082  173   13  333  943 1583 2033 2483 2773 2453 2073 1493  833
667A Lytt  199810091  303  203  313  583 1203 1713 2223 2483 2323 2173 1483  983
667A Lytt  199810092  513   93  133  303  993 1483 1983 2453 2613 2383 1903 1393
667A Lytt  199810101  863  323  173  243  583 1163 1703 2083 2353 2383 1983 1483
667A Lytt  199810102 1053  413  133  153  413  813 1393 2053 2283 2493 2393 1793
667A Lytt  199810111 1343  853  393  133  293  733 1023 1613 2123 2303 2233 2043
667A Lytt  199810112 1513 1013  523  293  323  513  973 1633 1973 2403 2673 2243
667A Lytt  199810121 1943 1563  963  543  323  463  743 1273 1693 2123 2403 2303
667A Lytt  199810122 2083 1603 1173  813  443  403  813 1093 1593 2173 2483 2533
667A Lytt  199810131 2423 1993 1523 1123  703  513  663  933 1303 1833 2213 2443
667A Lytt  199810132 2303 2063 1693 1103  803  493  363  713 1163 1583 2003 2343
667A Lytt  199810141 2433 2133 1923 1443  833  543  523  523  763 1333 1743 2083
667A Lytt  199810142 2353 2243 1953 1683 1103  793  543  423  883 1263 1643 2103
667A Lytt  199810151 2433 2453 2243 1963 1413 1008  713  586  699 1021 1436 1853
667A Lytt  199810152 2183 2483 2203 1993 1633 1203  773  563  653  803 1313 1703
667A Lytt  199810161 2133 2343 2373 2163 1733 1323  933  723  363  693  843 1473
667A Lytt  199810162 1813 2043 2263 2073 1863 1403  903  653  523  523  883 1263
667A Lytt  199810171 1683 2073 2223 2233 1963 1623 1163  753  463  503  693  983
667A Lytt  199810172 1423 1903 2113 2163 2073 1713 1173  903  613  443  573  993
667A Lytt  199810181 1323 1763 2143 2233 2173 1903 1393 1013  713  633  553  833
667A Lytt  199810182 1313 1723 1913 2383 2273 2003 1653 1233  903  513  633  743
667A Lytt  199810191 1023 1613 2033 2233 2163 2343 1773 1483 1043  813  543  553
667A Lytt  199810192  953 1583 1783 2223 2353 2063 2013 1663 1083  873  833  763
667A Lytt  199810201  873 1403 1753 2013 2443 2243 2053 1713 1333 1083  573  653
667A Lytt  199810202  863 1263 1703 2193 2173 2443 2433 1803 1603 1313  893  673
667A Lytt  199810211  723 1173 1533 1783 2163 2153 2283 2013 1493 1283  963  593
667A Lytt  199810212  573 1013 1293 1763 2223 2343 2303 2263 1783 1413 1023  843
667A Lytt  199810221  773  873 1283 1693 1973 2163 2373 2123 1903 1433 1123  893
667A Lytt  199810222  583  763 1233 1373 1763 2293 2133 2173 2163 1643 1163  973
667A Lytt  199810231  773  563  863 1403 1623 1833 2113 2133 1833 1633 1403  773
667A Lytt  199810232  673  763  723  993 1563 1923 1983 2133 2113 1703 1423 1053
667A Lytt  199810241  743  563  633  843 1183 1553 1893 1913 1823 1753 1373  983
667A Lytt  199810242  643  583  593  753 1183 1593 1803 1963 2243 1913 1493 1323
667A Lytt  199810251  893  573  493  763  923 1143 1663 1903 1663 1913 1633 1113
667A Lytt  199810252  923  583  533  573  873 1203 1503 1713 2023 1943 1643 1543
667A Lytt  199810261 1063  723  613  593  653  953 1393 1783 1793 1913 1993 1493
667A Lytt  199810262 1113 1043  713  573  733 1223 1413 1683 2203 2203 2043 2053
667A Lytt  199810271 1633 1173  923  753  763  803 1263 1603 1703 2033 2213 1713
667A Lytt  199810272 1483 1293  943  653  633  873 1083 1393 1863 2083 2063 2013
667A Lytt  199810281 1833 1393  973  843  633  533  923 1283 1423 1883 2203 1873
667A Lytt  199810282 1913 1653 1183  893  713  803  793 1123 1733 1943 2023 2283
667A Lytt  199810291 2143 1783 1393 1103  773  493  803  883 1213 1673 2043 2083
667A Lytt  199810292 1953 1933 1483  983  783  683  463  813 1273 1443 1873 2203
667A Lytt  199810301 2093 1893 1653 1263  793  523  493  493  783 1323 1663 1933
667A Lytt  199810302 2163 2023 1773 1433  943  713  443  513  823 1263 1533 2053
667A Lytt  199810311 2233 2213 1993 1713 1163  683  553  333  443  933 1393 1653
667A Lytt  199810312 2063 2223 2003 1743 1313  833  403  293  463  643 1083 1653
667A Lytt  199811011 1973 2183 2193 1963 1513  933  593  243   33  423  823 1193
667A Lytt  199811012 1743 2113 2183 1933 1663 1243  583  253  263  183  543 1083
667A Lytt  199811021 1633 1933 2243 2213 1813 1303  933  353   23   93  293  693
667A Lytt  199811022 1303 1913 2163 2153 2143 1723  973  583  303  -30  163  563
667A Lytt  199811031 1143 1643 2063 2373 2163 1913 1403  713  283   43   23  293
667A Lytt  199811032  743 1553 2043 2193 2483 2313 1633 1143  723  183  -10  273
667A Lytt  199811041  643 1243 1823 2303 2503 2283 1983 1513  713  333  103    3
667A Lytt  199811042  313  973 1673 2033 2483 2633 2193 1713 1343  573   83  143
667A Lytt  199811051  253  473 1293 1953 2183 2433 2343 2023 1253  813  393 -110
667A Lytt  199811052   63  423  973 1693 2223 2613 2553 2233 1963 1243  493  303
667A Lytt  199811061  183  153  673 1443 1883 2103 2603 2393 1853 1433  873  243
667A Lytt  199811062  -10  203  343  963 1783 2263 2413 2543 2463 1723 1163  683
667A Lytt  199811071  243  -20  223  713 1233 1743 2223 2443 2183 1923 1393  673
667A Lytt  199811072  313   73   43  393 1083 1683 2103 2483 2593 2203 1733 1283
667A Lytt  199811081  623  203  233  263  683 1243 1773 2233 2273 2273 1943 1173
667A Lytt  199811082  783  433   33  133  533 1203 1553 2173 2523 2463 2273 1823
667A Lytt  199811091 1173  653  323  273  353  713 1333 1773 2103 2423 2283 1683
667A Lytt  199811092 1373  923  373  133  363  773 1023 1743 2363 2273 2383 2343
667A Lytt  199811101 1653 1163  793  403  343  363  943 1303 1723 2173 2273 2063
667A Lytt  199811102 1733 1383  863  363  303  463  583 1163 1753 2013 2223 2403
667A Lytt  199811111 2043 1593 1173  783  383  333  623  903 1293 1863 2273 2083
667A Lytt  199811112 2073 1923 1283  873  613  483  443  903 1343 1783 2083 2363
667A Lytt  199811121 2423 2093 1743 1233  793  533  503  663  923 1333 1923 2193
667A Lytt  199811122 2153 2143 1773 1303  863  713  323  563  913 1273 1663 2123
667A Lytt  199811131 2223 2133 1983 1533 1033  613  503  433  523 1013 1523 1723
667A Lytt  199811132 1973 2123 1973 1513 1133  843  403  303  633  813 1163 1763
667A Lytt  199811141 1983 1993 1993 1853 1283  743  613  343  273  613 1033 1303
667A Lytt  199811142 1693 2003 1943 1643 1493 1033  483  433  453  443  763 1283
667A Lytt  199811151 1673 1743 1993 1913 1483 1093  813  363  253  463  643  983
667A Lytt  199811152 1443 1823 1873 1903 1693 1303  903  553  433  443  583  993
667A Lytt  199811161 1413 1753 1963 2003 1863 1463 1103  723  473  423  533  853
667A Lytt  199811162 1323 1663 1923 2063 1943 1743 1343  883  663  573  493  863
667A Lytt  199811171 1193 1583 1893 2083 2113 1783 1453 1103  653  553  503  693
667A Lytt  199811172 1093 1453 1873 2103 2073 2063 1673 1303  993  713  603  693
667A Lytt  199811181  963 1483 1753 1973 2183 2003 1753 1403  993  753  633  613
667A Lytt  199811182  883 1313 1713 2003 2203 2213 1883 1633 1273  833  693  683
667A Lytt  199811191  723 1243 1543 1883 2193 2173 1963 1723 1233  993  733  623
667A Lytt  199811192  793 1103 1433 1853 2203 2243 2123 2043 1493 1193  893  673
667A Lytt  199811201  683 1013 1293 1573 2053 2093 1993 1903 1523 1143  793  713
667A Lytt  199811202  583  763 1183 1583 1913 2103 2293 2003 1803 1353 1053  743
667A Lytt  199811211  583  813  963 1373 1733 1943 1993 2033 1743 1323 1053  713
667A Lytt  199811212  553  593  963 1303 1603 2043 2183 2013 2053 1683 1163  933
667A Lytt  199811221  693  663  763 1083 1513 1753 1953 2093 1913 1663 1333  993
667A Lytt  199811222  713  643  753 1023 1473 1793 2083 2223 2143 1953 1543 1223
667A Lytt  199811231  873  723  623  903 1303 1563 1883 2173 2103 2023 1643 1283
667A Lytt  199811232  983  643  763  823 1193 1573 1873 2133 2253 2153 1863 1433
667A Lytt  199811241 1183  843  693  683 1133 1243 1603 2023 2093 2063 1983 1473
667A Lytt  199811242 1233  903  753  733  893 1403 1643 2033 2293 2313 2163 1823
667A Lytt  199811251 1463 1093  863  663  823 1113 1303 1773 2043 2133 2133 1843
667A Lytt  199811252 1493 1113  833  743  783 1003 1363 1693 2013 2223 2263 2083
667A Lytt  199811261 1623 1363  923  533  553  793  933 1323 1793 2013 2053 1933
667A Lytt  199811262 1703 1303  883  593  553  573  843 1283 1553 1913 2103 2053
667A Lytt  199811271 1823 1503 1103  683  473  443  543  853 1253 1743 1853 2003
667A Lytt  199811272 1963 1393 1103  803  423  323  533  763 1143 1643 1933 2043
667A Lytt  199811281 2053 1783 1443  853  623  363  263  513  873 1333 1643 2013
667A Lytt  199811282 2073 1743 1483 1103  693  303  353  453  673 1213 1653 2003
667A Lytt  199811291 2063 2053 1773 1253  813  553  143  153  523  913 1353 1863
667A Lytt  199811292 2173 1983 1933 1543 1023  483  353  293  383  723 1363 1683
667A Lytt  199811301 2043 2403 2103 1803 1443  883  353  263  283  523  953 1653
667A Lytt  199811302 2203 2113 2323 2213 1483 1123  813  333  263  573  943 1353
667A Lytt  199812011 1973 2373 2353 2173 2033 1343  793  433  303  253  633 1214
667A Lytt  199812012 1803 2123 2543 2473 2123 1713 1243  573  423  283  453  823
667A Lytt  199812021 1483 2003 2243 2433 2413 1813 1223  903  163  173  253  533
667A Lytt  199812022 1193 1753 2183 2493 2473 2213 1603  973  663  193   43  373
667A Lytt  199812031  803 1423 1943 2303 2403 2223 1773 1233  613  283   23  183
667A Lytt  199812032  453 1193 1823 2283 2573 2573 2193 1663 1033  533  333   13
667A Lytt  199812041  453  863 1433 2003 2413 2383 2303 1803 1113  753  273   23
667A Lytt  199812042  223  593 1343 1813 2383 2663 2493 2293 1663 1053  553  273
667A Lytt  199812051  133  363  913 1553 2033 2443 2493 2293 1803 1203  623  283
667A Lytt  199812052  103  163  733 1333 1883 2393 2663 2623 2243 1713 1183  593
667A Lytt  199812061  203  353  553 1013 1613 2213 2413 2503 2433 1913 1293  883
667A Lytt  199812062  393  133  433  883 1413 2103 2583 2673 2723 2283 1723 1203
667A Lytt  199812071  753  373  443  653 1123 1683 2173 2393 2533 2363 1773 1293
667A Lytt  199812072  863  333  233  533  993 1353 2033 2603 2533 2533 2273 1583
667A Lytt  199812081 1143  703  453  323  653 1103 1603 1833 2553 2333 1993 1763
667A Lytt  199812082 1323  743  563  493  633 1053 1673 2093 2383 2733 2433 2093
667A Lytt  199812091 1693 1163  673  413  613  753 1103 1583 2083 2293 2343 2203
667A Lytt  199812092 1703 1283  803  563  523  793 1163 1543 2083 2323 2493 2273
667A Lytt  199812101 1893 1603 1073  573  483  533  723 1163 1633 2153 2173 2273
667A Lytt  199812102 2093 1613 1373  823  693  703  893 1303 1603 2203 2383 2373
667A Lytt  199812111 2353 1983 1573  993  713  753  513  893 1383 1733 1923 2333
667A Lytt  199812112 2243 1823 1573 1233  883  453  643  863  993 1603 2053 2043
667A Lytt  199812121 2163 2183 1613 1173  983  553  333  593  923 1213 1613 2073
667A Lytt  199812122 1993 1993 1803 1393 1013  703  623  543  823 1273 1563 1903
667A Lytt  199812131 2023 2073 1913 1403 1283  793  433  543  673  983 1333 1813
667A Lytt  199812132 2063 2063 2013 1743 1173 1033  683  513  533  913 1303 1533
667A Lytt  199812141 1923 2133 2043 1723 1603 1173  563  583  643  723 1013 1583
667A Lytt  199812142 1853 1893 2123 1973 1573 1363  993  673  543  783 1023 1263
667A Lytt  199812151 1703 2033 2093 1953 1743 1323  953  583  623  613  723 1263
667A Lytt  199812152 1613 1763 2063 2063 1803 1713 1053  823  673  543  653  963
667A Lytt  199812161 1403 1723 2003 1903 1843 1553 1143  643  613  543  453  823
667A Lytt  199812162 1333 1553 1803 2023 1973 1703 1353 1013  623  513  483  653
667A Lytt  199812171  983 1483 1783 1853 1893 1703 1373  943  663  393  473  643
667A Lytt  199812172  933 1393 1703 1953 2133 1913 1623 1363  793  733  483  553
667A Lytt  199812181  833 1143 1693 1763 1953 2113 1553 1373 1063  613  483  693
667A Lytt  199812182  833 1183 1703 2013 2243 2183 2193 1763 1223 1043  653  653
667A Lytt  199812191  783 1153 1533 1853 2093 2123 1983 1703 1303  933  663  573
667A Lytt  199812192  743  903 1323 1833 2003 2283 2193 1953 1663 1113  763  673
667A Lytt  199812201  623  793 1193 1563 1943 2003 2063 1953 1533 1213  853  653
667A Lytt  199812202  553  703 1093 1523 1833 2203 2293 2103 2003 1521 1013  773
667A Lytt  199812211  613  633  903 1323 1663 2033 2153 2103 1843 1563 1093  763
667A Lytt  199812212  593  523  913 1163 1663 2073 2223 2283 2233 1763 1373  963
667A Lytt  199812221  763  663  543 1013 1453 1823 1913 2253 2043 1773 1393 1003
667A Lytt  199812222  663  503  603  873 1293 1753 2033 2253 2273 2053 1633 1183
667A Lytt  199812231  913  593  413  713  983 1433 1713 1973 2133 1853 1663 1213
667A Lytt  199812232  743  523  363  473  843 1203 1673 1993 2113 2023 1883 1343
667A Lytt  199812241  993  703  363  323  593  973 1203 1733 1943 1923 1783 1503
667A Lytt  199812242 1033  533  463  273  393  793 1293 1593 1893 2083 1973 1623
667A Lytt  199812251 1243  963  433  263  393  563  803 1313 1763 1823 1893 1773
667A Lytt  199812252 1283  853  583  283  123  493  833 1093 1583 2043 1923 1783
667A Lytt  199812261 1683 1183  613  353  253  263  433  933 1423 1613 1943 1915
667A Lytt  199812262 1633 1273  893  403  273  323  443  823 1203 1773 1953 1953
667A Lytt  199812271 1943 1623 1073  663  393  173  213  603 1023 1483 1843 2143
667A Lytt  199812272 2053 1773 1403  923  543  373  323  573 1053 1423 1903 2133
667A Lytt  199812281 2263 2173 1663 1253  883  503  253  433  843 1173 1673 2113
667A Lytt  199812282 2323 2193 1893 1633 1033  633  483  403  713 1083 1533 1963
667A Lytt  199812291 2273 2403 2133 1653 1353  873  353  263  493  893 1163 1795
667A Lytt  199812292 2323 2283 2343 2133 1503 1103  673  383  383  693 1153 1503
667A Lytt  199812301 2073 2463 2373 2153 1883 1293  673  413  323  473  813 1406
667A Lytt  199812302 1973 2253 2503 2443 2113 1713 1143  723  353  463  743 1053
667A Lytt  199812311 1703 2223 2413 2413 2303 1913 1193  703  513  243  373  893
667A Lytt  199812312 1523 1913 2132 2123 2423 2353 1673 1113  643  413  423  523
