667A Lyttelton          New Zealand         1996 43360S 172430E 0000 3 00000R MM
667A Lytt  199601011 1843 2153 2053 1683 1463 1063  583  403  473  633  913 1463
667A Lytt  199601012 1903 1973 2103 2093 1483 1263  893  483  403  633  873 1043
667A Lytt  199601021 1693 1973 1983 1943 1703 1333  783  523  433  423  573 1143
667A Lytt  199601022 1613 1693 2093 2283 1773 1563 1193  853  473  543  753  773
667A Lytt  199601031 1393 1863 1883 2023 2013 1643 1183  803  583  393  483  833
667A Lytt  199601032 1153 1573 1993 2153 2003 1923 1553 1033  623  553  513  563
667A Lytt  199601041  993 1433 1693 1883 2053 1703 1453 1123  673  393  453  553
667A Lytt  199601042  933 1273 1713 2033 2023 2063 1783 1353  923  683  493  443
667A Lytt  199601051  743 1153 1403 1763 2003 1983 1633 1323 1003  563  343  483
667A Lytt  199601052  583  893 1403 1803 1873 2073 1933 1453 1103  823  473  273
667A Lytt  199601061  503  723 1083 1463 1773 1863 1763 1513 1153  773  423  343
667A Lytt  199601062  403  593 1033 1483 1723 1943 2033 1743 1343 1023  643  303
667A Lytt  199601071  393  523  803 1193 1563 1783 1793 1733 1423 1023  613  443
667A Lytt  199601072  393  413  733 1243 1543 1873 2023 1973 1673 1243  863  583
667A Lytt  199601081  293  503  593  993 1423 1693 1843 1893 1673 1373  963  673
667A Lytt  199601082  423  383  573  943 1403 1723 1983 2053 1983 1603 1243  843
667A Lytt  199601091  503  513  493  743 1213 1553 1753 1993 1823 1613 1333  933
667A Lytt  199601092  603  393  593  653 1063 1583 1863 1913 2063 1863 1473 1053
667A Lytt  199601101  803  573  403  663  913 1333 1633 1873 1983 1863 1633 1203
667A Lytt  199601102  783  633  473  573  833 1423 1643 1893 2193 2003 1773 1423
667A Lytt  199601111 1083  683  563  543  723 1083 1433 1703 2013 1983 1873 1533
667A Lytt  199601112 1173  793  523  563  613 1003 1433 1673 1983 2053 2043 1703
667A Lytt  199601121 1303  963  703  443  623  893 1163 1573 1913 2033 2023 1913
667A Lytt  199601122 1443 1043  753  503  523  773 1133 1483 1793 1943 2083 1873
667A Lytt  199601131 1553 1183  853  493  453  613  873 1153 1673 1953 1943 1993
667A Lytt  199601132 1753 1353  993  643  503  573  763 1183 1573 1783 2203 2113
667A Lytt  199601141 1873 1663 1203  813  613  623  653 1003 1463 1733 2083 2183
667A Lytt  199601142 2053 1823 1333 1013  713  603  603  893 1243 1723 1963 2163
667A Lytt  199601151 2183 1923 1533 1163  753  603  453  753 1063 1453 1823 2233
667A Lytt  199601152 2243 2083 1793 1263  933  693  393  573  953 1273 1653 2003
667A Lytt  199601161 2273 2083 1853 1533 1053  613  533  483  673 1103 1523 1973
667A Lytt  199601162 2263 2313 2093 1753 1333  943  483  453  523  853 1183 1733
667A Lytt  199601171 2073 2203 2113 1783 1383  933  483  293  333  633 1053 1553
667A Lytt  199601172 1983 2313 2303 2053 1653 1263  703  393  313  383  793 1223
667A Lytt  199601181 1723 2123 2253 2073 1823 1273  803  403  183  273  613  983
667A Lytt  199601182 1633 2113 2333 2363 2123 1753 1113  603  423  123  313  763
667A Lytt  199601191 1273 1773 2183 2293 2083 1853 1233  653  323   83  133  583
667A Lytt  199601192 1033 1643 2183 2363 2353 2283 1593 1083  583  273  103  253
667A Lytt  199601201  693 1303 1823 2093 2293 2213 1693 1123  623  223 -100   63
667A Lytt  199601202  583  943 1573 2213 2393 2373 2123 1593  993  443  153  -30
667A Lytt  199601211  143  633 1333 1723 2153 2393 2103 1713 1093  543   73  -30
667A Lytt  199601212  -10  523  993 1643 2163 2413 2433 2103 1563 1053  403  163
667A Lytt  199601221    3  233  763 1423 1793 2263 2533 2113 1783 1233  603  143
667A Lytt  199601222  123  133  573 1213 1803 2323 2513 2573 2313 1613 1123  593
667A Lytt  199601231  103  153  453  803 1503 1993 2293 2473 2353 1903 1233  783
667A Lytt  199601232  373   63  323  723 1273 1893 2373 2573 2513 2173 1693 1133
667A Lytt  199601241  553  273  203  433  913 1483 2063 2293 2413 2373 1783 1233
667A Lytt  199601242  803  303  143  293  733 1253 1753 2253 2433 2303 2183 1423
667A Lytt  199601251 1003  563  153  263  443  903 1483 1943 2223 2403 2133 1723
667A Lytt  199601252 1233  713  363  253  323  813 1313 1703 2173 2343 2273 1963
667A Lytt  199601261 1373 1003  533  273  243  583  943 1423 1903 2183 2223 2193
667A Lytt  199601262 1623 1153  843  283  313  413  913 1203 1723 2023 2143 2183
667A Lytt  199601271 1743 1403  953  423  273  333  613  983 1453 1893 2143 2183
667A Lytt  199601272 1963 1593 1103  673  463  393  493  913 1233 1633 1993 2103
667A Lytt  199601281 2063 1703 1373  783  563  403  343  703 1003 1463 1813 2163
667A Lytt  199601282 2113 1903 1563 1213  763  623  503  593 1033 1303 1683 2033
667A Lytt  199601291 2113 2023 1763 1343  943  653  543  503  843 1323 1643 1973
667A Lytt  199601292 2313 2223 2003 1743 1233  903  763  593  893 1123 1543 1823
667A Lytt  199601301 2233 2243 2003 1793 1413 1043  765  648  749 1033 1413 1703
667A Lytt  199601302 2163 2303 2223 1973 1643 1263  803  723  703  813 1233 1543
667A Lytt  199601311 1853 2093 2253 1943 1723 1334  983  653  573  763 1053 1413
667A Lytt  199601312 1823 2143 2213 2193 1823 1633 1133  813  663  713  973 1173
667A Lytt  199602011 1633 1983 2093 2163 1923 1563 1243  783  603  673  763 1143
667A Lytt  199602012 1613 1913 2153 2263 2123 1933 1373  993  903  693  783 1033
667A Lytt  199602021 1423 1703 2123 2283 2153 1893 1533 1093  743  733  603  933
667A Lytt  199602022 1293 1743 2033 2223 2273 2183 1683 1433  973  723  813  743
667A Lytt  199602031 1143 1533 1913 2063 2203 2123 1763 1273 1073  723  653  683
667A Lytt  199602032 1073 1413 1803 2223 2263 2303 2043 1633 1313  963  743  713
667A Lytt  199602041  993 1333 1583 1923 2118 2133 1947 1602 1192  833  823  563
667A Lytt  199602042  723 1193 1653 1873 2163 2453 2163 1873 1543 1163  773  723
667A Lytt  199602051  743  973 1413 1803 2013 2173 2243 1863 1473 1143  803  553
667A Lytt  199602052  633  823 1273 1653 1983 2313 2203 2133 1793 1383  963  763
667A Lytt  199602061  673  813 1083 1503 1913 2063 2263 2133 1743 1403 1003  713
667A Lytt  199602062  653  613 1073 1383 1773 2243 2283 2223 2123 1583 1163  863
667A Lytt  199602071  693  613  813 1233 1623 1863 2203 2243 2003 1713 1363  933
667A Lytt  199602072  603  653  743  983 1513 1963 2113 2163 2213 1843 1323 1063
667A Lytt  199602081  753  563  693  883 1293 1663 2043 2173 2103 1923 1623 1063
667A Lytt  199602082  673  633  573  563 1113 1623 1753 2033 2253 1893 1603 1233
667A Lytt  199602091  793  493  483  563  753 1283 1603 1943 1983 1943 1653 1353
667A Lytt  199602092  823  543  493  293  693 1173 1403 1763 2153 1953 1693 1473
667A Lytt  199602101  973  623  413  413  493  943 1253 1643 1913 1903 1903 1513
667A Lytt  199602102 1143  733  543  303  413  793 1073 1453 1833 1933 1833 1603
667A Lytt  199602111 1393  833  523  453  203  643  993 1353 1703 2073 2043 1813
667A Lytt  199602112 1693 1193  773  523  423  653  943 1293 1743 2093 2073 1993
667A Lytt  199602121 1953 1353  923  673  493  433  733 1143 1523 1943 2203 2193
667A Lytt  199602122 2013 1653 1333  813  653  653  653  973 1493 1953 2023 2193
667A Lytt  199602131 2193 1763 1273 1033  633  333  543  843 1163 1583 2113 2243
667A Lytt  199602132 2153 2073 1673 1043  823  723  403  613 1073 1553 1763 2193
667A Lytt  199602141 2393 2053 1733 1353  923  503  483  643  763 1203 1903 2163
667A Lytt  199602142 2233 2373 2123 1633 1193  853  483  423  813  953 1453 1993
667A Lytt  199602151 2143 2313 2133 1723 1353  843  413  383  503  753 1333 1833
667A Lytt  199602152 2193 2343 2463 2073 1563 1283  753  263  463  623  863 1493
667A Lytt  199602161 2013 2253 2273 2303 1793 1183  823  483  123  493  803 1253
667A Lytt  199602162 1783 2273 2433 2273 2133 1663  993  563  423  223  483  983
667A Lytt  199602171 1573 1993 2263 2523 2173 1753 1163  713  263  253  383  883
667A Lytt  199602172 1393 1873 2443 2603 2373 2323 1693  953  723  413  293  583
667A Lytt  199602181 1103 1723 2093 2503 2603 2203 1903 1333  573  353  313  323
667A Lytt  199602182  773 1473 2063 2373 2633 2733 2173 1593 1143  673  193  403
667A Lytt  199602191  563 1083 1743 2283 2593 2613 2413 1943 1173  673  473  233
667A Lytt  199602192  343  993 1593 2033 2503 2873 2553 2203 1683 1083  543  283
667A Lytt  199602201  383  503 1183 1893 2193 2463 2733 2263 1773 1243  733  283
667A Lytt  199602202  163  493 1003 1453 2073 2563 2553 2433 2173 1393  983  443
667A Lytt  199602211  183  283  543 1223 1803 2013 2493 2533 2023 1693 1173  533
667A Lytt  199602212  263  193  393  873 1483 1933 2333 2363 2393 1863 1223  973
667A Lytt  199602221  283  113  213  613 1073 1603 2123 2293 2263 2133 1513  973
667A Lytt  199602222  503  213  263  323  973 1373 1833 2283 2343 2103 1813 1213
667A Lytt  199602231  773  443  133  443  673 1203 1763 2073 2243 2323 2023 1493
667A Lytt  199602232 1003  563  343  253  523 1083 1403 1813 2283 2273 1903 1733
667A Lytt  199602241 1233  763  323  413  403  733 1263 1713 1923 2263 2313 1833
667A Lytt  199602242 1343 1063  613  283  443  713  923 1383 1953 2073 2013 2043
667A Lytt  199602251 1623 1103  773  523  363  463  943 1323 1563 2043 2253 2013
667A Lytt  199602252 1773 1463  963  573  523  563  713 1073 1553 1893 2043 2183
667A Lytt  199602261 1933 1463 1183  773  543  423  583  993 1223 1693 2113 2143
667A Lytt  199602262 1953 1793 1423  953  573  663  513  793 1123 1543 1813 2003
667A Lytt  199602271 2103 1743 1513 1153  783  483  513  733  923 1413 1803 2093
667A Lytt  199602272 2133 1983 1733 1383  953  743  573  603  933 1223 1563 1873
667A Lytt  199602281 2093 2003 1723 1513 1183  653  633  703  633 1123 1593 1773
667A Lytt  199602282 2053 2203 1883 1683 1363 1003  653  633  723  983 1313 1663
667A Lytt  199602291 1983 2053 1983 1863 1433 1073  813  603  633  963 1293 1663
667A Lytt  199602292 1913 2263 2153 1853 1743 1343  843  663  763  783 1113 1503
667A Lytt  199603011 1833 2033 2193 2053 1763 1433 1123  733  603  863 1093 1333
667A Lytt  199603012 1793 2233 2243 2153 2143 1683 1243  913  893  673  973 1353
667A Lytt  199603021 1643 1893 2223 2213 1963 1733 1363 1013  663  733  953 1173
667A Lytt  199603022 1533 2173 2223 2173 2423 1963 1543 1183 1023  783  823 1013
667A Lytt  199603031 1323 1683 2083 2313 2193 2013 1773 1313  843  833  783  963
667A Lytt  199603032 1293 1763 2093 2173 2323 2133 1673 1273 1053  643  563  763
667A Lytt  199603041  953 1333 1753 2063 2053 1983 1730 1363  823  653  533  513
667A Lytt  199603042  773 1253 1673 1843 2173 2183 1693 1453 1083  683  433  503
667A Lytt  199603051  633  933 1443 1783 1963 1993 1923 1543 1003  753  493  303
667A Lytt  199603052  463  863 1333 1623 1973 2203 1903 1613 1323  873  473  363
667A Lytt  199603061  473  613 1003 1643 1763 1893 2053 1733 1303  883  683  253
667A Lytt  199603062  293  613  903 1293 1753 2053 1933 1843 1503 1113  613  403
667A Lytt  199603071  353  443  663 1273 1633 1733 2143 2013 1543 1243  903  453
667A Lytt  199603072  153  463  583  953 1533 1953 2003 1993 1913 1473  923  643
667A Lytt  199603081  453  303  613 1013 1433 1703 2133 2203 1873 1763 1323  763
667A Lytt  199603082  513  473  463  803 1333 1733 1993 2233 2163 1913 1383 1123
667A Lytt  199603091  673  443  553  803 1233 1673 2063 2123 2253 2173 1653 1343
667A Lytt  199603092  833  623  533  643 1083 1523 1823 2273 2303 2173 1993 1443
667A Lytt  199603101 1113  723  643  703 1073 1393 1913 2153 2403 2413 2183 1833
667A Lytt  199603102 1343  963  663  693  963 1153 1663 2073 2293 2363 2263 1903
667A Lytt  199603111 1423 1143  733  663  733 1093 1423 1843 2243 2373 2273 2133
667A Lytt  199603112 1733 1203  853  573  553  803 1113 1543 1903 2213 2293 1983
667A Lytt  199603121 1663 1343  833  523  483  653  893 1313 1833 2033 2253 2233
667A Lytt  199603122 1873 1483 1073  733  403  453  673  993 1403 1913 2133 2023
667A Lytt  199603131 2033 1633 1103  853  553  383  553  933 1423 1663 2163 2403
667A Lytt  199603132 2033 1973 1603 1043  693  553  433  753 1143 1643 1963 2293
667A Lytt  199603141 2353 2033 1763 1363  903  593  593  683 1093 1433 1983 2453
667A Lytt  199603142 2363 2383 2323 1663 1173  913  663  583  863 1383 1763 2093
667A Lytt  199603151 2583 2483 2233 1923 1433  873  613  693  823 1103 1763 2293
667A Lytt  199603152 2443 2633 2693 2263 1773 1313  873  533  683 1023 1253 1803
667A Lytt  199603161 2413 2453 2460 2214 1785 1273  953  713  483  743 1203 1653
667A Lytt  199603162 2203 2623 2693 2553 2283 1673 1143  743  483  633  883 1343
667A Lytt  199603171 1893 2323 2513 2593 2333 1873 1283  773  633  343  773 1133
667A Lytt  199603172 1603 2273 2593 2633 2483 2223 1563 1043  683  573  443  843
667A Lytt  199603181 1323 1873 2353 2663 2603 2303 1843 1153  723  373  363  583
667A Lytt  199603182 1023 1683 2143 2413 2693 2443 1943 1433  903  523  343  433
667A Lytt  199603191  763 1343 1983 2353 2543 2593 2213 1693 1133  613  443  283
667A Lytt  199603192  493 1143 1693 2063 2503 2673 2283 1923 1363  783  443  273
667A Lytt  199603201  413  643 1383 1983 2173 2593 2513 1983 1593 1113  553  273
667A Lytt  199603202  403  613 1013 1693 2153 2413 2413 2273 1783 1293  783  393
667A Lytt  199603211  303  443  873 1503 1963 2273 2563 2433 1983 1583 1113  583
667A Lytt  199603212  403  523  593 1273 1893 2023 2343 2673 2103 1773 1363  783
667A Lytt  199603221  343  473  583 1023 1573 2083 2443 2473 2463 2093 1513 1073
667A Lytt  199603222  723  453  533  833 1423 1793 2203 2443 2373 2263 1723 1223
667A Lytt  199603231  843  513  523  693 1113 1623 2053 2293 2483 2333 1933 1476
667A Lytt  199603232 1047  723  563  645  961 1366 1745 2061 2240 2194 1928 1525
667A Lytt  199603241 1108  763  545  537  783 1253 1733 2053 2303 2363 2203 1853
667A Lytt  199603242 1383  953  723  543  763  923 1263 1873 2013 2273 2193 1873
667A Lytt  199603251 1523 1033  793  573  603  863 1283 1523 2033 2203 2173 2133
667A Lytt  199603252 1613 1363  903  573  623  683  933 1453 1693 2013 2263 1953
667A Lytt  199603261 1783 1383 1023  643  673  643  833 1193 1653 1883 2023 2153
667A Lytt  199603262 1833 1453 1153  793  563  463  683  963 1183 1633 1953 1883
667A Lytt  199603271 1813 1513 1223  823  533  563  513  763 1243 1503 1823 2063
667A Lytt  199603272 1943 1623 1493 1013  653  513  523  723  933 1363 1783 1853
667A Lytt  199603281 1953 1833 1483 1213  843  603  603  603  953 1293 1593 1893
667A Lytt  199603282 1983 1893 1673 1373 1023  683  463  603  673 1133 1503 1713
667A Lytt  199603291 1913 2003 1683 1503 1123  873  583  483  813  893 1363 1823
667A Lytt  199603292 1923 1973 1943 1673 1363  863  703  603  493  933 1263 1493
667A Lytt  199603301 1873 2063 1873 1773 1413 1083  833  553  593  883 1073 1553
667A Lytt  199603302 1963 2013 2013 1993 1633 1163  913  683  593  693 1073 1363
667A Lytt  199603311 1733 2013 2123 2053 1713 1503 1013  643  703  673  903 1313
667A Lytt  199603312 1803 1953 2183 2233 1923 1553 1183  953  633  593  953 1243
667A Lytt  199604011 1453 2003 2213 2103 2083 1823 1373  873  689  663  663 1213
667A Lytt  199604012 1573 1893 2133 2473 2223 1873 1483 1213  863  593  883 1013
667A Lytt  199604021 1373 1803 2123 2253 2223 2203 1593 1263  923  663  743  883
667A Lytt  199604022 1273 1783 2153 2403 2413 2273 1943 1563 1063  823  873  783
667A Lytt  199604031 1013 1583 1903 2133 2283 2253 1933 1453 1133  753  583  573
667A Lytt  199604032  893 1313 1813 2183 2353 2363 2113 1753 1303  953  733  523
667A Lytt  199604041  843 1173 1673 2163 2233 2513 2253 1953 1623 1023  803  643
667A Lytt  199604042  773 1003 1543 2013 2183 2373 2413 2133 1573 1273  893  553
667A Lytt  199604051  673 1073 1343 1773 2283 2563 2433 2303 1973 1293  953  683
667A Lytt  199604052  573  683 1063 1693 1983 2163 2463 2333 1783 1553 1083  583
667A Lytt  199604061  543  723  843 1373 1853 2283 2353 2333 2233 1623 1143  763
667A Lytt  199604062  503  423  613 1113 1563 1723 2223 2403 1913 1753 1273  713
667A Lytt  199604071  413  403  483  723 1333 1793 2083 2193 2333 1853 1393 1003
667A Lytt  199604072  602  357  325  547  978 1453 1837 2096 2171 1995 1618 1162
667A Lytt  199604081  743  453  373  393  863 1473 1833 2043 2403 2233 1703 1503
667A Lytt  199604082 1003  463  283  523  663  903 1563 2033 2103 2183 2103 1483
667A Lytt  199604091 1023  883  323  283  603 1033 1333 1823 2303 2333 2093 1913
667A Lytt  199604092 1443  813  503  443  313  563 1123 1623 1723 2213 2363 1793
667A Lytt  199604101 1423 1343  593  163  463  673  823 1423 1973 2143 2183 2243
667A Lytt  199604102 1833 1303  973  543  293  253  673 1173 1403 1923 2373 2023
667A Lytt  199604111 1883 1633 1043  513  433  363  503  923 1493 1843 2063 2403
667A Lytt  199604112 2213 1753 1473  973  443  293  523  713 1043 1613 2113 2153
667A Lytt  199604121 2203 2103 1523 1063  683  403  253  663 1123 1363 1893 2323
667A Lytt  199604122 2373 2073 1883 1433  843  323  383  343  573 1083 1633 1993
667A Lytt  199604131 2173 2273 1913 1473 1023  633  283  303  593  923 1463 1983
667A Lytt  199604132 2233 2403 2243 1893 1433  803  423  373  343  673 1323 1643
667A Lytt  199604141 2093 2373 2263 1903 1583 1053  533  343  463  533  893 1543
667A Lytt  199604142 2033 2183 2403 2333 1723 1303  813  473  203  473  763 1233
667A Lytt  199604151 1783 2163 2333 2353 2063 1543  973  633  363  283  583 1163
667A Lytt  199604152 1643 1973 2463 2493 2183 1813 1323  773  423  413  583  803
667A Lytt  199604161 1443 2033 2253 2523 2473 2163 1553 1063  733  363  363  743
667A Lytt  199604162 1263 1643 2173 2473 2413 2173 1793 1183  713  423  453  383
667A Lytt  199604171  813 1633 1933 2183 2593 2403 1883 1523  953  533  263  393
667A Lytt  199604172  643 1023 1653 2113 2173 2193 2053 1513  963  633  323  233
667A Lytt  199604181  373  893 1503 1813 2173 2423 2033 1823 1303  793  363  303
667A Lytt  199604182  353  473 1213 1733 2003 2083 2223 1933 1293  993  663  203
667A Lytt  199604191  233  593  903 1413 1933 2253 2163 2143 1723 1223  763  433
667A Lytt  199604192  443  343  833 1403 1733 1943 2283 2143 1823 1403 1053  603
667A Lytt  199604201  213  553  733 1123 1703 2173 2213 2343 2213 1673 1103  943
667A Lytt  199604202  593  303  623 1093 1363 1733 2253 2233 2013 1923 1483  983
667A Lytt  199604211  513  683  593  733 1453 1903 2033 2403 2443 2033 1683 1373
667A Lytt  199604212  983  483  663  913 1063 1493 2053 2143 2133 2173 1923 1333
667A Lytt  199604221  873  853  523  523 1123 1513 1673 2183 2373 2073 1883 1603
667A Lytt  199604222 1133  653  653  643  653 1103 1613 1813 1943 2283 1913 1503
667A Lytt  199604231 1303  913  483  513  763 1013 1293 1793 2153 2023 1953 1863
667A Lytt  199604232 1383  883  753  583  453  813 1173 1413 1723 2033 2023 1713
667A Lytt  199604241 1433 1123  703  493  613  773  983 1463 1833 1903 1973 1963
667A Lytt  199604242 1643 1163  993  653  493  583  853 1163 1553 1873 2023 1973
667A Lytt  199604251 1633 1413 1103  683  663  703  803 1173 1573 1833 1993 2093
667A Lytt  199604252 1883 1523 1233  903  593  523  693  893 1293 1623 1933 2023
667A Lytt  199604261 1843 1703 1393  853  723  643  583  883 1283 1543 1773 2123
667A Lytt  199604262 1993 1733 1543 1193  723  613  583  713  963 1307 1631 1861
667A Lytt  199604271 1914 1789 1541 1208  870  632  555  651  903 1237 1573 2073
667A Lytt  199604272 2083 1883 1893 1543  953  763  723  553  803 1243 1643 1763
667A Lytt  199604281 2073 2173 1823 1483 1303  893  653  763  833 1143 1413 1933
667A Lytt  199604282 2143 2083 2093 1823 1383  973  823  533  583 1003 1223 1623
667A Lytt  199604291 1903 2113 2073 1733 1523 1223  663  613  723  813  953 1643
667A Lytt  199604292 2003 1963 2143 2173 1553 1203 1043  603  503  853 1153 1553
667A Lytt  199604301 1928 2209 2325 2233 1968 1589 1177  853  653  473  913 1353
667A Lytt  199604302 1643 1983 2243 2203 1893 1513 1133  723  633 9999 9999 9999
667A Lytt  199605011 9999 9999 9999 9999 9999 9999 9999 9999 9999 9999 9999 9999
667A Lytt  199605012 9999 9999 9999 9999 9999 9999 9999 9999 9999 9999 9999 9999
667A Lytt  199605021 9999 9999 9999 9999 9999 9999 9999 9999 9999 9999 9999 9999
667A Lytt  199605022 9999 9999 9999 9999 9999 9999 9999 9999 9999 9999 9999 9999
667A Lytt  199605031 9999 9999 9999 9999 9999 9999 9999 9999 9999 9999 9999 9999
667A Lytt  199605032 9999 9999 9999 9999 9999 9999 9999 9999 9999 9999 9999 9999
667A Lytt  199605041 9999 9999 9999 9999 9999 9999 9999 9999 9999 9999 9999 9999
667A Lytt  199605042 9999 9999 9999 9999 9999 9999 9999 9999 9999 9999 9999 9999
667A Lytt  199605051 9999 9999 9999 9999 9999 9999 9999 9999 9999 9999 9999 9999
667A Lytt  199605052 9999 9999 9999 9999 9999 9999 9999 9999 9999 9999 9999 9999
667A Lytt  199605061 9999 9999 9999 9999 9999 9999 9999 9999 9999 9999 9999 9999
667A Lytt  199605062 9999 9999 9999 9999 9999 9999 9999 9999 9999 9999 9999 9999
667A Lytt  199605071 9999 9999 9999 9999 9999 9999 9999 9999 9999 9999 9999 9999
667A Lytt  199605072 9999 9999 9999 9999 9999 9999 9999 9999 9999 9999 9999 9999
667A Lytt  199605081 9999 9999 9999 9999 9999 9999 9999 9999 9999 9999 9999 9999
667A Lytt  199605082 9999 9999 9999 9999 9999 9999 9999 9999 9999 9999 9999 9999
667A Lytt  199605091 9999 9999 9999 9999 9999 9999 9999 9999 9999 9999 9999 9999
667A Lytt  199605092 9999 9999 9999 9999 9999 9999 9999 9999 9999 9999 9999 9999
667A Lytt  199605101 9999 9999 9999 9999 9999 9999 9999 9999 9999 9999 9999 9999
667A Lytt  199605102 9999 9999 9999 9999 9999 9999 9999 9999 9999 9999 9999 9999
667A Lytt  199605111 9999 9999 9999 9999 9999 9999 9999 9999 9999 9999 9999 9999
667A Lytt  199605112 9999 9999 9999 9999 9999 9999 9999 9999 9999 9999 9999 9999
667A Lytt  199605121 9999 9999 9999 9999 9999 9999 9999 9999 9999 9999 9999 9999
667A Lytt  199605122 9999 9999 9999 9999 9999 9999 9999 9999 9999 9999 9999 9999
667A Lytt  199605131 9999 9999 9999 9999 9999 9999 9999 9999 9999 9999 9999 9999
667A Lytt  199605132 9999 9999 9999 9999 9999 9999 9999 9999 9999 9999 9999 9999
667A Lytt  199605141 9999 9999 9999 9999 9999 9999 9999 9999 9999 9999 9999 9999
667A Lytt  199605142 9999 9999 9999 9999 9999 9999 9999 9999 9999 9999 9999 9999
667A Lytt  199605151 9999 9999 9999 9999 9999 9999 9999 9999 9999 9999 9999 9999
667A Lytt  199605152 9999 9999 9999 9999 9999 9999 9999 9999 9999 9999 9999 9999
667A Lytt  199605161 9999 9999 9999 9999 9999 9999 9999 9999 9999 9999 9999 9999
667A Lytt  199605162 9999 9999 9999 9999 9999 9999 9999 9999 9999 9999 9999 9999
667A Lytt  199605171 9999 9999 9999 9999 9999 9999 9999 9999 9999 9999 9999 9999
667A Lytt  199605172 9999 9999 9999 9999 9999 9999 9999 9999 9999 9999 9999 9999
667A Lytt  199605181 9999 9999 9999 9999 9999 9999 9999 9999 9999 9999 9999 9999
667A Lytt  199605182 9999 9999 9999 9999 9999 9999 9999 9999 9999 9999 9999 9999
667A Lytt  199605191 9999 9999 9999 9999 9999 9999 9999 9999 9999 9999 9999 9999
667A Lytt  199605192 9999 9999 9999 9999 9999 9999 9999 9999 9999 9999 9999 9999
667A Lytt  199605201 9999 9999 9999 9999 9999 9999 9999 9999 9999 9999 9999 9999
667A Lytt  199605202 9999 9999 9999 9999 9999 9999 9999 9999 9999 9999 9999 9999
667A Lytt  199605211 9999 9999 9999 9999 9999 9999 9999 9999 9999 9999 9999 9999
667A Lytt  199605212 9999 9999 9999 9999 9999 9999 9999 9999 9999 9999 9999 9999
667A Lytt  199605221 9999 9999 9999 9999 9999 9999 9999 9999 9999 9999 9999 9999
667A Lytt  199605222 9999 9999 9999 9999 9999 9999 9999 9999 9999 9999 9999 9999
667A Lytt  199605231 9999 9999 9999  823  983 1293 1523 1953 2233 2183 2123 2003
667A Lytt  199605232 1633 1143  933  773  683  933 1223 1503 1923 2033 2043 1973
667A Lytt  199605241 1673 1393  943  783  893  813 1223 1593 1953 2043 2193 2113
667A Lytt  199605242 1763 1543 1183  863  733  893 1023 1263 1763 2023 2213 2153
667A Lytt  199605251 1903 1763 1323  903  963  763 1033 1463 1673 1973 2233 2423
667A Lytt  199605252 2083 1933 1633 1183  863  963  953 1193 1623 1863 2133 2413
667A Lytt  199605261 2293 1973 1673 1353 1123  803  933 1233 1343 1773 2043 2253
667A Lytt  199605262 2313 2023 1773 1353 1003  843  753  903 1313 1613 1983 2353
667A Lytt  199605271 2263 2183 1993 1643 1213  943  893  873 1063 1533 1773 2023
667A Lytt  199605272 2263 2163 1963 1513 1233  943  573  643  953 1113 1613 1963
667A Lytt  199605281 2093 2113 2013 1673 1283  993  763  603  803 1063 1403 1683
667A Lytt  199605282 2153 2153 1963 1853 1333  983  583  503  623  773 1303 1663
667A Lytt  199605291 1913 2063 2173 1813 1603 1183  833  603  523  773  993 1473
667A Lytt  199605292 1923 2183 2063 2033 1703 1313  753  673  543  433  993 1473
667A Lytt  199605301 1693 2023 2463 2123 2073 1563 1233  933  473  653  753 1193
667A Lytt  199605302 1733 2043 2303 2253 2093 1673 1133  773  573  473  573 1123
667A Lytt  199605311 1543 1963 2303 2383 2383 1973 1643 1133  733  703  583  733
667A Lytt  199605312 1353 1913 2163 2323 2423 2113 1503 1273  943  493  713  853
667A Lytt  199606011 1153 1733 2203 2533 2643 2533 2153 1613  963  753  423  563
667A Lytt  199606012  863 1443 1833 2193 2443 2363 1923 1483 1103  573  323  393
667A Lytt  199606021  533 1143 1613 2003 2473 2303 2273 1793 1133  763  283  213
667A Lytt  199606022  283  703 1153 1673 2093 2243 1913 1793 1213  573  323   73
667A Lytt  199606031   13  403  953 1473 1963 2243 2293 2043 1473  983  523   23
667A Lytt  199606032  -20  153  533 1083 1663 2013 2033 2133 1683  933  673  283
667A Lytt  199606041  -70   33  453 1003 1553 2053 2413 2193 2093 1633  853  573
667A Lytt  199606042  103   73  143  633 1193 1723 2013 2293 2153 1593 1213  633
667A Lytt  199606051  313    3  153  503 1073 1573 2173 2353 2363 2043 1453 1013
667A Lytt  199606052  523  103   93  183  763 1293 1703 2173 2353 2173 1703 1223
667A Lytt  199606061  763  253  163  313  653 1213 1803 2223 2463 2443 2043 1653
667A Lytt  199606062 1203  523  303  243  333  913 1283 1833 2193 2433 2283 1833
667A Lytt  199606071 1273  853  413  103  433  623 1183 1683 2273 2353 2303 2193
667A Lytt  199606072 1673 1153  623  383  253  473  823 1373 1953 2193 2493 2273
667A Lytt  199606081 1783 1433  883  453  493  563  833 1353 1983 2173 2323 2603
667A Lytt  199606082 2193 1683 1243  773  413  443  533  993 1503 2023 2413 2473
667A Lytt  199606091 2363 2013 1403  963  723  323  643  823 1373 1713 2153 2483
667A Lytt  199606092 2263 2143 1753 1093  743  493  293  533  993 1493 2043 2363
667A Lytt  199606101 2513 2393 1923 1593 1213  633  673  723 1033 1293 1923 2313
667A Lytt  199606102 2383 2423 2203 1723 1163  833  463  383  793 1063 1743 2073
667A Lytt  199606111 2493 2423 2383 2063 1713 1063  883  793  743 1093 1523 2093
667A Lytt  199606112 2413 2793 2623 2273 1933 1453  913  743  793  803 1263 1773
667A Lytt  199606121 2183 2403 2523 2353 2033 1483 1203  713  653  823 1073 1483
667A Lytt  199606122 1983 2303 2423 2393 2083 1763 1093  773  663  503  763 1233
667A Lytt  199606131 1723 1983 2283 2303 2213 1663 1283  863  533  523  503  913
667A Lytt  199606132 1353 1783 2013 2183 2023 1773 1213  703  673  263  443  793
667A Lytt  199606141 1083 1583 1973 2113 2193 1983 1453 1103  663  373  373  583
667A Lytt  199606142  803 1433 1823 1943 2113 2033 1523 1143  803  473  393  513
667A Lytt  199606151  913 1263 1743 2123 2223 2263 2043 1403 1253  693  393  633
667A Lytt  199606152  753 1143 1633 1913 2183 2273 1923 1663 1273  793  503  673
667A Lytt  199606161  763  983 1603 1963 2283 2403 2293 2113 1493 1013  753  633
667A Lytt  199606162  523  963 1313 1633 1933 2223 2093 1863 1603 1003  853  503
667A Lytt  199606171  633  743 1213 1603 2083 2203 2253 2223 1703 1203  853  613
667A Lytt  199606172  413  653  853 1333 1613 1923 2063 1823 1723 1243  843  583
667A Lytt  199606181  443  433  713 1173 1563 1953 2113 2063 1863 1451 1001  633
667A Lytt  199606182  423  533  503  863 1373 1593 1773 1963 1813 1383 1093  793
667A Lytt  199606191  413  333  553  803 1273 1563 1923 2023 1833 1713 1213  803
667A Lytt  199606192  563  413  363  663 1003 1373 1543 1843 1923 1433 1403  973
667A Lytt  199606201  473  383  423  493  893 1403 1643 1943 1933 1803 1513 1083
667A Lytt  199606202  793  473  383  413  733 1123 1303 1713 1883 1733 1573 1293
667A Lytt  199606211  863  563  403  463  773 1063 1483 1893 1933 1853 1923 1443
667A Lytt  199606212 1003  823  593  313  603 1033 1153 1483 1923 1833 1763 1593
667A Lytt  199606221 1153  793  473  633  513  723 1323 1593 1723 1963 1953 1693
667A Lytt  199606222 1493 1153  753  593  523  873  863 1443 1843 1753 2013 1853
667A Lytt  199606231 1453 1143  843  583  693  603 1063 1493 1553 1993 2063 1883
667A Lytt  199606232 1683 1503  983  683  653  743  733 1223 1593 1723 2093 2063
667A Lytt  199606241 1833 1503 1413  753  653  773  823 1273 1433 1813 2083 2063
667A Lytt  199606242 1953 1783 1403  903  853  713  743  863 1513 1803 2123 2183
667A Lytt  199606251 2213 1993 1543 1293  953  803  873 1083 1343 1683 2053 2203
667A Lytt  199606252 2313 2053 1793 1423 1013  873  673  913 1223 1623 1983 2243
667A Lytt  199606261 2363 2243 2033 1593 1313  943  863  843 1153 1423 1783 2203
667A Lytt  199606262 2383 2253 2093 1763 1213  953  723  663  893 1193 1753 1983
667A Lytt  199606271 2303 2423 2233 1853 1653 1153  823  713  873  993 1483 2003
667A Lytt  199606272 2193 2343 2363 2073 1573 1203  843  603  633  933 1333 1723
667A Lytt  199606281 2173 2443 2423 2283 2133 1413 1003  923  653  673 1063 1653
667A Lytt  199606282 1893 2283 2483 2363 1883 1583 1063  653  573  563  913 1323
667A Lytt  199606291 1883 2243 2423 2443 2333 1803 1373  973  623  363  553 1033
667A Lytt  199606292 1503 1993 2273 2413 2233 2023 1383  903  733  473  563  923
667A Lytt  199606301 1453 2013 2353 2623 2643 2373 2013 1283 1023  553  373  693
667A Lytt  199606302 1073 1553 2183 2473 2503 2473 1873 1303 1013  423  363  513
667A Lytt  199607011 1003 1443 2093 2623 2703 2693 2533 1883 1323  873  433  413
667A Lytt  199607012  553 1103 1623 2113 2453 2583 2333 1803 1453  683  363  323
667A Lytt  199607021  353  813 1343 2053 2383 2673 2663 2243 1613 1113  483  203
667A Lytt  199607022  203  333  873 1493 1913 2353 2323 2103 1593 1023  503  133
667A Lytt  199607031  -90  103  563 1173 1743 2143 2453 2303 1883 1283  793  163
667A Lytt  199607032  -60  -70   63  583 1333 1783 1933 2233 1943 1343  803  363
667A Lytt  199607041 -120 -280  -40  463 1073 1563 2163 2373 2073 1793 1163  613
667A Lytt  199607042  143 -110 -130   53  603 1303 1573 2043 2243 1753 1343  853
667A Lytt  199607051  293 -130 -190   23  483 1053 1643 2053 2153 2093 1723 1123
667A Lytt  199607052  663  183 -170 -140  163  723 1133 1743 2123 2073 1883 1463
667A Lytt  199607061  893  403   13  -50  173  633 1073 1723 2063 2193 2043 1763
667A Lytt  199607062 1193  713  243  -30   33  323  743 1263 1893 2103 2153 2003
667A Lytt  199607071 1533  903  553  203  103  313  743 1223 1633 2093 2213 2123
667A Lytt  199607072 1713 1293  853  293  153  213  363  833 1453 1833 2073 2273
667A Lytt  199607081 1953 1443 1053  693  273  133  543  713 1153 1723 2003 2003
667A Lytt  199607082 2133 1713 1223  793  373  273   93  503  973 1353 1843 2183
667A Lytt  199607091 2193 1833 1523 1033  593  333  363  423  863 1253 1553 1983
667A Lytt  199607092 2083 2053 1653 1183  903  363  303  203  493  923 1603 1893
667A Lytt  199607101 2073 2173 1923 1593 1073  723  493  353  553  773 1303 1633
667A Lytt  199607102 2063 2103 1973 1613 1193  843  463  313  363  693 1293 1573
667A Lytt  199607111 2053 2263 2163 1913 1673 1223  753  633  523  653  953 1503
667A Lytt  199607112 1923 2113 2183 2173 1713 1313  783  633  463  453  923 1353
667A Lytt  199607121 1683 2053 2283 2033 2053 1483 1093  863  513  553  603 1083
667A Lytt  199607122 1613 1823 2073 2153 1853 1623 1083  653  543  383  593  933
667A Lytt  199607131 1343 1783 2063 2193 2063 1903 1433  923  733  433  403  823
667A Lytt  199607132 1183 1453 1923 2073 1993 1863 1363 1013  573  463  393  693
667A Lytt  199607141  943 1463 1863 2093 2063 2063 1743 1193  953  543  493  643
667A Lytt  199607142  883 1313 1853 1923 2063 2243 1683 1393 1123  623  603  673
667A Lytt  199607151  823 1233 1713 1983 2213 2273 2043 1693 1203  833  553  573
667A Lytt  199607152  663 1033 1393 1793 2073 2013 1953 1623 1223  653  603  483
667A Lytt  199607161  513  793 1263 1623 2023 2113 1983 1803 1353  873  563  393
667A Lytt  199607162  453  573  953 1483 1663 1823 1923 1623 1353  923  593  303
667A Lytt  199607171  393  563  833 1293 1823 2003 2143 1953 1653 1233  763  693
667A Lytt  199607172  403  593  913 1213 1473 2003 2013 1923 1973 1534 1069  682
667A Lytt  199607181  433  473  833 1103 1623 1923 2193 2223 1953 1553 1313  883
667A Lytt  199607182  673  673  753 1123 1533 1773 2053 2193 2163 1733 1463  973
667A Lytt  199607191  723  583  713  993 1473 1763 2083 2293 2153 1813 1503 1253
667A Lytt  199607192  763  693  663  823 1133 1633 1723 2083 2153 1833 1553 1183
667A Lytt  199607201  913  743  473  853 1033 1473 1893 2053 2023 1983 1763 1213
667A Lytt  199607202  973  753  503  563  953 1253 1403 1913 1913 2003 1823 1473
667A Lytt  199607211 1123  743  693  493  853 1183 1573 1873 2153 2033 1843 1743
667A Lytt  199607212 1283  863  733  623  683 1113 1423 1663 2133 2193 2103 1853
667A Lytt  199607221 1493 1153  863  683  843 1093 1413 1683 2103 2143 2183 1993
667A Lytt  199607222 1683 1373  893  933  573  943 1263 1583 1873 2133 2333 1983
667A Lytt  199607231 1863 1513  953  823  783  753 1073 1463 1813 2003 2093 2153
667A Lytt  199607232 1833 1433 1233  853  583  653  943 1163 1523 1963 2203 2093
667A Lytt  199607241 2063 1723 1343  943  863  593  683 1243 1433 1643 2093 2253
667A Lytt  199607242 1993 1803 1473  943  693  633  603  863 1323 1743 1933 2203
667A Lytt  199607251 2243 2043 1553 1303  953  613  673  773 1183 1393 1913 2013
667A Lytt  199607252 2223 2043 1643 1443  833  673  523  533  913 1433 1693 2033
667A Lytt  199607261 2443 2243 1923 1593 1253  783  483  573  723  863 1453 1863
667A Lytt  199607262 2053 2063 2073 1533 1153  753  393  313  433  873 1293 1713
667A Lytt  199607271 1973 2313 2183 1823 1613  953  673  323  373  573  883 1403
667A Lytt  199607272 1883 2013 2233 1973 1403 1193  613  253  243  413  723 1293
667A Lytt  199607281 1793 2213 2263 2233 1973 1463 1003  503  363  243  443  993
667A Lytt  199607282 1553 1873 2273 2263 1963 1643  983  593  313  223  453  913
667A Lytt  199607291 1453 1983 2313 2553 2433 1963 1573 1023  543  293  293  623
667A Lytt  199607292 1203 1663 2123 2503 2503 2133 1733 1223  653  333  393  503
667A Lytt  199607301  973 1683 2173 2583 2743 2503 2283 1573  943  423  293  103
667A Lytt  199607302  523 1143 1713 2103 2403 2443 1983 1483  933  443   33   43
667A Lytt  199607311  273  753 1363 1993 2423 2503 2373 1923 1303  633  213  -20
667A Lytt  199607312  -30  383  993 1533 2103 2403 2253 1953 1523  703  393 -180
667A Lytt  199608011   33  223  703 1373 2043 2513 2503 2383 1963 1203  663  293
667A Lytt  199608012   96  197  638 1258 1838 2285 2523 2452 2077 1521  932  444
667A Lytt  199608021  151  142  476 1057 1675 2193 2573 2773 2603 2013 1343 1083
667A Lytt  199608022  493   93  473  773 1323 1903 2403 2663 2653 2233 1743 1113
667A Lytt  199608031  603  483  163  583 1333 1723 2153 2833 2643 2473 2083 1473
667A Lytt  199608032  923  463  363  393  743 1403 1913 2253 2573 2653 2223 1573
667A Lytt  199608041 1223  723  383  403  673 1213 1773 2163 2543 2523 2433 1983
667A Lytt  199608042 1343 1023  543  413  513  943 1413 1983 2343 2573 2683 2123
667A Lytt  199608051 1773 1303  783  443  643  803 1293 1703 2253 2423 2423 2383
667A Lytt  199608052 1933 1473  913  733  393  613  903 1493 1853 2323 2593 2453
667A Lytt  199608061 2073 1783 1223  683  713  593  803 1203 1763 1943 2183 2473
667A Lytt  199608062 2133 1693 1343  953  403  483  553  893 1323 1843 2203 2303
667A Lytt  199608071 2253 1973 1513 1013  823  553  463  903 1153 1463 1933 2233
667A Lytt  199608072 2153 1943 1723 1233  713  543  443  613  863 1453 1803 2033
667A Lytt  199608081 2363 2283 1823 1483 1213  723  563  633  883 1093 1603 2023
667A Lytt  199608082 2103 2213 1963 1593 1193  793  473  523  553 1003 1483 1783
667A Lytt  199608091 2123 2353 2073 1753 1473  993  693  583  633  763 1213 1643
667A Lytt  199608092 1843 2153 2183 1873 1453 1183  683  463  623  693 1083 1553
667A Lytt  199608101 1863 2133 2233 2033 1793 1413 1003  743  643  563  933 1293
667A Lytt  199608102 1703 1983 2183 2133 1833 1463 1043  763  543  563  813 1133
667A Lytt  199608111 1623 1973 2153 2283 2023 1663 1353 1013  733  573  673 1083
667A Lytt  199608112 1473 1723 2163 2283 1983 1833 1423  983  733  663  673  893
667A Lytt  199608121 1403 1813 2033 2253 2293 2003 1583 1213  883  593  513  883
667A Lytt  199608122 1023 1413 1953 2093 2033 2043 1633 1103  883  793  373  633
667A Lytt  199608131 1183 1353 1823 2183 2223 2043 1963 1393  953  743  503  513
667A Lytt  199608132  753 1333 1703 1863 2093 2173 1883 1493 1133  773  633  603
667A Lytt  199608141  863 1143 1653 2113 2153 2323 2103 1873 1313  933  723  553
667A Lytt  199608142  693  963 1583 1843 1973 2263 2173 1843 1493 1063  803  663
667A Lytt  199608151  753 1003 1323 1843 2153 2203 2253 2143 1623 1093  823  593
667A Lytt  199608152  573  803 1183 1583 1863 2113 2153 1933 1633 1323  823  613
667A Lytt  199608161  513  733  913 1403 1793 2043 2263 2043 1903 1343  943  733
667A Lytt  199608162  543  543  873 1283 1603 1963 2123 2093 1833 1493 1163  603
667A Lytt  199608171  573  563  653 1113 1553 1863 2033 2233 1973 1583 1183  863
667A Lytt  199608172  523  433  643  883 1293 1653 1943 2003 1933 1733 1273  843
667A Lytt  199608181  603  473  473  683 1233 1553 1793 2133 1933 1773 1303 1053
667A Lytt  199608182  593  393  423  623  913 1283 1663 1893 1963 1903 1593 1023
667A Lytt  199608191  763  543  373  453  843 1233 1533 1963 2083 1803 1603 1363
667A Lytt  199608192  863  463  583  493  613 1153 1463 1793 2063 2233 1973 1563
667A Lytt  199608201 1383 1003  563  483  823 1103 1353 1933 2103 2133 2063 1733
667A Lytt  199608202 1273  963  713  653  653  993 1483 1873 1943 2363 2343 1953
667A Lytt  199608211 1683 1523  833  673  843  873 1163 1683 2003 1933 2183 2013
667A Lytt  199608212 1653 1293 1083  783  573  803 1133 1513 1833 2183 2363 2263
667A Lytt  199608221 1913 1553 1213  783  723  673  873 1323 1603 1973 2093 2293
667A Lytt  199608222 1913 1563 1253  823  543  473  693 1013 1283 1793 2163 2083
667A Lytt  199608231 2113 1903 1353  953  763  523  383  883 1083 1473 1833 1993
667A Lytt  199608232 2163 1753 1383 1143  613  343  393  573  803 1373 1983 2013
667A Lytt  199608241 2183 2273 1743 1253 1023  603  233  543  823  983 1493 2033
667A Lytt  199608242 2073 2073 1883 1503  883  563  393  333  443 1013 1463 1833
667A Lytt  199608251 2193 2413 2033 1773 1453  873  383  413  453  543 1123 1703
667A Lytt  199608252 2063 2153 2293 2023 1293  913  703  183  283  623 1033 1463
667A Lytt  199608261 2033 2473 2443 2193 2073 1393  803  683  373  303  753 1353
667A Lytt  199608262 1723 2113 2533 2333 1893 1493  943  523  183  223  623  973
667A Lytt  199608271 1653 2253 2433 2473 2493 1893 1273  943  433  153  313  703
667A Lytt  199608272 1333 1823 2363 2573 2363 2123 1493  913  493  303  333  503
667A Lytt  199608281 1073 1813 2283 2503 2663 2473 1873 1393  833  283  183  353
667A Lytt  199608282  713 1353 2103 2423 2523 2543 2013 1503  893  403  213  253
667A Lytt  199608291  473 1133 1733 2273 2573 2613 2363 1873 1243  543  263   73
667A Lytt  199608292  143  643 1313 1863 2313 2393 2403 2033 1333  743  423  -80
667A Lytt  199608301   33  553  943 1653 2243 2533 2413 2293 1723  993  473  113
667A Lytt  199608302  -80  143  653 1223 1713 2263 2383 2263 1823 1143  683   83
667A Lytt  199608311 -100   13  373  903 1603 2143 2283 2323 2133 1343  943  323
667A Lytt  199608312   13 -120  173  593 1213 1733 2173 2293 2131 1710 1153  606
667A Lytt  199609011  184   -6  104  513 1060 1569 1968 2180 2114 1776 1265  725
667A Lytt  199609012  273  -20  113  323  603 1293 1823 2123 2303 2213 1723 1133
667A Lytt  199609021  693  363  -10  233  583 1093 1593 2033 2263 2173 1873 1473
667A Lytt  199609022  903  393  213  263  293  743 1433 1833 2003 2293 2153 1573
667A Lytt  199609031 1153  783  273  143  323  623 1023 1563 1953 2013 2053 1703
667A Lytt  199609032 1223  813  523   73  173  363  783 1323 1683 2083 2093 1973
667A Lytt  199609041 1563 1203  593  463  243  493  663 1203 1643 1893 2123 2063
667A Lytt  199609042 1843 1313 1093  493  393  353  673  943 1433 1963 2103 2263
667A Lytt  199609051 1963 1713 1233  903  563  473  633  893 1333 1673 2033 2143
667A Lytt  199609052 2113 1773 1513 1093  653  503  693  763 1173 1693 1973 2233
667A Lytt  199609061 2203 2163 1673 1263  913  673  543  713  963 1303 1763 1993
667A Lytt  199609062 2143 1963 1893 1383  933  683  633  473  843 1353 1643 1963
667A Lytt  199609071 2333 2153 2003 1723 1183  923  673  753  673 1103 1563 1803
667A Lytt  199609072 2103 2143 2133 1733 1403 1003  753  613  603 1083 1443 1703
667A Lytt  199609081 2133 2313 2093 2043 1653 1103  803  783  583  783 1283 1513
667A Lytt  199609082 1813 2233 2183 2003 1763 1323  973  713  643  833 1193 1513
667A Lytt  199609091 1943 2263 2333 2233 1993 1623 1073  983  623  623 1013 1253
667A Lytt  199609092 1743 1933 2283 2143 1943 1633 1173  873  713  613  843 1253
667A Lytt  199609101 1603 1963 2183 2263 2103 1823 1443  973  643  603  753  823
667A Lytt  199609102 1363 1873 1993 2083 2143 1843 1393 1043  703  523  663  723
667A Lytt  199609111 1153 1653 1963 2063 2093 1933 1593 1053  823  473  483  653
667A Lytt  199609112 1003 1413 1873 2033 2063 2013 1603 1233  793  573  443  653
667A Lytt  199609121  873 1363 1873 2013 2163 2233 1853 1483 1073  723  483  493
667A Lytt  199609122  853 1093 1623 2083 2123 2043 2033 1563 1053  763  563  563
667A Lytt  199609131  633 1123 1603 1913 1993 2333 2083 1663 1343  863  593  353
667A Lytt  199609132  713  883 1263 1833 2043 2073 2083 1813 1393 1053  663  473
667A Lytt  199609141  513  813 1283 1603 2023 2253 2093 1853 1653 1123  673  533
667A Lytt  199609142  593  633 1043 1603 1813 1993 2263 2043 1683 1403  883  603
667A Lytt  199609151  423  643  953 1253 1803 2103 2173 2063 1883 1373  943  663
667A Lytt  199609152  383  453  803 1163 1593 1913 2113 2213 1843 1713 1163  713
667A Lytt  199609161  553  513  653  953 1463 1863 1953 2253 2023 1603 1333  783
667A Lytt  199609162  513  373  573  893 1213 1693 1943 2123 2113 1953 1463 1033
667A Lytt  199609171  813  413  423  813 1153 1453 1843 2213 2053 1763 1663 1133
667A Lytt  199609172  653  573  473  543  993 1313 1693 2063 2203 2153 1853 1343
667A Lytt  199609181 1073  583  453  563  833 1243 1693 1883 2133 2123 1863 1483
667A Lytt  199609182 1003  653  443  383  613  933 1323 1683 2043 2183 1973 1663
667A Lytt  199609191 1283  873  483  423  453  833 1143 1523 1853 2003 2033 1713
667A Lytt  199609192 1223  983  513  313  323  513 1023 1353 1783 2073 2043 2013
667A Lytt  199609201 1523 1163  873  433  223  423  763 1063 1453 1763 1973 1923
667A Lytt  199609202 1533 1243  763  373  333  213  463  963 1253 1663 2073 2073
667A Lytt  199609211 1763 1423 1143  583  223  273  363  563 1093 1443 1743 1913
667A Lytt  199609212 1913 1533 1163  803  363  153  233  573  883 1403 1893 2063
667A Lytt  199609221 2103 1893 1643 1053  553  443  193  293  753 1123 1513 1853
667A Lytt  199609222 2213 1923 1573 1373  753  323  193  293  503 1003 1573 1873
667A Lytt  199609231 2253 2293 1973 1683 1133  613  363   73  373  723 1223 1663
667A Lytt  199609232 2073 2233 2033 1813 1163  783  353  153  213  573 1013 1523
667A Lytt  199609241 1993 2333 2223 2073 1513 1083  613  133   93  293  683 1223
667A Lytt  199609242 1703 2153 2213 2183 1713 1133  743  293  -20  243  513 1083
667A Lytt  199609251 1573 2113 2413 2293 2123 1613  963  563  183    0  283  753
667A Lytt  199609252 1303 1833 2263 2383 2263 1703 1263  753  153  193  133  543
667A Lytt  199609261 1173 1663 2173 2463 2373 2063 1593  983  523   43  123  253
667A Lytt  199609262  793 1413 2013 2333 2453 2293 1853 1183  653  433    3  223
667A Lytt  199609271  673 1303 1823 2233 2553 2553 2113 1623 1063  463  183   63
667A Lytt  199609272  393  873 1573 2163 2393 2523 2433 1783 1283  943  323  103
667A Lytt  199609281  453  773 1323 1943 2383 2583 2493 2103 1643  893  523  243
667A Lytt  199609282  183  523 1063 1693 2213 2493 2613 2443 1873 1393  883  353
667A Lytt  199609291  253  363  823 1433 1903 2383 2523 2483 2013 1423  963  453
667A Lytt  199609292  243  203  533 1153 1653 1983 2473 2453 2143 1773 1163  663
667A Lytt  199609301  293  183  323  813 1293 1813 2223 2303 2233 1803 1273  793
667A Lytt  199609302  373  203  143  563 1103 1563 1983 2303 2403 2053 1543 1153
667A Lytt  199610011  703  233  343  463  983 1403 2053 2243 2253 2193 1783 1173
667A Lytt  199610012  793  423  263  223  853 1163 1693 2103 2393 2423 2053 1603
667A Lytt  199610021 1243  693  393  423  643  943 1543 1853 2203 2173 2103 1623
667A Lytt  199610022 1223  843  433  403  373  933 1183 1713 2053 2230 2160 1893
667A Lytt  199610031 1613 1083  723  473  483  623 1043 1503 1773 2073 2203 1943
667A Lytt  199610032 1443 1253  853  403  503  573  883 1293 1733 2083 2103 2203
667A Lytt  199610041 1823 1403 1093  673  423  513  813  983 1443 1793 2033 2003
667A Lytt  199610042 1783 1593 1103  703  573  443  513  913 1363 1713 1913 2163
667A Lytt  199610051 2083 1633 1443 1023  573  543  613  763 1143 1493 1803 2053
667A Lytt  199610052 1973 1753 1513 1143  753  483  613  653 1043 1413 1783 2023
667A Lytt  199610061 2083 1973 1733 1343  823  653  443  563  793 1283 1533 1863
667A Lytt  199610062 2043 1963 1803 1433 1023  803  563  623  873 1183 1543 2003
667A Lytt  199610071 2163 2053 2153 1683 1233  983  743  673  673 1073 1463 1603
667A Lytt  199610072 1973 2223 1933 1823 1543  973  713  663  743  783 1423 1643
667A Lytt  199610081 1943 2193 2113 1953 1533 1133  883  573  553  753 1023 1403
667A Lytt  199610082 1793 2043 2043 2003 1713 1203  853  673  523  553  983 1323
667A Lytt  199610091 1623 1973 2183 1973 1733 1443 1053  593  503  673  633 1083
667A Lytt  199610092 1633 1813 2073 2073 1893 1483 1093  793  523  563  723  963
667A Lytt  199610101 1403 1853 2033 2173 2033 1653 1303  883  603  483  593  843
667A Lytt  199610102 1273 1683 1943 2103 2063 1833 1413  993  713  553  583  723
667A Lytt  199610111 1233 1633 1963 2273 2183 1983 1693 1143  813  533  523  703
667A Lytt  199610112  953 1543 1883 2133 2233 2143 1793 1343  973  733  483  623
667A Lytt  199610121  933 1273 1773 2163 2233 2123 1953 1543 1023  773  633  573
667A Lytt  199610122  773 1213 1773 2213 2313 2513 2223 1743 1313 1023  833  653
667A Lytt  199610131  643 1083 1433 1963 2013 2433 2273 1943 1683 1263  873  793
667A Lytt  199610132  913 1133 1623 2123 2343 2553 2473 2113 1793 1213  813  673
667A Lytt  199610141  563  813 1093 1653 1953 2273 2383 2083 1703 1323  863  543
667A Lytt  199610142  563  563 1023 1513 1923 2183 2283 2163 1943 1433 1043  603
667A Lytt  199610151  483  513  733 1193 1593 1993 2243 2123 1943 1453  923  613
667A Lytt  199610152  473  293  513 1003 1533 1763 2183 2183 2033 1793 1293  853
667A Lytt  199610161  523  343  433  763 1183 1603 1963 2173 1923 1803 1423  833
667A Lytt  199610162  453  473  323  493 1083 1523 1823 2153 2193 2063 1613 1213
667A Lytt  199610171  823  333  413  443  723 1153 1693 1933 1903 1953 1743 1193
667A Lytt  199610172  683  543  243  323  623 1133 1483 1973 2263 2163 1943 1683
667A Lytt  199610181 1063  603  433  293  423  783 1243 1683 2023 2093 2033 1623
667A Lytt  199610182 1153  843  413  313  353  793 1053 1523 2103 2183 2103 2103
667A Lytt  199610191 1563 1083  673  453  323  383  943 1363 1553 2073 2213 1853
667A Lytt  199610192 1633 1183  713  383  333  413  653 1113 1713 2023 2113 2243
667A Lytt  199610201 1993 1533 1023  683  323  203  453  843 1183 1743 2093 2043
667A Lytt  199610202 1903 1683 1133  633  363  293  253  643 1263 1533 1983 2333
667A Lytt  199610211 2203 1893 1563 1073  563  313  383  403  793 1483 1903 2023
667A Lytt  199610212 2223 2203 1703 1233  983  653  273  623  883 1163 1773 2343
667A Lytt  199610221 2273 2233 2233 1703 1063  693  543  363  473 1083 1533 1863
667A Lytt  199610222 2253 2433 2053 1703 1323  783  383  253  493  673 1163 1813
667A Lytt  199610231 2133 2223 2253 2103 1363  903  583  233  -10  493  863 1303
667A Lytt  199610232 1813 2253 2183 1943 1753 1083  473  223  183  233  573 1183
667A Lytt  199610241 1723 2103 2203 2303 1783 1313  833  313    3  193  363  773
667A Lytt  199610242 1423 1923 2103 2243 1993 1663  963  543  283    3  233  723
667A Lytt  199610251 1233 1663 2133 2363 2123 1803 1433  733  203  183  183  373
667A Lytt  199610252  933 1643 2083 2233 2433 2133 1593 1123  673  253  293  393
667A Lytt  199610261  693 1373 1923 2173 2393 2243 1813 1333  703  303   93  163
667A Lytt  199610262  423 1033 1683 1973 2373 2413 1903 1513 1123  503  143  283
667A Lytt  199610271  333  683 1453 1883 2143 2263 2193 1673 1143  793  223  133
667A Lytt  199610272  233  553 1143 1703 2093 2373 2273 1903 1543  943  543  213
667A Lytt  199610281  233  443  863 1503 1853 2143 2383 2053 1543 1283  663  243
667A Lytt  199610282  193  313  833 1253 1833 2283 2363 2333 2053 1493 1043  623
667A Lytt  199610291  373  343  653 1113 1603 1993 2263 2283 2063 1633 1093  703
667A Lytt  199610292  323  213  533  913 1393 1993 2243 2403 2373 2043 1423 1133
667A Lytt  199610301  713  433  543  863 1223 1633 2063 2353 2223 2023 1583 1083
667A Lytt  199610302  743  383  433  703 1083 1603 1943 2343 2423 2273 1893 1483
667A Lytt  199610311  983  703  483  663 1003 1303 1813 2033 2243 2263 1963 1493
667A Lytt  199610312 1063  693  423  343  773 1193 1433 1923 2323 2243 2013 1873
667A Lytt  199611011 1283  923  623  553  593  773 1383 1633 1893 2153 2073 1713
667A Lytt  199611012 1273 1043  643  383  513  823 1043 1523 1963 2003 2083 1983
667A Lytt  199611021 1563 1053  853  553  393  583  953 1273 1523 1983 2083 1743
667A Lytt  199611022 1633 1273  833  593  533  583  703 1203 1623 1743 1993 2153
667A Lytt  199611031 1683 1403 1123  713  463  423  703  873 1233 1773 1823 1783
667A Lytt  199611032 1903 1463 1013  813  663  443  423  973 1283 1393 1913 2063
667A Lytt  199611041 1763 1673 9999 9999 9999 9999 9999 9999 9999 9999 9999 9999
667A Lytt  199611042 9999 9999 9999 9999 9999 9999 9999 9999 9999 9999 9999 9999
667A Lytt  199611051 9999 9999 9999 9999 9999 9999 9999 9999 9999 9999 9999 9999
667A Lytt  199611052 9999 9999 9999 9999 9999 9999 9999 9999 9999 9999 9999 9999
667A Lytt  199611061 9999 9999 9999 9999 1293  773  733  543  593 1043 1393 1633
667A Lytt  199611062 1993 2193 2033 1753 1523 1113  753  653  773  883 1233 1713
667A Lytt  199611071 1983 2093 2163 1943 1633 1223 1043  683  563  993 1143 1483
667A Lytt  199611072 1993 2183 2203 2113 1793 1513  903  713  673  713  983 1433
667A Lytt  199611081 1843 2113 2223 2183 1993 1493 1163  823  603  643  993 1193
667A Lytt  199611082 1663 2103 2163 2213 2113 1753 1253  863  763  553  713 1143
667A Lytt  199611091 1523 1843 2243 2293 2073 1863 1493  863  773  633  653  963
667A Lytt  199611092 1423 1863 2083 2343 2313 1973 1583 1163  813  563  533  793
667A Lytt  199611101 1113 1593 1953 2183 2273 1963 1643 1193  783  573  483  563
667A Lytt  199611102 1013 1393 1853 2183 2343 2183 1843 1493 1043  703  523  473
667A Lytt  199611111  763 1233 1643 2073 2323 2203 2003 1563 1083  773  423  543
667A Lytt  199611112  663 1163 1663 2143 2383 2423 2243 2053 1433  973  823  513
667A Lytt  199611121  483 1093 1323 1713 2313 2303 2243 1943 1503 1093  643  493
667A Lytt  199611122  573  753 1373 1843 2173 2563 2693 2203 1913 1373  943  573
667A Lytt  199611131  493  723  963 1473 2003 2293 2313 2293 1963 1463 1053  663
667A Lytt  199611132  543  543  993 1463 1833 2353 2613 2483 2313 1853 1313  893
667A Lytt  199611141  553  573  623 1093 1673 1963 2383 2383 2293 1963 1333 1013
667A Lytt  199611142  633  403  613  953 1433 1983 2393 2583 2523 2333 1773 1313
667A Lytt  199611151  783  513  503  613 1103 1543 2043 2453 2453 2283 1903 1383
667A Lytt  199611152 1023  503  543  603  993 1553 1963 2393 2523 2473 2203 1693
667A Lytt  199611161 1183  753  473  453  753 1023 1553 2083 2293 2353 2293 1763
667A Lytt  199611162 1333  753  543  393  583 1003 1493 1933 2393 2503 2483 2093
667A Lytt  199611171 1633 1243  653  443  523  623 1143 1623 2043 2303 2363 2083
667A Lytt  199611172 1663 1163  773  393  353  493  933 1343 1973 2283 2403 2443
667A Lytt  199611181 2013 1573 1163  613  433  453  683 1093 1673 2113 2343 2453
667A Lytt  199611182 2243 1693 1293  943  533  563  593  993 1513 2063 2303 2543
667A Lytt  199611191 2473 2063 1703 1133  713  543  573  753 1213 1873 2183 2483
667A Lytt  199611192 2403 2223 1703 1463  893  593  523  703 1123 1543 2093 2393
667A Lytt  199611201 2583 2493 2023 1663 1103  623  493  333  663 1173 1643 2043
667A Lytt  199611202 2373 2313 2073 1713 1203  763  453  323  713  903 1433 1933
667A Lytt  199611211 2293 2483 2293 1913 1523  833  543  353  353  693 1223 1643
667A Lytt  199611212 2083 2413 2333 2113 1693 1213  673  493  393  483  973 1513
667A Lytt  199611221 1883 2183 2583 2153 1823 1453  823  423  343  343  663 1233
667A Lytt  199611222 1733 2113 2363 2383 2153 1623 1143  823  413  393  673 1043
667A Lytt  199611231 1433 2073 2343 2313 2363 1833 1333  853  493  313  383  793
667A Lytt  199611232 1383 1773 2263 2523 2373 2213 1663 1163  793  523  473  613
667A Lytt  199611241 1093 1663 2103 2283 2523 2183 1723 1343  843  503  443  553
667A Lytt  199611242  953 1483 1933 2413 2523 2443 2273 1653 1183  743  533  523
667A Lytt  199611251  773 1293 1733 2073 2453 2463 2183 1753 1353  763  423  523
667A Lytt  199611252  543  923 1573 2033 2283 2503 2323 2023 1493 1103  723  493
667A Lytt  199611261  523  853 1293 1603 2183 2313 2223 2093 1583 1213  793  483
667A Lytt  199611262  523  673 1143 1703 2133 2443 2493 2333 1933 1393 1113  763
667A Lytt  199611271  473  723 1043 1393 1833 2343 2323 2243 2043 1483 1093  573
667A Lytt  199611272  553  483  783 1283 1703 2083 2383 2413 2183 1803 1313  943
667A Lytt  199611281  603  543  723  963 1483 1823 2103 2273 2213 1803 1393 1013
667A Lytt  199611282  733  453  813 1023 1373 2033 2303 2273 2563 2193 1613 1403
667A Lytt  199611291  933  683  653  713 1363 1483 1813 2293 2303 2133 1873 1393
667A Lytt  199611292 1083  753  633  783 1123 1523 1893 2193 2283 2253 1993 1493
667A Lytt  199611301 1193  863  643  573  913 1183 1483 1883 2093 2163 1933 1603
667A Lytt  199611302 1253  713  613  633  713 1083 1533 1923 2113 2123 2203 1903
667A Lytt  199612011 1323 1143  813  593  643 1033 1273 1593 2033 2213 2063 1863
667A Lytt  199612012 1643 1123  833  723  643  923 1263 1603 1963 2133 2163 2083
667A Lytt  199612021 1643 1493 1003  643  673  803  973 1263 1763 1993 2033 2063
667A Lytt  199612022 1943 1263 1143  983  593  823 1013 1383 1673 2043 2203 2213
667A Lytt  199612031 1973 1783 1283  903  873  763  803 1183 1533 1773 2023 2193
667A Lytt  199612032 2043 1693 1443 1033  823  723  733 1103 1433 1733 2103 2203
667A Lytt  199612041 2093 1983 1493 1133  963  643  693  773 1213 1533 1773 2123
667A Lytt  199612042 2213 1783 1673 1363  873  753  693  833 1083 1453 1843 2033
667A Lytt  199612051 2113 2043 1763 1343 1023  723  463  623  823 1223 1503 1903
667A Lytt  199612052 2133 1913 1933 1533 1073  913  693  573  753 1093 1413 1803
667A Lytt  199612061 2063 2003 1863 1583 1173  743  503  453  493  813 1163 1583
667A Lytt  199612062 1843 1903 1963 1663 1323  933  613  413  383  673  973 1393
667A Lytt  199612071 1693 1963 1893 1693 1403  963  563  363  333  413  813 1233
667A Lytt  199612072 1633 1793 2003 1863 1553 1183  753  373  263  483  573  953
667A Lytt  199612081 1513 1813 1873 1883 1703 1263  713  473  253  253  393  903
667A Lytt  199612082 1313 1613 2023 2093 1753 1463 1143  573  293  313  353  603
667A Lytt  199612091 1113 1683 1793 1973 2083 1493 1183  833  333  323  273  723
667A Lytt  199612092 1033 1513 2033 2373 1993 2133 1653 1013  713  473  393  443
667A Lytt  199612101  923 1443 1793 2143 2283 2073 1493 1333  823  443  113  643
667A Lytt  199612102  713 1163 1923 2123 2273 2423 2083 1553 1143  653  323  253
667A Lytt  199612111  623 1003 1433 1943 2273 2263 2073 1683 1203  623  423  263
667A Lytt  199612112  303  823 1393 1723 2263 2483 2253 2043 1513 1033  563  263
667A Lytt  199612121  273  493 1033 1503 1933 2303 2323 1983 1703 1063  513  343
667A Lytt  199612122  163  363  873 1373 1963 2313 2483 2373 2013 1573  943  443
667A Lytt  199612131  283  283  453 1023 1613 1923 2213 2343 2043 1623 1033  593
667A Lytt  199612132  303  243  473  953 1503 2043 2463 2583 2453 2093 1573 1033
667A Lytt  199612141  523  423  323  633 1233 1763 2163 2453 2503 2193 1603 1213
667A Lytt  199612142  763  353  433  703 1113 1733 2263 2583 2653 2623 2133 1533
667A Lytt  199612151 1053  603  343  393  753 1243 1693 2203 2503 2413 2103 1653
667A Lytt  199612152 1133  603  353  273  623  993 1563 2243 2413 2533 2503 1923
667A Lytt  199612161 1453 1043  513  323  353  763 1163 1703 2153 2363 2313 2113
667A Lytt  199612162 1533 1063  583  343  243  553 1003 1553 2003 2403 2473 2263
667A Lytt  199612171 1853 1353  843  373  303  443  583 1163 1803 2063 2383 2353
667A Lytt  199612172 2033 1503 1103  703  363  443  713 1103 1483 2133 2403 2323
667A Lytt  199612181 2353 1983 1323  893  593  373  313  793 1343 1713 2083 2453
667A Lytt  199612182 2393 1963 1673 1103  683  383  553  603 1073 1683 2083 2333
667A Lytt  199612191 2463 2503 1873 1373 1163  573  383  503  993 1303 1863 2373
667A Lytt  199612192 2550 2461 2162 1727 1246  841  598  573  883 1253 1653 2143
667A Lytt  199612201 2463 2493 2383 1823 1513  993  543  613  623  993 1433 1983
667A Lytt  199612202 2263 2483 2493 2183 1633 1303  873  493  463  833 1153 1623
667A Lytt  199612211 2153 2433 2443 2373 1933 1373 1083  723  563  733 1023 1583
667A Lytt  199612212 1933 2303 2523 2333 2073 1623 1053  713  553  513  663 1053
667A Lytt  199612221 1643 1943 2123 2233 2073 1553 1103  673  443  323  513  833
667A Lytt  199612222 1433 1813 2153 2283 2203 1983 1403 1073  743  463  543  723
667A Lytt  199612231 1233 1703 2033 2223 2293 2013 1583 1063  763  493  323  683
667A Lytt  199612232 1053 1563 1923 2203 2333 2183 1803 1443  893  543  433  453
667A Lytt  199612241  733 1273 1693 1913 2133 2143 1763 1303  943  603  233  383
667A Lytt  199612242  713  953 1433 2013 2163 2133 2103 1663 1033  753  473  283
667A Lytt  199612251  333  823 1213 1553 1943 2123 1903 1573 1323  753  383  363
667A Lytt  199612252  363  583 1153 1573 1953 2143 2093 1943 1473  993  733  433
667A Lytt  199612261  283  643  963 1233 1773 2033 1993 1863 1643 1143  643  523
667A Lytt  199612262  493  353  863 1483 1643 2033 2363 2153 1843 1583 1043  663
667A Lytt  199612271  503  523  653 1033 1553 1693 2073 2143 1863 1543 1093  783
667A Lytt  199612272  433  543  603 1033 1493 1863 2103 2153 2063 1813 1293  873
667A Lytt  199612281  653  513  513  783 1233 1603 1813 1983 2043 1723 1313 1033
667A Lytt  199612282  653  433  503  703 1133 1603 1873 2123 2063 2063 1613 1183
667A Lytt  199612291  843  683  503  623  993 1333 1643 1893 2053 1913 1613 1293
667A Lytt  199612292  953  593  583  553  853 1373 1573 1933 2113 2103 1813 1533
667A Lytt  199612301 1173  803  573  543  703 1113 1453 1673 2053 2113 1843 1573
667A Lytt  199612302 1353  883  693  753  723 1053 1503 1873 1963 2263 2063 1793
667A Lytt  199612311 1523 1023  843  573  723  883 1203 1523 1893 1973 2003 1873
667A Lytt  199612312 1543 1223  813  623  703  793 1073 1543 1803 2033 2023 1833
