667A Lyttelton          New Zealand         1997 43360S 172430E 0000 3 00000R MM
667A Lytt  199701011 1673 1273  883  653  643  573  803 1153 1503 1753 1813 1923
667A Lytt  199701012 1643 1293  973  713  433  663  793 1103 1453 1803 1923 1933
667A Lytt  199701021 1833 1493 1093  813  623  553  583  963 1283 1523 1873 2023
667A Lytt  199701022 1783 1583 1343  913  623  613  633  883 1223 1633 1773 1993
667A Lytt  199701031 1993 1823 1343 1133  773  583  593  813 1013 1523 1833 1973
667A Lytt  199701032 2133 1983 1593 1263 1033  823  543  773 1063 1423 1743 2043
667A Lytt  199701041 2113 2043 1933 1353 1163  913  653  713  973 1273 1543 2053
667A Lytt  199701042 2343 2143 1983 1823 1353  993  813  693  903 1183 1463 1843
667A Lytt  199701051 2063 2273 2023 1733 1453 1023  783  583  703 1043 1233 1783
667A Lytt  199701052 2143 2203 2233 2003 1603 1193  863  613  553  723 1123 1423
667A Lytt  199701061 1813 2143 2163 1913 1603 1283  763  533  363  593  903 1323
667A Lytt  199701062 1833 2063 2313 2213 1813 1543 1053  673  443  483  653 1033
667A Lytt  199701071 1503 1953 2033 2153 1943 1553 1043  683  403  303  473  933
667A Lytt  199701072 1443 1783 2213 2293 2113 1973 1323  883  613  273  383  563
667A Lytt  199701081 1053 1633 1923 2053 2223 1883 1423  993  443  323  163  393
667A Lytt  199701082  853 1413 1913 2193 2243 2283 1793 1263  873  413  183  253
667A Lytt  199701091  553 1073 1643 1993 2203 2333 1803 1333  843  433   93  153
667A Lytt  199701092  353  933 1493 1953 2293 2483 2233 1873 1253  773  403   93
667A Lytt  199701101  203  613 1133 1663 2133 2303 2293 1923 1343 1023  313  113
667A Lytt  199701102  193  493  973 1713 2223 2533 2593 2463 2013 1343  903  563
667A Lytt  199701111  153  363  833 1323 1903 2403 2443 2323 2083 1503  913  553
667A Lytt  199701112  353  293  593 1313 1853 2383 2793 2793 2503 2203 1583  873
667A Lytt  199701121  513  343  423  743 1493 2003 2363 2623 2553 2103 1633 1053
667A Lytt  199701122  523  273  433  613 1113 1853 2263 2513 2673 2393 1883 1353
667A Lytt  199701131  713  363  153  223  793 1233 1793 2363 2443 2223 2073 1383
667A Lytt  199701132  933  383  183  153  433 1033 1633 2073 2383 2523 2103 1663
667A Lytt  199701141 1213  593  253   23  293  603 1123 1693 2103 2303 2163 1803
667A Lytt  199701142 1333  823  263  123  133  463  953 1493 2013 2233 2233 2043
667A Lytt  199701151 1533 1083  483  183  113  173  623 1143 1553 2063 2293 2073
667A Lytt  199701152 1783 1323  843  303  163  223  523  893 1493 1993 2123 2243
667A Lytt  199701161 1963 1533 1133  533  213  253  333  543 1253 1713 2003 2323
667A Lytt  199701162 2113 1763 1373  913  483  293  383  653 1033 1613 1983 2133
667A Lytt  199701171 2263 2073 1603 1123  693  393  303  513  823 1383 1853 2233
667A Lytt  199701172 2313 2323 2013 1373 1013  703  543  473  843 1223 1693 2113
667A Lytt  199701181 2313 2393 2193 1683 1233  883  453  393  713 1023 1453 1963
667A Lytt  199701182 2403 2453 2233 2043 1503 1173  813  613  613 1063 1383 1633
667A Lytt  199701191 2303 2463 2263 2163 1863 1313  843  803  613  953 1213 1713
667A Lytt  199701192 2153 2343 2513 2243 1913 1573 1033  753  613  633  873 1303
667A Lytt  199701201 1773 2023 2273 2253 1893 1473 1123  673  433  513  653 1143
667A Lytt  199701202 1533 1933 2163 2263 1993 1793 1173  843  573  453  473  923
667A Lytt  199701211 1243 1723 2063 2133 2083 1773 1253  943  453  433  433  883
667A Lytt  199701212 1173 1673 2073 2263 2213 2213 1583 1233  933  563  593  693
667A Lytt  199701221 1073 1453 1893 1993 2173 1913 1743 1353  773  643  473  563
667A Lytt  199701222  943 1283 1753 2033 2253 2173 1833 1533 1073  743  553  503
667A Lytt  199701231  613 1113 1593 1783 2113 2223 1903 1593 1123  773  543  423
667A Lytt  199701232  673  943 1433 1843 2023 2243 2113 1743 1423 1003  633  513
667A Lytt  199701241  563  893 1213 1623 1903 2003 2033 1793 1303 1023  623  413
667A Lytt  199701242  423  603 1003 1403 1753 2133 2103 1933 1643 1263  823  543
667A Lytt  199701251  503  593  853 1293 1713 1913 1993 1973 1623 1223  743  643
667A Lytt  199701252  313  383  823 1113 1513 1993 2073 1973 1873 1493 1103  593
667A Lytt  199701261  533  463  553 1003 1403 1593 1913 2063 1673 1573 1063  753
667A Lytt  199701262  503  323  613  763 1293 1713 1903 1953 1963 1683 1223  853
667A Lytt  199701271  533  383  443  663 1043 1433 1683 1923 1783 1703 1313  903
667A Lytt  199701272  613  373  343  523  873 1313 1653 1833 1933 1773 1433 1043
667A Lytt  199701281  723  483  333  473  753 1123 1393 1693 1823 1743 1523 1103
667A Lytt  199701282  733  503  343  333  653 1063 1353 1653 1853 1843 1693 1213
667A Lytt  199701291  903  623  423  313  563  883 1203 1513 1763 1823 1743 1503
667A Lytt  199701292 1043  793  483  373  493  833 1153 1533 1753 1933 1873 1543
667A Lytt  199701301 1333  953  583  453  563  693  983 1373 1693 1913 1793 1833
667A Lytt  199701302 1393 1003  783  503  403  733  923 1243 1663 1853 1943 1843
667A Lytt  199701311 1563 1243  843  593  493  513  823 1123 1423 1803 1943 1943
667A Lytt  199701312 1763 1363 1013  793  463  603  683 1013 1403 1733 1883 1923
667A Lytt  199702011 1863 1493 1143  843  583  483  613  883 1213 1633 1903 1983
667A Lytt  199702012 1993 1723 1413  983  703  593  513  863 1173 1483 1913 2033
667A Lytt  199702021 2033 1893 1493 1173  893  563  513  783 1073 1443 1893 2133
667A Lytt  199702022 2233 2063 1823 1453 1043  843  683  653  953 1363 1663 1953
667A Lytt  199702031 2253 2153 1863 1623 1193  793  603  633  763 1153 1653 1973
667A Lytt  199702032 2193 2363 2193 1803 1463 1123  673  453  783  943 1303 1763
667A Lytt  199702041 2083 2213 2073 1903 1483  993  713  583  413  733 1183 1643
667A Lytt  199702042 2023 2303 2433 2043 1843 1383  883  573  533  553  873 1453
667A Lytt  199702051 1833 2123 2363 2243 1873 1403 1013  513  303  463  743 1183
667A Lytt  199702052 1633 2113 2413 2283 2223 1813 1193  723  473  323  393  763
667A Lytt  199702061 1393 1813 2103 2353 2223 1723 1363  783  333  223  343  563
667A Lytt  199702062 1143 1723 2093 2353 2443 2243 1603 1143  693  223  213  313
667A Lytt  199702071  683 1403 1873 2203 2413 2203 1833 1343  583  303  133  133
667A Lytt  199702072  503 1163 1773 2023 2463 2603 2053 1653 1193  503  193  253
667A Lytt  199702081  213  823 1453 2003 2373 2473 2353 1833 1223  823  323  213
667A Lytt  199702082  273  663 1323 1923 2413 2753 2553 2413 1863 1173  613  213
667A Lytt  199702091  233  463  813 1613 2053 2363 2693 2373 1783 1353  763  353
667A Lytt  199702092  143  313  693 1313 1953 2493 2583 2653 2433 1753 1123  623
667A Lytt  199702101  383  183  353 1053 1783 2063 2563 2743 2323 2023 1463  908
667A Lytt  199702102  499  324  470  930 1536 2106 2553 2790 2730 2383 1653 1273
667A Lytt  199702111  643  293  233  453 1063 1533 2043 2593 2503 2343 1993 1353
667A Lytt  199702112  793  423  313  293  713 1473 1893 2153 2663 2483 2043 1563
667A Lytt  199702121 1043  443  163  223  413  853 1453 2043 2293 2383 2343 1743
667A Lytt  199702122 1203  723  343   83  293  733 1103 1673 2133 2313 2213 1873
667A Lytt  199702131 1503  843  353  243  143  303  873 1473 1863 2083 2463 2173
667A Lytt  199702132 1583 1253  783  333  153  503  743 1073 1813 2203 2103 2233
667A Lytt  199702141 2013 1363  863  553  263  243  553  983 1373 1923 2283 2273
667A Lytt  199702142 2133 1603 1303  723  423  393  503  673 1233 1773 1933 2123
667A Lytt  199702151 2223 1813 1253  993  623  143  313  693  923 1363 2013 2203
667A Lytt  199702152 2073 2053 1723 1143  753  623  373  433  883 1373 1613 1983
667A Lytt  199702161 2223 2093 1683 1363 1103  473  423  513  663  983 1683 1953
667A Lytt  199702162 1953 2313 2083 1483 1203  853  573  293  673 1023 1163 1743
667A Lytt  199702171 2093 2073 1963 1723 1423  773  523  553  363  723 1273 1643
667A Lytt  199702172 1863 2163 2293 1733 1553 1323  713  393  723  623  803 1453
667A Lytt  199702181 1833 1873 2103 2073 1653 1153  873  703  283  593  963 1213
667A Lytt  199702182 1593 2103 2143 2003 1903 1623 1023  603  633  583  583 1073
667A Lytt  199702191 1533 1803 1993 2183 1963 1513 1233  873  473  523  683 1043
667A Lytt  199702192 1273 1843 2233 2003 2113 1953 1423  883  793  623  513  833
667A Lytt  199702201 1263 1643 1783 2223 2173 1883 1623 1263  723  543  733  733
667A Lytt  199702202 1083 1693 2123 2053 2303 2303 1673 1353 1133  883  623  803
667A Lytt  199702211 1183 1403 1833 2183 2223 2093 1983 1603  963  653  713  643
667A Lytt  199702212  843 1363 1813 2043 2233 2413 2053 1583 1393  993  653  633
667A Lytt  199702221  893 1133 1523 1963 2163 2173 2183 1813 1373  903  843  783
667A Lytt  199702222  613 1043 1623 1843 2063 2503 2293 1833 1753 1273  773  673
667A Lytt  199702231  873  913 1223 1833 2113 2023 2203 2123 1473 1153 1063  633
667A Lytt  199702232  473  883 1273 1423 1913 2403 2183 1973 2023 1433  913  813
667A Lytt  199702241  773  663  973 1593 1853 1933 2303 2243 1763 1523 1203  793
667A Lytt  199702242  583  773 1013 1243 1873 2283 2203 2273 2303 1733 1323 1103
667A Lytt  199702251  873  693  903 1223 1693 1973 2343 2343 2083 1933 1473 1153
667A Lytt  199702252  713  863  893 1023 1543 1933 2083 2123 2263 1993 1443 1133
667A Lytt  199702261 1043  613  773 1153 1323 1723 2033 2323 2123 2083 1913 1373
667A Lytt  199702262 1003  933  853  813 1343 1703 1893 2193 2443 2243 1853 1623
667A Lytt  199702271 1163  913  693  973 1153 1383 1843 2153 2103 2103 2103 1523
667A Lytt  199702272 1083  913  723  553  903 1383 1603 1823 2223 2173 1923 1753
667A Lytt  199702281 1413  913  693  733  873  973 1513 1863 1933 2153 2143 1683
667A Lytt  199702282 1353 1143  773  493  683 1023 1243 1463 2033 2173 1913 2013
667A Lytt  199703011 1633 1123  833  813  683  683 1323 1583 1813 2083 2233 2073
667A Lytt  199703012 1613 1493 1113  693  773 1053  913 1303 1933 2063 1983 2193
667A Lytt  199703021 1923 1403 1143  913  583  563  973 1313 1403 1933 2303 2103
667A Lytt  199703022 1893 1773 1403  753  693  743  543  883 1453 1763 1813 2143
667A Lytt  199703031 2053 1643 1303 1093  643  433  623  853 1143 1533 2043 2173
667A Lytt  199703032 2053 2063 1773 1133  843  693  483  663 1133 1533 1763 2103
667A Lytt  199703041 2283 2093 1683 1423 1053  523  493  713  773 1213 1823 2103
667A Lytt  199703042 2173 2263 2093 1553 1253  923  493  423  773 1143 1423 1833
667A Lytt  199703051 2273 2213 2053 1903 1413  853  563  513  573  833 1303 1913
667A Lytt  199703052 2053 2343 2433 1923 1603 1243  643  423  473  653  993 1443
667A Lytt  199703061 2033 2273 2153 2213 1883 1123  653  593  233  353  953 1403
667A Lytt  199703062 1673 2243 2573 2163 2053 1713  973  463  343  403  373  873
667A Lytt  199703071 1643 1913 2113 2373 2033 1523 1123  653  133   93  453  753
667A Lytt  199703072 1153 1923 2333 2313 2253 2093 1403  753  403  313   43  413
667A Lytt  199703081 1023 1623 1843 2503 2463 1903 1833 1073  473  143  273  343
667A Lytt  199703082  643 1493 2063 2193 2583 2543 2063 1403  963  583   83  233
667A Lytt  199703091  683 1093 1713 2363 2643 2493 2213 1843  973  513  303  206
667A Lytt  199703092  422  940 1583 2158 2572 2742 2607 2196 1624 1063  373  153
667A Lytt  199703101  373  513 1113 1853 2353 2423 2743 2283 1713 1063  633  303
667A Lytt  199703102 -140  383  913 1403 2003 2533 2553 2373 2043 1453  793  333
667A Lytt  199703111  223  123  463 1183 1853 2153 2493 2593 2093 1583 1123  673
667A Lytt  199703112   43  163  493  743 1423 2103 2303 2443 2393 1973 1313  683
667A Lytt  199703121  453   63   53  643 1183 1493 2193 2533 2273 2093 1653 1023
667A Lytt  199703122  443  203  203  283  803 1453 1823 2153 2393 2253 1713 1133
667A Lytt  199703131  773  293  -50  283  683 1043 1573 2203 2313 2193 2173 1633
667A Lytt  199703132  893  563  313   73  493  923 1313 1753 2283 2263 2103 1693
667A Lytt  199703141 1233  753  393  443  323  693 1273 1813 2003 2573 2443 2093
667A Lytt  199703142 1503 1183  713  293  473  713  943 1413 2073 2303 2223 2273
667A Lytt  199703151 1933 1273  853  743  423  573 1073 1403 1783 2343 2583 2383
667A Lytt  199703152 2163 1813 1273  883  733  763  843 1273 1743 2073 2383 2443
667A Lytt  199703161 2273 1913 1493 1023  743  543  753  993 1453 1913 2273 2431
667A Lytt  199703162 2367 2133 1673 1213  893  683  593  823 1253 1683 1973 2313
667A Lytt  199703171 2343 2133 1783 1473 1003  753  723  833 1153 1613 2023 2353
667A Lytt  199703172 2423 2383 2163 1623 1313 1013  753  683 1053 1383 1713 2043
667A Lytt  199703181 2403 2283 2013 1883 1363  923  783  633  853 1193 1583 2063
667A Lytt  199703182 2183 2303 2333 1823 1543 1203  753  663  663  993 1323 1673
667A Lytt  199703191 2103 2223 2043 2083 1663 1063  933  763  583  893 1263 1623
667A Lytt  199703192 1883 2243 2323 2003 1793 1443  903  753  643  793 1043 1313
667A Lytt  199703201 1893 2023 2083 2253 1843 1413 1183  763  633  653  953 1343
667A Lytt  199703202 1673 2083 2273 2123 2093 1733 1233  843  803  653  723 1113
667A Lytt  199703211 1533 1863 2013 2233 2143 1643 1423 1043  783  563  753 1083
667A Lytt  199703212 1293 1843 2173 2183 2173 2013 1463 1033  833  653  593  783
667A Lytt  199703221 1223 1583 1863 2123 2123 1833 1643 1173  753  573  503  713
667A Lytt  199703222  963 1443 1843 1983 2103 2063 1613 1293  913  663  613  503
667A Lytt  199703231  963 1293 1613 1943 2123 1983 1783 1453 1003  703  563  513
667A Lytt  199703232  763 1113 1583 1893 2103 2213 1793 1553 1203  823  593  543
667A Lytt  199703241  753  963 1493 1833 1993 2193 2063 1693 1373  983  723  573
667A Lytt  199703242  643  883 1333 1823 1983 2183 2083 1833 1503 1083  823  563
667A Lytt  199703251  643  853 1163 1653 1973 2133 2163 1943 1713 1243  833  703
667A Lytt  199703252  573  743 1023 1513 1883 1993 2173 2013 1683 1313  953  713
667A Lytt  199703261  513  703  893 1263 1763 1963 2113 2073 1843 1443 1103  733
667A Lytt  199703262  503  543  763 1103 1553 1833 1973 2083 1833 1533 1223  753
667A Lytt  199703271  523  483  683  923 1313 1723 2003 2033 1943 1713 1313  903
667A Lytt  199703272  653  493  483  883 1203 1503 1813 2063 1893 1733 1433 1023
667A Lytt  199703281  643  503  523  623 1033 1463 1703 1913 2013 1923 1493 1183
667A Lytt  199703282  843  483  413  653  813 1183 1613 1873 1873 1973 1733 1243
667A Lytt  199703291  953  713  473  563  803 1113 1553 1823 2113 2003 1873 1583
667A Lytt  199703292 1103  743  483  533  523  863 1273 1673 1813 2013 1973 1573
667A Lytt  199703301 1173  983  563  473  603  883 1173 1583 1963 2073 2073 1783
667A Lytt  199703302 1543 1103  743  543  473  663  943 1493 1613 2003 2163 1793
667A Lytt  199703311 1553 1303  823  403  553  513  803 1273 1653 1843 2043 2133
667A Lytt  199703312 1773 1373 1063  663  363  413  593  953 1313 1683 2023 2003
667A Lytt  199704011 1793 1493 1063  733  363  343  503  803 1233 1673 1933 2043
667A Lytt  199704012 2063 1753 1293  983  573  283  273  593  913 1353 1823 1963
667A Lytt  199704021 1893 1843 1483  963  633  353  373  373  823 1243 1703 1973
667A Lytt  199704022 2173 2053 1703 1323  823  473  173  323  483  973 1463 1843
667A Lytt  199704031 2053 2063 1953 1403  953  633  343  213  503  873 1263 1843
667A Lytt  199704032 2193 2213 2133 1923 1333  793  493  343  233  693 1213 1533
667A Lytt  199704041 2073 2363 2283 2023 1633 1153  723  363  503  563  953 1683
667A Lytt  199704042 2083 2323 2543 2433 2033 1463  973  703  353  473  943 1283
667A Lytt  199704051 1873 2403 2463 2443 2273 1703 1133  643  603  223  653 1183
667A Lytt  199704052 1733 2233 2503 2673 2523 2143 1503 1043  653  443  613  863
667A Lytt  199704061 1463 2213 2493 2513 2833 2323 1793 1133  913  333  343  793
667A Lytt  199704062 1183 1673 2353 2693 2653 2373 2123 1443  763  653  353  383
667A Lytt  199704071  873 1493 2043 2483 2713 2713 2263 1743 1283  573  373  503
667A Lytt  199704072  683 1033 1873 2383 2523 2683 2453 2023 1273  963  563  293
667A Lytt  199704081  483  993 1593 2043 2593 2863 2553 2323 1893 1013  653  553
667A Lytt  199704082  403  503 1403 1983 2233 2633 2663 2443 2003 1353  933  413
667A Lytt  199704091  302  503 1003 1563 2053 2633 2663 2483 2363 1633  983  653
667A Lytt  199704092  483  313  673 1233 1773 2033 2513 2553 2083 1843 1353  623
667A Lytt  199704101  363  413  503  803 1593 2043 2303 2593 2603 2033 1513 1043
667A Lytt  199704102  653  273  433  743 1153 1633 2123 2373 2333 2203 1693 1173
667A Lytt  199704111  693  463  353  523  963 1633 1963 2313 2613 2323 1903 1563
667A Lytt  199704112 1123  523  383  533  703 1233 1623 2103 2253 2293 2183 1523
667A Lytt  199704121 1143  793  513  333  613 1203 1453 1883 2453 2433 2113 2033
667A Lytt  199704122 1493  963  523  653  503  693 1383 1713 1933 2353 2353 1903
667A Lytt  199704131 1513 1243  753  343  603  783  983 1583 2063 2183 2263 2283
667A Lytt  199704132 1873 1283 1033  753  533  583  963 1383 1563 2093 2353 2083
667A Lytt  199704141 1823 1693 1173  603  643  703  733 1143 1743 1953 2113 2393
667A Lytt  199704142 2123 1663 1443 1073  573  573  813  913 1273 1843 2113 2123
667A Lytt  199704151 2113 1963 1483  943  893  663  533  923 1353 1593 1883 2323
667A Lytt  199704152 2283 1833 1783 1393  823  613  783  763 1003 1553 1863 2033
667A Lytt  199704161 2193 2243 1783 1433 1223  833  503  843 1083 1083 1743 2133
667A Lytt  199704162 2123 2083 2053 1633 1133  863  663  603  723 1133 1523 1763
667A Lytt  199704171 2003 2223 1873 1663 1393  933  695  611  709  975 1326 1680
667A Lytt  199704172 1949 2055 1989 1761 1399 1015  723  557  557  763 1106 1473
667A Lytt  199704181 1963 2233 2023 1853 1853 1253  813  873  793  793 1113 1643
667A Lytt  199704182 1963 2063 2383 2203 1863 1433 1163  773  773  833 1093 1393
667A Lytt  199704191 1753 2283 2193 2123 2063 1733 1173  923  923  673  863 1413
667A Lytt  199704192 1683 1913 2233 2383 1903 1743 1433  923  693  743  933 1023
667A Lytt  199704201 1433 1983 2093 2123 2213 1903 1283 1093  863  503  643  903
667A Lytt  199704202 1443 1623 1993 2343 2083 1803 1703 1143  713  703  743  773
667A Lytt  199704211 1003 1773 1803 1943 2343 2033 1483 1453  983  543  443  803
667A Lytt  199704212 1053 1193 1783 2153 1953 1873 1883 1203  783  773  563  443
667A Lytt  199704221  833 1383 1633 1793 2273 2203 1663 1593 1223  653  483  683
667A Lytt  199704222  753  903 1553 1993 1793 2033 2083 1453 1093  933  633  333
667A Lytt  199704231  683 1103 1353 1663 2183 2263 1963 1953 1533  973  623  703
667A Lytt  199704232  613  803 1313 1833 1943 2143 2233 1983 1553 1243  893  573
667A Lytt  199704241  563  893 1163 1553 2013 2273 2213 2133 1823 1263  893  663
667A Lytt  199704242  573  513  973 1403 1693 1953 2213 2063 1703 1443 1143  693
667A Lytt  199704251  403  523  883  973 1683 2123 2163 2093 2133 1733 1073  923
667A Lytt  199704252  743  473  553 1193 1403 1623 2113 2153 1803 1723 1373  793
667A Lytt  199704261  493  593  563  723 1423 1843 1883 2313 2223 1863 1503 1113
667A Lytt  199704262  873  453  493  863 1073 1413 1993 2173 2023 2053 1773 1123
667A Lytt  199704271  803  683  533  553 1113 1523 1703 2173 2353 2073 1863 1483
667A Lytt  199704272 1083  653  473  623  573 1083 1613 1853 1963 2173 2043 1553
667A Lytt  199704281 1163  893  563  433  863 1173 1503 1993 2343 2203 2243 2083
667A Lytt  199704282 1473  983  693  653  533  703 1283 1553 1793 2213 2253 1783
667A Lytt  199704291 1503 1183  713  373  633  673  993 1563 1953 2143 2213 2193
667A Lytt  199704292 1823 1313  933  633  413  363  803 1173 1493 1963 2223 2153
667A Lytt  199704301 1763 1603 1153  503  583  563  463 1103 1593 1743 2023 2363
667A Lytt  199704302 2043 1573 1283  823  353  163  423  603  923 1553 1963 2023
667A Lytt  199705011 1923 1853 1323  693  573  293  113  423  993 1253 1583 2173
667A Lytt  199705012 2173 1783 1613 1313  503  233  303  243  433 1133 1633 1803
667A Lytt  199705021 2053 2143 1693 1153  893  533  -10  233  583  753 1203 1943
667A Lytt  199705022 2163 1933 2063 1703  913  503  293  113  113  643 1203 1543
667A Lytt  199705031 1903 2383 2013 1613 1493  853  263  173  383  323  753 1593
667A Lytt  199705032 1983 1903 2323 2193 1313  973  723   83 -130  363  653 1003
667A Lytt  199705041 1683 2243 2123 1973 2073 1313  573  493  233  -20  363 1093
667A Lytt  199705042 1453 1783 2273 2273 1913 1523 1023  443   53  183  313  583
667A Lytt  199705051 1263 1953 2063 2203 2373 1833 1213  883  393  103  123  573
667A Lytt  199705052  953 1483 2033 2233 2133 2003 1573  823  463  133  183  193
667A Lytt  199705061  683 1533 1733 2113 2503 2123 1673 1373  703  233  -20  213
667A Lytt  199705062  383  873 1593 1983 2053 2273 1913 1283  753  443   73    3
667A Lytt  199705071  243  843 1323 1753 2293 2303 2043 1803 1203  573  253  203
667A Lytt  199705072  153  463 1143 1553 1913 2263 2213 1783 1373  933  483   23
667A Lytt  199705081  223  423  833 1443 2053 2243 2233 2273 1763 1083  673  543
667A Lytt  199705082   83  303  743 1263 1573 2083 2323 2033 1903 1403  883  513
667A Lytt  199705091  213  313  553  993 1673 2083 2213 2463 2213 1623 1213  843
667A Lytt  199705092  383  213  443  873 1143 1683 2123 2103 2053 1923 1303  803
667A Lytt  199705101  453  333  323  433 1213 1653 1793 2323 2283 1843 1573 1203
667A Lytt  199705102  613  313  353  483  773 1263 1733 1913 2123 2063 1753 1173
667A Lytt  199705111  843  573  303  353  843 1293 1513 2133 2313 2073 1883 1673
667A Lytt  199705112 1133  623  543  593  403  973 1463 1693 1963 2143 1981 1643
667A Lytt  199705121 1213 1003  533  383  693 1023 1183 1873 2193 2153 2143 2083
667A Lytt  199705122 1563 1083  813  733  503  783 1323 1473 1823 2303 2303 2053
667A Lytt  199705131 1783 1613  973  683  963  903 1053 1763 2103 2063 2303 2463
667A Lytt  199705132 2043 1603 1433 1033  723  913 1153 1263 1843 2193 2383 2343
667A Lytt  199705141 2143 1943 1463  983 1083 1053  883 1423 1770 2099 2331 2391
667A Lytt  199705142 2271 2005 1636 1269 1000  865  907 1135 1465 1813 2123 2303
667A Lytt  199705151 2243 2083 1763 1203 1193  913  753 1033 1403 1643 1953 2323
667A Lytt  199705152 2253 2033 1863 1493 1013  783  863  763 1083 1493 1833 2043
667A Lytt  199705161 2073 2123 1863 1383 1253  853  543  833  943 1173 1573 1893
667A Lytt  199705162 2133 2033 1863 1673 1173  783  643  583  683  973 1373 1833
667A Lytt  199705171 1803 2043 1923 1503 1473  903  613  683  633  883 1143 1663
667A Lytt  199705172 1933 1893 1963 1893 1243 1003  703  363  543  713  983 1383
667A Lytt  199705181 1733 1903 1893 1723 1613 1083  693  653  503  543  813 1313
667A Lytt  199705182 1683 1803 2003 1843 1453 1233  793  453  463  513  763 1133
667A Lytt  199705191 1463 1863 1943 1803 1823 1383  933  663  613  293  613 1103
667A Lytt  199705192 1363 1653 1993 2043 1683 1543 1203  573  543  553  553  813
667A Lytt  199705201 1293 1843 1803 2023 2263 1583 1283 1133  693  333  593  943
667A Lytt  199705202 1023 1573 2013 2013 1983 1853 1403  853  723  543  353  613
667A Lytt  199705211 1073 1433 1743 2013 2243 1793 1613 1243  733  443  393  513
667A Lytt  199705212  703 1173 1683 1813 1873 2053 1603 1133  953  463  393  433
667A Lytt  199705221  713 1063 1563 1883 2183 2063 1903 1633 1023  603  443  383
667A Lytt  199705222  483  893 1333 1683 1903 2053 1783 1513 1153  673  443  283
667A Lytt  199705231  343  723 1173 1583 2113 2093 2063 1973 1363  903  593  313
667A Lytt  199705232  323  513  983 1423 1643 2123 2093 1723 1583 1093  643  343
667A Lytt  199705241  373  503  833 1253 1943 1983 2193 2303 1723 1303 1013  493
667A Lytt  199705242  243  443  573 1023 1443 2013 2023 1913 2033 1353  953  633
667A Lytt  199705251  293  363  483  883 1593 1773 2153 2453 2083 1723 1383  873
667A Lytt  199705252  453  383  413  703 1103 1693 1923 2073 2233 1833 1423  993
667A Lytt  199705261  543  393  373  553 1203 1543 1963 2373 2363 2113 1743 1443
667A Lytt  199705262  793  433  463  403  683 1263 1713 1903 2333 2163 1813 1433
667A Lytt  199705271  973  583  303  453  743 1073 1563 2133 2163 2223 2163 1703
667A Lytt  199705272 1193  753  533  263  393  873 1143 1583 2133 2263 2053 1813
667A Lytt  199705281 1373  873  423  293  403  573 1103 1583 1923 2203 2193 1983
667A Lytt  199705282 1693 1143  623  453  103  423  683 1133 1673 2083 2163 2083
667A Lytt  199705291 1743 1313  743  393  333  213  663 1103 1483 1893 2213 2273
667A Lytt  199705292 1893 1603 1183  523  313  243  403  713 1313 1803 2113 2363
667A Lytt  199705301 2143 1853 1393  933  603  373  483  873 1163 1633 2083 2373
667A Lytt  199705302 2373 2153 1733 1263  753  523  333  453  933 1493 1963 2343
667A Lytt  199705311 2503 2363 1863 1503 1153  483  413  623  753 1193 1843 2173
667A Lytt  199705312 2333 2513 2163 1693 1273  753  293  363  653  813 1543 1973
667A Lytt  199706011 2213 2453 2313 1923 1483 1003  533  443  403  743 1183 1733
667A Lytt  199706012 2093 2313 2423 2053 1433 1143  603  193  313  443  793 1503
667A Lytt  199706021 1973 2293 2343 2333 2023 1223 1013  663  223  403  813 1163
667A Lytt  199706022 1703 2193 2353 2263 2073 1613  893  523  513  113  473 1063
667A Lytt  199706031 1563 1973 2343 2533 2273 1883 1463  843  443  373  363  763
667A Lytt  199706032 1283 1833 2023 2263 2283 1943 1333  883  683  153  243  703
667A Lytt  199706041  973 1553 2073 2263 2433 2213 1753 1313  703  453  293  343
667A Lytt  199706042  813 1363 1853 2053 2393 2253 1813 1433  933  513  353  293
667A Lytt  199706051  603 1083 1703 2033 2423 2373 2183 1853 1133  743  483  233
667A Lytt  199706052  463  933 1303 1753 2123 2293 2053 1703 1413  683  423  403
667A Lytt  199706061  293  503 1243 1713 2143 2293 2333 2073 1553 1103  603  283
667A Lytt  199706062  303  433  773 1333 1793 2013 2073 2003 1653 1063  703  423
667A Lytt  199706071  163  363  693 1243 1743 2053 2343 2273 1813 1533  943  543
667A Lytt  199706072  363  273  463  933 1353 1793 1993 2043 2003 1403 1083  753
667A Lytt  199706081  293  243  393  783 1373 1703 2103 2183 2053 1853 1253  793
667A Lytt  199706082  653  333  233  673 1053 1373 1713 2043 2023 1763 1463 1043
667A Lytt  199706091  603  343  403  563 1003 1453 1803 2213 2123 2093 1763 1223
667A Lytt  199706092  983  583  403  533  773 1163 1533 1833 2143 2013 1773 1543
667A Lytt  199706101 1063  623  483  613  773 1113 1593 2033 2063 2183 2083 1523
667A Lytt  199706102 1333  903  523  473  703  983 1123 1693 2073 1983 2113 1823
667A Lytt  199706111 1323 1013  713  513  673  903 1233 1643 1953 2173 2033 1943
667A Lytt  199706112 1653 1163  843  653  553  743  933 1373 1803 1953 2093 2043
667A Lytt  199706121 1603 1413  983  663  703  763 1073 1273 1703 2023 2033 2093
667A Lytt  199706122 1913 1443 1123  763  483  613  713  943 1423 1603 2023 1903
667A Lytt  199706131 1793 1613 1033  803  643  543  603  983 1283 1603 1843 1943
667A Lytt  199706132 1883 1553 1363  833  533  493  483  643 1043 1403 1693 1923
667A Lytt  199706141 1833 1683 1333  983  763  553  473  683 1023 1233 1533 1993
667A Lytt  199706142 1913 1663 1623 1073  663  623  463  363  813 1283 1463 1843
667A Lytt  199706151 2083 1883 1593 1423 1053  653  603  633  693 1083 1503 1713
667A Lytt  199706152 1973 1963 1783 1473 1123  763  423  423  683  863 1333 1813
667A Lytt  199706161 1933 2013 2003 1723 1383  933  843  653  673  933 1253 1623
667A Lytt  199706162 1993 2033 2033 1853 1373 1173  653  503  613  633 1183 1493
667A Lytt  199706171 1883 2063 2113 1983 1713 1273  933  753  513  683 1003 1273
667A Lytt  199706172 1753 2053 2063 2043 1743 1403  903  733  583  633  923 1333
667A Lytt  199706181 1693 2073 2203 2213 2083 1663 1413  883  703  683  783 1093
667A Lytt  199706182 1573 1993 2133 2153 2113 1773 1203  893  723  423  723  973
667A Lytt  199706191 1353 1813 2153 2243 2333 1873 1623 1153  663  573  473  753
667A Lytt  199706192 1123 1593 1943 2103 2243 1963 1483 1173  793  443  523  643
667A Lytt  199706201  963 1423 1983 2203 2343 2243 1853 1563  983  613  423  453
667A Lytt  199706202  683 1193 1623 1993 2193 2213 1783 1433 1083  543  453  433
667A Lytt  199706211  653  953 1633 2053 2423 2343 2273 1893 1383  893  583  453
667A Lytt  199706212  413  933 1353 1763 2203 2423 2213 1943 1633  863  663  353
667A Lytt  199706221  433  673 1223 1743 2113 2513 2503 2223 1843 1373  743  513
667A Lytt  199706222  393  363  843 1403 1783 2193 2283 2233 1903 1343  943  493
667A Lytt  199706231  343  403  683 1253 1873 2203 2493 2553 2303 1833 1143  833
667A Lytt  199706232  373  353  443  873 1453 1873 2103 2313 2323 1643 1413  833
667A Lytt  199706241  283  273  313  703 1273 1653 2213 2473 2273 2073 1603 1013
667A Lytt  199706242  523  303   83  263  893 1323 1593 2113 2303 1913 1753 1193
667A Lytt  199706251  523  293  153  113  653 1163 1613 2053 2323 2263 1913 1483
667A Lytt  199706252  983  423  173  123  373  813 1173 1813 2283 2083 2103 1683
667A Lytt  199706261 1083  563  293   93  253  733 1253 1663 2123 2383 2183 1943
667A Lytt  199706262 1523 1003  403  223  243  313  763 1383 1773 2143 2283 2023
667A Lytt  199706271 1713 1143  633  353  223  343  773 1133 1713 2113 2183 2263
667A Lytt  199706272 1923 1463  883  513  223  153  353  863 1413 1823 2173 2433
667A Lytt  199706281 2043 1603 1263  683  413  233  463  733 1233 1673 2023 2223
667A Lytt  199706282 2233 1923 1383  933  453  233   73  433  883 1303 1893 2263
667A Lytt  199706291 2193 2093 1713 1163  773  313  333  323  753 1203 1573 2073
667A Lytt  199706292 2203 2163 1843 1303  853  443   73  163  493  713 1393 1903
667A Lytt  199706301 2063 2263 2063 1623 1223  693  433  173  513  683 1123 1613
667A Lytt  199706302 2093 2293 2003 1813 1343  943  253  243  253  463  983 1503
667A Lytt  199707011 1903 2213 2293 1983 1773 1133  753  373  223  403  663 1233
667A Lytt  199707012 1733 2033 2213 2093 1813 1273  713  453  263  193  553 1113
667A Lytt  199707021 1483 1993 2233 2283 2113 1613 1193  723  373  303  443  863
667A Lytt  199707022 1343 1793 2093 2273 2113 1873 1233  803  473  233  383  613
667A Lytt  199707031 1223 1753 2003 2303 2483 2003 1583 1183  653  313  303  563
667A Lytt  199707032  863 1483 1853 2163 2193 2103 1603 1183  745  433  193  563
667A Lytt  199707041  763 1263 1753 2183 2483 2293 2043 1603 1073  643  333  443
667A Lytt  199707042  573 1063 1583 1853 2093 2333 1893 1533 1173  683  373  443
667A Lytt  199707051  483  873 1373 1913 2173 2303 2273 1873 1423  923  463  373
667A Lytt  199707052  433  573 1163 1533 1803 2163 2113 1743 1523  893  673  383
667A Lytt  199707061  293  563 1013 1393 1993 2253 2213 2123 1773 1243  733  463
667A Lytt  199707062  353  513  673 1173 1583 1983 1973 2023 1783 1233  873  603
667A Lytt  199707071  353  293  683 1163 1493 1963 2203 2183 1953 1543 1043  753
667A Lytt  199707072  443  333  553  823 1343 1683 1903 2003 2073 1523 1303  953
667A Lytt  199707081  543  443  563  753 1323 1743 2003 2123 2153 1923 1393 1123
667A Lytt  199707082  733  513  413  743 1083 1443 1843 2023 2053 1983 1713 1273
667A Lytt  199707091  973  683  523  803 1213 1423 1903 2153 2293 2083 1903 1553
667A Lytt  199707092  973  843  793  633 1023 1473 1683 1983 2343 2273 2053 1753
667A Lytt  199707101 1333  943  823  853  903 1413 1843 2063 2233 2473 2143 1953
667A Lytt  199707102 1543 1313  943  713  973 1323 1333 1843 2323 2143 2313 2143
667A Lytt  199707111 1603 1313 1043  793  953  993 1573 1813 2023 2173 2363 2073
667A Lytt  199707112 1833 1543 1103 1003  943 1033 1143 1683 2043 1983 2313 2283
667A Lytt  199707121 1703 1493 1273  823  853  903 1163 1433 1843 2013 2033 2173
667A Lytt  199707122 1913 1603 1223  993  673  893  753 1183 1713 1773 2103 2153
667A Lytt  199707131 2073 1643 1313 1083  853  633  963 1193 1313 1823 1923 2023
667A Lytt  199707132 2013 1683 1353 1063  743  593  573  893 1143 1453 1953 1983
667A Lytt  199707141 1903 1863 1413 1163  803  633  623  723 1023 1283 1573 1973
667A Lytt  199707142 1833 1763 1573 1163  703  573  373  483  833 1093 1383 1813
667A Lytt  199707151 1963 1823 1653 1303 1013  583  483  443  673  963 1283 1683
667A Lytt  199707152 1783 1923 1703 1353 1133  743  343  423  623  713 1313 1673
667A Lytt  199707161 1863 2083 1923 1663 1373 1043  533  553  513  723  963 1543
667A Lytt  199707162 1763 1903 1973 1723 1263 1043  583  333  453  543  893 1473
667A Lytt  199707171 1773 2073 2293 1953 1783 1423  983  673  563  623  843 1163
667A Lytt  199707172 1753 2093 2023 2173 1883 1423  883  683  383  333  873 1093
667A Lytt  199707181 1473 2093 2283 2263 2213 1783 1393  843  703  353  513  953
667A Lytt  199707182 1273 1773 2133 2293 2113 1933 1273  933  653  273  513  823
667A Lytt  199707191 1143 1673 2213 2323 2473 2103 1743 1303  763  383  203  563
667A Lytt  199707192  853 1423 1973 2083 2493 2223 1643 1393  833  373  253  393
667A Lytt  199707201  773 1193 1883 2243 2433 2483 2233 1623 1183  673  233  313
667A Lytt  199707202  483  943 1523 1913 2293 2443 2043 1793 1293  673  443  153
667A Lytt  199707211  393  793 1293 1873 2373 2593 2443 2193 1603 1003  463  263
667A Lytt  199707212  283  383 1033 1643 1943 2353 2483 2083 1793 1143  633  263
667A Lytt  199707221  153  323  783 1323 2053 2283 2533 2623 1913 1563 1013  333
667A Lytt  199707222  223  283  383  973 1693 2083 2203 2573 2253 1613 1303  593
667A Lytt  199707231  293  233  303  843 1543 1993 2403 2603 2563 1983 1443 1053
667A Lytt  199707232  363  163  303  483 1003 1753 2053 2343 2583 2307 1811 1238
667A Lytt  199707241  720  363  213  453  953 1443 2013 2453 2593 2413 1973 1553
667A Lytt  199707242  893  433  223  273  523 1033 1623 2033 2353 2473 2163 1613
667A Lytt  199707251 1113  683  203   23  543  793 1323 1843 2313 2293 2193 1883
667A Lytt  199707252 1313  743  363   53   63  453  893 1433 1903 2213 2303 1903
667A Lytt  199707261 1443 1103  493  153  163  383  723 1273 1853 2033 2163 2193
667A Lytt  199707262 1723 1203  793  253  103  193  393  893 1463 1863 2233 2213
667A Lytt  199707271 1893 1533  953  553  303  163  413  713 1343 1583 2003 2323
667A Lytt  199707272 1963 1633 1243  743  253  183  113  463  883 1493 1983 2143
667A Lytt  199707281 2153 2013 1453  983  733  233  243  493  813 1143 1733 2133
667A Lytt  199707282 2163 2003 1753 1263  693  473  243  243  583 1103 1593 1943
667A Lytt  199707291 2353 2223 1973 1523 1323  553  433  483  543  773 1403 1833
667A Lytt  199707292 2043 2233 2133 1783 1193  943  453  303  343  843 1143 1573
667A Lytt  199707301 2193 2343 2183 2063 1743 1083  723  723  433  523 1133 1583
667A Lytt  199707302 1713 2283 2513 1923 1783 1493  693  543  433  543  753 1353
667A Lytt  199707311 1853 2273 2293 2323 2243 1463 1122  863  563  423  813 1083
667A Lytt  199707312 1573 1993 2373 2273 2203 1843 1293  843  593  603  593 1053
667A Lytt  199708011 1533 1983 2243 2433 2423 1983 1663 1173  773  463  553  823
667A Lytt  199708012 1173 1673 2073 2253 2223 2153 1563 1153  793  553  513  603
667A Lytt  199708021 1143 1613 1913 2263 2553 2113 1943 1653  973  673  573  753
667A Lytt  199708022  853 1403 1953 2083 2243 2363 1863 1503 1233  673  513  463
667A Lytt  199708031  833 1183 1653 2133 2353 2273 2273 1963 1323  903  653  523
667A Lytt  199708032  613 1143 1483 1893 2083 2293 2073 1723 1493  893  613  443
667A Lytt  199708041  443  833 1253 1513 2153 2153 2063 2003 1453  953  583  503
667A Lytt  199708042  243  533  953 1323 1603 1953 1933 1663 1543  963  573  363
667A Lytt  199708051  223  283  653 1263 1583 1763 1993 1963 1553 1083  773  413
667A Lytt  199708052  193  293  513 1013 1243 1693 1833 1783 1643 1223  883  343
667A Lytt  199708061  303  293  433  773 1383 1663 1783 2033 1713 1413  933  633
667A Lytt  199708062  363  243  373  703 1023 1433 1643 1883 1713 1523 1183  703
667A Lytt  199708071  373  373  323  513 1033 1333 1663 1913 1833 1653 1163  983
667A Lytt  199708072  503  283  333  453  873 1133 1403 1683 1853 1603 1473  953
667A Lytt  199708081  633  433  283  403  633 1253 1413 1713 1953 1673 1463 1213
667A Lytt  199708082  793  463  373  423  583  963 1243 1623 1813 1693 1743 1313
667A Lytt  199708091  953  673  453  433  593 1013 1283 1513 1953 1883 1633 1633
667A Lytt  199708092 1193  813  583  553  443  903 1183 1503 1793 2023 1913 1713
667A Lytt  199708101 1463 1123  773  493  773  813 1103 1553 1823 1873 1933 1953
667A Lytt  199708102 1483 1163  983  623  643  783  993 1443 1653 1973 2143 1903
667A Lytt  199708111 1843 1403 1103  743  763  773  923 1333 1623 1793 2023 2163
667A Lytt  199708112 1693 1553 1263  873  673  703  893 1113 1443 1943 2093 2103
667A Lytt  199708121 2133 1853 1433 1103 1003  793  843 1233 1393 1703 2023 2273
667A Lytt  199708122 2043 1873 1673 1173  943  753  823 1133 1283 1783 2143 2143
667A Lytt  199708131 2363 2163 1763 1623 1173 1013  803 1073 1303 1553 1863 2253
667A Lytt  199708132 2263 2183 1893 1573 1193  853  833  723 1063 1383 1923 2003
667A Lytt  199708141 2303 2493 1953 1773 1443  953  703  823  813 1153 1463 1883
667A Lytt  199708142 2113 2183 2143 1793 1323  973  713  493  653  933 1393 1703
667A Lytt  199708151 2093 2313 2293 2023 1703 1333  773  683  613  643  973 1593
667A Lytt  199708152 1913 2143 2333 2123 1693 1283  863  593  423  623  983 1383
667A Lytt  199708161 1793 2243 2343 2213 2053 1613 1113  623  583  413  553 1103
667A Lytt  199708162 1683 1893 2233 2443 1923 1573 1293  643  323  433  473  853
667A Lytt  199708171 1383 2073 2183 2373 2533 1913 1413 1083  603  173  313  693
667A Lytt  199708172 1003 1613 2213 2353 2243 2153 1603 1063  503  333  363  283
667A Lytt  199708181  953 1613 2063 2293 2713 2333 1973 1643  893  343  193  393
667A Lytt  199708182  503 1083 1853 2193 2353 2573 2043 1513 1133  493  253   83
667A Lytt  199708191  413  953 1523 2073 2553 2583 2393 2073 1373  783  363   93
667A Lytt  199708192  183  503 1133 1883 2133 2383 2513 2013 1473  923  403   13
667A Lytt  199708201  143  333  873 1543 2113 2463 2513 2363 1933 1183  583  373
667A Lytt  199708202  -60   23  563 1243 1613 2193 2493 2313 2053 1463  833  243
667A Lytt  199708211  -30  103   93  903 1633 1943 2303 2643 2223 1673 1243  593
667A Lytt  199708212   93  103  113  433 1203 1773 2083 2473 2403 2023 1513  913
667A Lytt  199708221  453  143   73  333 1103 1603 2013 2573 2493 2123 1853 1223
667A Lytt  199708222  563  203  183  163  563 1273 1723 2123 2493 2363 1983 1393
667A Lytt  199708231  933  453   73  193  513  863 1493 2033 2113 2383 2183 1533
667A Lytt  199708232 1073  583  213  -20  183  623 1103 1663 2183 2283 2383 1863
667A Lytt  199708241 1373  943  423  113  233  373  913 1473 1843 2133 2213 2163
667A Lytt  199708242 1523 1033  613  213  153  233  603 1173 1663 2023 2403 2223
667A Lytt  199708251 1833 1463  913  443  343  263  513  973 1493 1883 2003 2403
667A Lytt  199708252 1963 1453 1213  693  253  173  393  743 1193 1683 2163 2253
667A Lytt  199708261 2193 2023 1403 1033  653  453  313  613 1083 1373 1833 2303
667A Lytt  199708262 2203 1763 1783 1263  603  333  413  503  693 1453 1923 2013
667A Lytt  199708271 2503 2353 1843 1593 1153  793  433  503  933 1133 1393 2153
667A Lytt  199708272 2403 2093 2203 1783 1233  773  643  413  443 1103 1393 1793
667A Lytt  199708281 2193 2543 2163 1933 1613 1083  673  543  593  673 1193 1503
667A Lytt  199708282 1993 2183 2113 2013 1483  903  853  373  243  683 1013 1333
667A Lytt  199708291 1843 2233 2223 2073 1903 1293  893  593  423  423  793 1093
667A Lytt  199708292 1563 1923 2113 2123 1733 1403  953  583  293  443  663  923
667A Lytt  199708301 1423 1923 2103 2013 2123 1593 1053  883  533  153  453  843
667A Lytt  199708302 1183 1453 2013 2143 1823 1623 1333  793  423  463  383  613
667A Lytt  199708311 1223 1603 1783 2113 2153 1853 1413 1063  673  313  333  543
667A Lytt  199708312  883 1213 1803 1933 2013 1873 1543 1053  643  543  293  363
667A Lytt  199709011  743 1373 1533 1843 2313 2023 1583 1433  963  423  303  443
667A Lytt  199709012  593  923 1523 1813 1913 2053 1923 1373  903  773  483  283
667A Lytt  199709021  593 1013 1303 1783 2163 2113 1903 1773 1283  673  633  433
667A Lytt  199709022  473  813 1213 1733 1813 2013 2113 1663 1303  923  653  263
667A Lytt  199709031  403  683 1063 1453 1883 2123 1993 1893 1623  943  693  533
667A Lytt  199709032  453  473  973 1463 1583 1903 2113 1903 1543 1273  893  513
667A Lytt  199709041  393  663  813 1183 1763 2023 2013 2143 1883 1253  963  793
667A Lytt  199709042  383  473  813 1183 1563 1743 2063 2033 1833 1583 1213  723
667A Lytt  199709051  463  643  683  873 1483 1883 1933 2013 2003 1593 1203  893
667A Lytt  199709052  533  413  563  873 1213 1463 1833 1973 1813 1793 1383  743
667A Lytt  199709061  673  463  373  573 1013 1433 1643 1873 1823 1723 1323  903
667A Lytt  199709062  663  373  313  563  773 1043 1553 1763 1603 1803 1463  983
667A Lytt  199709071  693  493  253  433  633 1053 1313 1693 1883 1583 1593 1153
667A Lytt  199709072  663  533  333  293  483  903 1153 1543 1733 1783 1703 1343
667A Lytt  199709081  953  593  393  393  313  863 1063 1473 1713 1723 1683 1463
667A Lytt  199709082 1083  713  533  473  343  643 1013 1293 1653 1923 1813 1543
667A Lytt  199709091 1423  993  483  493  393  573  813 1253 1553 1673 1953 1723
667A Lytt  199709092 1303 1193  743  433  453  463  763 1063 1443 1833 1863 1923
667A Lytt  199709101 1703 1373 1003  693  473  463  713  993 1323 1673 2003 1883
667A Lytt  199709102 1743 1563 1113  883  533  523  653  913 1353 1733 1993 2223
667A Lytt  199709111 2023 1883 1463 1083  893  573  583  953 1193 1363 1953 2083
667A Lytt  199709112 2153 2073 1633 1313  973  663  633  783 1063 1533 1903 2093
667A Lytt  199709121 2323 2103 1843 1523  923  713  483  503  773 1153 1543 1953
667A Lytt  199709122 2163 2123 1973 1503 1173  683  403  403  593 1023 1433 1773
667A Lytt  199709131 2233 2183 2003 1933 1213  853  563  373  293  713 1133 1543
667A Lytt  199709132 1893 2173 2053 1803 1413  913  483  203  373  613  853 1553
667A Lytt  199709141 1963 2213 2303 2213 1703 1183  873  433  193  293  753 1153
667A Lytt  199709142 1593 2133 2243 2163 1903 1303  733  503  113  313  423  953
667A Lytt  199709151 1613 1973 2273 2453 2143 1693 1203  663  293   23  333  603
667A Lytt  199709152 1163 1753 2163 2323 2253 1753 1373  793  293  153   63  373
667A Lytt  199709161  983 1663 2013 2383 2403 2093 1613 1043  563  103   33  113
667A Lytt  199709162  563 1373 1793 2233 2593 2253 1843 1383  703  343  -20   33
667A Lytt  199709171  483 1013 1623 2183 2453 2543 2183 1583 1093  413   43    3
667A Lytt  199709172  123  663 1323 1893 2323 2393 2333 1823 1163  733  223 -130
667A Lytt  199709181   13  393 1013 1633 2063 2573 2393 2103 1643  863  403   63
667A Lytt  199709182  -50  143  733 1393 1933 2233 2543 2343 1673 1313  793    3
667A Lytt  199709191    0   93  343 1013 1663 2073 2433 2393 2053 1433  853  443
667A Lytt  199709192    3 -100  143  803 1353 1773 2323 2493 2133 1893 1233  603
667A Lytt  199709201  223   23   63  473 1003 1613 2073 2283 2333 1913 1413  933
667A Lytt  199709202  293   73   13  263  743 1353 1853 2263 2373 2303 1823 1203
667A Lytt  199709211  803  313   93  203  643 1103 1583 2093 2343 2143 1933 1503
667A Lytt  199709212  863  393  193  133  343  793 1363 1853 2253 2383 2193 1723
667A Lytt  199709221 1283  773  343  173  293  593 1113 1573 2013 2243 2193 1933
667A Lytt  199709222 1343  953  533  243  273  423  903 1463 1823 2243 2343 2043
667A Lytt  199709231 1723 1253  693  383  293  273  773 1053 1553 1933 2203 2073
667A Lytt  199709232 1723 1413  903  453  243  173  423  843 1253 1763 2113 2063
667A Lytt  199709241 2033 1533 1103  703  323  233  283  583 1023 1343 1753 2023
667A Lytt  199709242 1853 1613 1313  733  453  163  283  373  843 1393 1683 1993
667A Lytt  199709251 2083 1833 1463 1123  683  293  253  353  573  943 1533 1763
667A Lytt  199709252 1883 1883 1553 1083  813  493  153  283  493  943 1313 1673
667A Lytt  199709261 2033 1923 1743 1483 1003  553  353  273  383  643 1203 1533
667A Lytt  199709262 1833 2053 1833 1603 1263  823  443  343  343  753 1003 1453
667A Lytt  199709271 1993 2063 1943 1953 1453  983  843  373  353  613  953 1253
667A Lytt  199709272 1773 2083 2033 2003 1673 1293  783  673  523  523  943 1343
667A Lytt  199709281 1753 2043 2233 2103 1813 1563 1063  753  543  493  783 1183
667A Lytt  199709282 1433 1973 2153 2143 2063 1533 1153  903  513  473  703  923
667A Lytt  199709291 1433 1883 1983 2163 2053 1683 1383  943  583  453  583  773
667A Lytt  199709292 1153 1663 1953 2113 2023 1883 1493 1003  793  623  493  753
667A Lytt  199709301 1253 1563 1913 2253 2133 1933 1763 1233  823  643  533  643
667A Lytt  199709302  993 1443 1833 2023 2183 2073 1713 1403  953  723  563  613
667A Lytt  199710011  963 1323 1723 2023 2203 2143 1893 1543 1053  693  603  493
667A Lytt  199710012  717 1123 1573 1763 2173 2103 1913 1653 1233  843  633  473
667A Lytt  199710021  683  933 1383 1803 2073 2063 2033 1763 1293  953  633  533
667A Lytt  199710022  593  863 1263 1683 1973 2053 2093 1803 1513 1143  723  573
667A Lytt  199710031  553  753 1083 1643 1933 1983 2263 1903 1593 1273  803  663
667A Lytt  199710032  553  743  973 1523 1873 2093 2223 2183 1783 1483 1043  723
667A Lytt  199710041  673  583  923 1343 1713 2003 2173 2083 1903 1453 1113  773
667A Lytt  199710042  593  583  813 1203 1553 1953 2093 2113 1993 1693 1283  943
667A Lytt  199710051  643  643  683 1023 1443 1653 2083 2153 1923 1723 1393  993
667A Lytt  199710052  697  550  593  855 1260 1648 1951 2153 2171 1969 1623 1283
667A Lytt  199710061  843  763  653  813 1113 1403 1913 2093 2103 2033 1673 1333
667A Lytt  199710062  983  663  703  703 1033 1493 1793 2083 2253 2223 1943 1523
667A Lytt  199710071 1243  893  613  683  903 1243 1533 1973 1983 2063 1993 1503
667A Lytt  199710072 1133  993  563  553  833 1083 1383 1783 2233 2173 2083 1813
667A Lytt  199710081 1443  983  783  633  563  843 1193 1546 1833 2053 1983 1773
667A Lytt  199710082 1303 1143  743  493  553  803 1123 1353 1983 2053 2053 2023
667A Lytt  199710091 1703 1203  813  703  303  493  883 1203 1443 1913 2143 1823
667A Lytt  199710092 1663 1543  983  623  593  643  703 1123 1633 1893 2173 2243
667A Lytt  199710101 2093 1373 1483  893  503  497  693  883 1053 1713 1923 2003
667A Lytt  199710102 1983 1823 1233  853  613  363  443  693 1163 1493 1863 2203
667A Lytt  199710111 2093 1923 1743 1183  673  523  463  483  753 1393 1783 1993
667A Lytt  199710112 2213 2143 1643 1383  983  593  253  573  783 1123 1623 2133
667A Lytt  199710121 2223 2233 2113 1653 1023  653  523  273  443  903 1403 1833
667A Lytt  199710122 2233 2353 2103 1903 1343  833  443  403  453  743 1248 1783
667A Lytt  199710131 2223 2283 2423 2113 1573 1113  733  263  233  523  863 1453
667A Lytt  199710132 2003 2403 2303 2303 1953 1243  893  373  293  393  703 1283
667A Lytt  199710141 1803 2313 2473 2413 2163 1643  963  523  253  133  423  823
667A Lytt  199710142 1483 2063 2233 2503 2333 1763 1243  673  403  163  283  753
667A Lytt  199710151 1323 1883 2333 2623 2463 2163 1603  973  453  153  163  343
667A Lytt  199710152  863 1573 2163 2373 2493 2343 1753 1183  583  273   33  193
667A Lytt  199710161  623 1333 1853 2273 2543 2363 2083 1463  733  343  103   13
667A Lytt  199710162  273  903 1593 2083 2423 2563 2243 1723 1193  553  153   83
667A Lytt  199710171  243  583 1303 1953 2313 2453 2513 2023 1353  923  443   43
667A Lytt  199710172  153  473 1043 1733 2233 2553 2683 2473 1923 1183  763  313
667A Lytt  199710181  133  293  843 1473 1873 2353 2603 2423 1923 1443  803  293
667A Lytt  199710182  123  103  463 1043 1743 2273 2423 2643 2343 1703 1233  713
667A Lytt  199710191  173  223  363  763 1343 1953 2313 2333 2333 2033 1273  753
667A Lytt  199710192  363  223   83  633 1243 1703 2173 2593 2533 2233 1773 1223
667A Lytt  199710201  673  313  343  483  793 1393 2003 2163 2403 2423 1803 1403
667A Lytt  199710202  813  413  213  383  703 1193 1693 2173 2433 2443 2223 1633
667A Lytt  199710211 1163  723  393  323  473  923 1473 1763 2123 2483 2063 1673
667A Lytt  199710212 1393  813  423  353  413  793 1253 1833 2213 2353 2423 2123
667A Lytt  199710221 1613 1243  773  413  383  643  993 1343 1833 2273 2243 2063
667A Lytt  199710222 1833 1303  853  563  433  503  793 1293 1773 2113 2363 2273
667A Lytt  199710231 2043 1683 1163  733  573  463  643 1073 1413 1833 2153 2193
667A Lytt  199710232 2013 1733 1293  873  573  553  513  913 1453 1823 2063 2313
667A Lytt  199710241 2273 1933 1403 1203  703  503  593  683 1083 1503 1923 2193
667A Lytt  199710242 2103 2033 1773 1263  813  733  463  593 1053 1473 1743 2063
667A Lytt  199710251 2343 2073 1793 1533 1033  533  653  593  593 1223 1643 1803
667A Lytt  199710252 2113 2183 1943 1533 1153  873  503  453  773  973 1323 1903
667A Lytt  199710261 2063 2093 1983 1743 1253  733  583  493  383  773 1203 1473
667A Lytt  199710262 1793 2023 1993 1663 1433 1043  533  453  583  653  963 1493
667A Lytt  199710271 1843 1903 2003 2053 1453  983  853  523  263  623  893 1103
667A Lytt  199710272 1563 1963 1953 1833 1723 1263  763  553  473  423  673 1123
667A Lytt  199710281 1603 1803 1973 2033 1693 1293  933  553  273  443  513  793
667A Lytt  199710282 1283 1753 1843 1893 1953 1543  953  743  573  323  433  843
667A Lytt  199710291 1233 1503 1779 1892 1820 1564 1168  763  423  433  503  513
667A Lytt  199710292 1063 1483 1733 1913 1953 1773 1313  943  693  373  323  603
667A Lytt  199710301  873 1253 1703 1873 1893 1673 1493  983  473  373  333  273
667A Lytt  199710302  653 1133 1543 1713 1953 1883 1523 1233  793  383  383  403
667A Lytt  199710311  543 1013 1453 1722 1853 1913 1733 1353  853  643  263  393
667A Lytt  199710312  593  823 1423 1743 1903 2163 1823 1573 1233  693  503  333
667A Lytt  199711011  433  693 1123 1593 1793 1913 1993 1583 1093  933  513  223
667A Lytt  199711012  483  623  993 1493 1883 1963 1933 1903 1463  993  673  463
667A Lytt  199711021  313  583  753 1343 1653 1823 2083 1843 1433 1273  783  433
667A Lytt  199711022  443  583  793 1293 1763 1983 1953 2183 1893 1343 1123  713
667A Lytt  199711031  393  543  673  993 1623 1803 1963 2113 1763 1563 1103  753
667A Lytt  199711032  473  433  693  903 1433 1853 1993 2093 2143 1753 1343 1103
667A Lytt  199711041  533  553  623  873 1223 1563 2043 2033 2033 1953 1483 1023
667A Lytt  199711042  723  533  603  683 1223 1563 1903 2183 2223 2063 1733 1303
667A Lytt  199711051  863  543  483  533  843 1263 1573 1923 1973 2043 1713 1173
667A Lytt  199711052  923  563  383  383  713 1113 1433 1843 2123 2033 1863 1573
667A Lytt  199711061 1133  713  473  333  533  793 1223 1593 1873 2043 1853 1593
667A Lytt  199711062 1193  763  583  333  453  803 1223 1523 1933 2183 2163 1943
667A Lytt  199711071 1533 1233  713  493  493  563  993 1383 1703 1973 2183 2063
667A Lytt  199711072 1623 1233 1033  593  573  703  903 1373 1903 2163 2293 2393
667A Lytt  199711081 2053 1703 1323  993  643  503  713 1123 1553 1943 2323 2323
667A Lytt  199711082 2153 1823 1443  963  743  653  613 1173 1463 2013 2373 2433
667A Lytt  199711091 2533 2223 1803 1383  983  643  693  853 1273 1753 2153 2543
667A Lytt  199711092 2423 2233 1973 1413  883  583  583  503  983 1563 1943 2233
667A Lytt  199711101 2503 2433 2143 1793 1193  843  553  533  733 1223 1723 2043
667A Lytt  199711102 2413 2433 2083 1813 1233  753  503  313  553  823 1423 1823
667A Lytt  199711111 2233 2393 2293 1893 1433  913  493  193  323  573 1063 1633
667A Lytt  199711112 2053 2333 2393 2203 1783 1203  743  483  273  523  843 1413
667A Lytt  199711121 2023 2273 2583 2383 2013 1423 1063  563  233  423  653 1063
667A Lytt  199711122 1743 2313 2293 2473 2313 1723 1193  813  403  173  513 1083
667A Lytt  199711131 1383 2043 2393 2473 2343 1963 1333  833  373  193  323  463
667A Lytt  199711132 1203 1793 2153 2463 2503 2183 1663 1103  653  293  223  433
667A Lytt  199711141  873 1473 2003 2303 2453 2213 1913 1303  753  383  193  193
667A Lytt  199711142  603 1293 1833 2283 2683 2623 2193 1753 1213  663  413  273
667A Lytt  199711151  473 1013 1563 2113 2413 2503 2383 1823 1313  753  373  133
667A Lytt  199711152  313  603 1283 1803 2303 2543 2363 2203 1623  903  623  273
667A Lytt  199711161  113  473  953 1463 1953 2243 2413 2223 1683 1253  693  233
667A Lytt  199711162  183  163  693 1273 1833 2253 2573 2393 2043 1573 1063  613
667A Lytt  199711171  243  363  513 1003 1613 1933 2273 2453 2103 1683 1233  663
667A Lytt  199711172  303  323  473  773 1433 2113 2323 2533 2563 2153 1633 1203
667A Lytt  199711181  663  493  303  683 1173 1553 2003 2383 2263 2073 1813 1013
667A Lytt  199711182  743  383  383  433 1023 1553 1893 2333 2573 2313 2073 1573
667A Lytt  199711191 1043  713  443  433  723 1193 1663 1973 2243 2383 2003 1563
667A Lytt  199711192 1233  753  453  513  763 1083 1613 2133 2403 2403 2493 2003
667A Lytt  199711201 1513 1193  693  513  623  813 1283 1663 2043 2263 2271 2060
667A Lytt  199711202 1723 1143  903  553  683  903 1183 1703 2053 2273 2443 2323
667A Lytt  199711211 1933 1483 1003  623  663  543  933 1303 1623 1973 2303 2113
667A Lytt  199711212 1893 1553 1143  813  643  703  903 1273 1793 2093 2233 2383
667A Lytt  199711221 2173 1723 1363 1053  663  573  673 1013 1313 1713 1993 2173
667A Lytt  199711222 2013 1753 1433  923  673  533  593  853 1283 1493 1883 2213
667A Lytt  199711231 2063 1853 1593 1183  803  423  553  713  923 1303 1783 1843
667A Lytt  199711232 2003 1973 1683 1153  953  753  443  683 1023 1153 1543 2043
667A Lytt  199711241 2043 2013 1813 1443 1003  623  643  523  633 1113 1393 1783
667A Lytt  199711242 1953 2043 1883 1473 1243  823  563  553  753  933 1263 1773
667A Lytt  199711251 1953 2043 1953 1723 1343  883  733  593  523  883 1213 1553
667A Lytt  199711252 1823 2113 2103 1683 1643 1193  783  643  623  893 1083 1503
667A Lytt  199711261 1813 2053 2093 1903 1703 1283  923  623  533  723  933 1303
667A Lytt  199711262 1743 1993 2093 2043 1893 1493  993  863  623  683  893 1233
667A Lytt  199711271 1643 2053 2123 2103 1933 1563 1253  813  553  623  693 1163
667A Lytt  199711272 1593 1943 2213 2283 2073 1893 1463 1073  793  733  793 1043
667A Lytt  199711281 1423 1903 2073 2113 2133 1943 1493 1153  813  623  663  793
667A Lytt  199711282 1433 1623 1983 2213 2193 2063 1783 1313  933  653  553  713
667A Lytt  199711291  953 1543 1893 2003 2153 2043 1603 1313  913  673  393  623
667A Lytt  199711292  853 1243 1773 1993 2203 2213 1913 1523 1193  783  583  623
667A Lytt  199711301  753 1213 1663 2003 2253 2223 2093 1713 1333  863  523  483
667A Lytt  199711302  653 1043 1503 1923 2153 2473 2143 1963 1543 1253  823  553
667A Lytt  199712011  783  993 1303 1823 2153 2233 2223 1953 1523 1103  753  553
667A Lytt  199712012  463  613 1163 1543 1893 2323 2333 2203 1783 1523  973  703
667A Lytt  199712021  593  743  953 1483 1933 2013 2303 2223 1953 1533 1133  763
667A Lytt  199712022  623  563 1003 1393 1793 2283 2483 2473 2333 1893 1373  893
667A Lytt  199712031  433  603  513  853 1583 1863 2103 2413 2263 1843 1393 1113
667A Lytt  199712032  713  403  753  923 1333 1953 2233 2343 2383 2163 1663 1193
667A Lytt  199712041  733  613  443  623 1183 1513 1783 2203 2293 2023 1723 1363
667A Lytt  199712042  893  483  463  493  853 1393 1833 2103 2293 2313 1913 1543
667A Lytt  199712051 1123  653  393  433  633 1023 1473 1883 2093 2233 1993 1583
667A Lytt  199712052 1213  693  383  343  583  853 1393 1823 2193 2273 2333 1923
667A Lytt  199712061 1433 1113  503  253  303  663  893 1453 1963 2093 2083 1983
667A Lytt  199712062 1633  973  703  393  293  533  953 1413 1823 2203 2353 2193
667A Lytt  199712071 1843 1563  933  513  473  363  633 1123 1573 1963 2183 2293
667A Lytt  199712072 1993 1483 1113  653  273  353  513  913 1383 1933 2123 2323
667A Lytt  199712081 2213 1833 1343  813  483  223  203  673  993 1453 1953 2243
667A Lytt  199712082 2153 1843 1513  963  513  313  253  463  763 1413 1793 2083
667A Lytt  199712091 2273 2163 1713 1283  743  403   93  273  563 1043 1603 2063
667A Lytt  199712092 2183 2233 1973 1453 1023  653  313  273  533  913 1493 1883
667A Lytt  199712101 2273 2533 2133 1793 1343  693  393  233  343  573 1163 1723
667A Lytt  199712102 2123 2263 2323 1973 1493 1133  583  283  363  553  923 1483
667A Lytt  199712111 1933 2373 2403 2143 1903 1283  663  333  193  353  593 1253
667A Lytt  199712112 1803 2073 2413 2413 1873 1593 1023  533  283  263  533  933
667A Lytt  199712121 1553 2023 2323 2273 2243 1743 1123  633  393    3  253  773
667A Lytt  199712122 1313 1693 2303 2523 2263 2143 1593 1023  523  363  293  443
667A Lytt  199712131  993 1663 1943 2203 2493 2073 1563 1083  583  273  -40  383
667A Lytt  199712132  833 1173 1843 2383 2263 2373 2103 1373  863  543  273  103
667A Lytt  199712141  573 1083 1523 1963 2313 2443 1923 1633 1033  513  293  173
667A Lytt  199712142  343  803 1453 1973 2213 2563 2383 1923 1463  963  523  253
667A Lytt  199712151  293  623 1173 1543 2073 2403 2213 1983 1533 1073  453  283
667A Lytt  199712152  343  323  943 1693 2003 2323 2733 2303 2023 1393 1113  483
667A Lytt  199712161  383  463  503 1213 1983 2103 2363 2503 1983 1573 1033  743
667A Lytt  199712162  353  313  653 1103 1583 2033 2383 2393 2243 1783 1293  853
667A Lytt  199712171  433  413  413  703 1303 1823 2003 2223 2273 1863 1343 1063
667A Lytt  199712172  573  353  403  743 1143 1593 2133 2383 2293 2183 1793 1233
667A Lytt  199712181  743  663  473  463 1113 1443 1763 2163 2323 2203 1793 1483
667A Lytt  199712182 1083  553  573  633  823 1463 1833 2113 2443 2373 2073 1683
667A Lytt  199712191 1213  863  623  433  733 1063 1353 1773 2123 2163 1933 1633
667A Lytt  199712192 1303  773  533  463  493  953 1303 1793 2053 2263 2213 1863
667A Lytt  199712201 1493 1233  733  543  683  713 1213 1613 1803 2153 2173 1933
667A Lytt  199712202 1583 1323  953  633  583  843 1033 1513 1823 2093 2283 2053
667A Lytt  199712211 1743 1453  983  603  473  563  753 1013 1583 1803 1823 2073
667A Lytt  199712212 1813 1353 1033  783  453  513  723  953 1323 1753 1833 1943
667A Lytt  199712221 1863 1543 1153  763  653  413  473  803 1183 1553 1763 1993
667A Lytt  199712222 1973 1583 1323 1003  613  613  583  793 1203 1593 1713 2073
667A Lytt  199712231 2063 1843 1563 1193  853  443  483  623 1003 1393 1583 1993
667A Lytt  199712232 2123 1913 1703 1373  933  733  633  753  893 1273 1673 1893
667A Lytt  199712241 1953 2213 1813 1353 1303  783  563  753  933 1153 1493 1943
667A Lytt  199712242 2153 2043 2073 1823 1263 1173  983  573  833 1243 1503 1623
667A Lytt  199712251 2193 2353 2023 1883 1663 1073  793  763  733  963 1333 1663
667A Lytt  199712252 1993 2083 2213 1943 1673 1363  903  763  723  863 1153 1503
667A Lytt  199712261 1853 2123 2163 1993 1843 1393  923  653  663  683  833 1473
667A Lytt  199712262 1793 1853 2243 2213 1733 1583 1233  743  583  803  743 1143
667A Lytt  199712271 1693 1993 2123 2093 2093 1703 1173  893  633  583  663 1103
667A Lytt  199712272 1563 1913 2093 2383 2163 1893 1583 1173  803  653  723  973
667A Lytt  199712281 1243 1813 2143 2183 2273 2113 1563 1223  893  683  623  953
667A Lytt  199712282 1273 1673 2123 2313 2403 2273 1883 1433 1063  753  573  663
667A Lytt  199712291  993 1473 1793 2093 2293 2183 1793 1423 1043  543  443  513
667A Lytt  199712292  843 1183 1713 2063 2193 2393 2043 1703 1283  773  473  393
667A Lytt  199712301  593  963 1433 1833 2143 2283 2023 1653 1343  763  373  453
667A Lytt  199712302  463  623 1303 1863 1923 2313 2373 1953 1453 1063  693  283
667A Lytt  199712311  303  563  923 1383 1933 2143 2093 2053 1653 1023  573  513
667A Lytt  199712312  173  363  863 1353 1683 2173 2363 2273 1823 1413  963  403
