667A Lyttelton          New Zealand         2004 43360S 172430E 0000 3 00000R MM
667A Lytt  200401011 2152 2038 1683 1350 1059  665  627  645  928 1245 1653 1932
667A Lytt  200401012 2110 2172 1830 1667 1232  979  848  749  937 1189 1501 1879
667A Lytt  200401021 2052 2099 1940 1672 1310  995  622  669  769  926 1257 1744
667A Lytt  200401022 1929 2067 2070 1739 1583 1267  899  830  719  994 1185 1563
667A Lytt  200401031 1899 2093 1990 1922 1605 1254  805  787  636  820 1116 1506
667A Lytt  200401032 1824 2026 2143 2071 1769 1552 1156  950  715  833 1004 1292
667A Lytt  200401041 1616 2051 2027 1929 1907 1593 1127  862  765  659  896 1241
667A Lytt  200401042 1582 1858 2031 2157 1977 1871 1441 1177  800  924  845  958
667A Lytt  200401051 1572 1817 1853 2169 2153 1687 1463 1127  852  722  790 1075
667A Lytt  200401052 1293 1717 2109 2213 2118 2248 1732 1409 1149  876  821  799
667A Lytt  200401061 1233 1504 1896 2091 2131 1793 1865 1281  984  846  748  834
667A Lytt  200401062 1103 1607 1858 2122 2275 2366 1968 1619 1383 1015  735  840
667A Lytt  200401071  986 1221 1618 2059 2099 2048 2003 1758 1190  938  850  646
667A Lytt  200401072  915 1224 1571 2003 2221 2368 2126 1946 1567 1149  900  829
667A Lytt  200401081  808 1131 1510 1702 2019 2235 2128 1934 1542 1258  945  788
667A Lytt  200401082  880 1035 1481 1944 2192 2327 2558 2193 1789 1558 1022  753
667A Lytt  200401091  721  874  908 1518 1933 1922 2140 2107 1747 1406  999  789
667A Lytt  200401092  615  727 1040 1408 1749 2087 2307 2176 1925 1779 1173  878
667A Lytt  200401101  760  630  911 1245 1587 1842 2118 2086 1956 1681 1282  850
667A Lytt  200401102  633  539  753  977 1535 1893 2142 2361 2163 1889 1645 1151
667A Lytt  200401111  837  747  742  893 1353 1819 1929 2149 2231 1889 1659 1254
667A Lytt  200401112  939  642  775  912 1118 1781 2030 2283 2318 2225 1797 1422
667A Lytt  200401121 1029  735  690  630 1046 1408 1691 1996 2116 2126 1830 1531
667A Lytt  200401122 1088  698  552  770  775 1290 1753 2021 2208 2269 1990 1694
667A Lytt  200401131 1271  958  533  563  723  971 1373 1799 1997 2113 2092 1777
667A Lytt  200401132 1310 1016  716  497  625  948 1333 1687 2026 2256 2197 1949
667A Lytt  200401141 1638 1229  809  597  665  757 1056 1441 1852 2195 2055 2082
667A Lytt  200401142 1870 1177  937  806  556  696 1087 1428 1716 2144 2238 2143
667A Lytt  200401151 2030 1692 1151  773  722  613  816 1236 1602 1902 2222 2204
667A Lytt  200401152 1999 1693 1228  793  555  572  598  976 1323 1912 2035 2152
667A Lytt  200401161 2167 1824 1423 1002  663  569  556  748 1188 1629 2006 2144
667A Lytt  200401162 2345 2029 1697 1254  852  712  527  724 1009 1542 1863 2087
667A Lytt  200401171 2228 2210 1834 1431 1075  655  524  520  884 1260 1672 2077
667A Lytt  200401172 2334 2278 2104 1680 1175  880  607  506  634 1112 1618 1786
667A Lytt  200401181 2211 2487 2067 1761 1532  943  623  526  542  919 1244 1853
667A Lytt  200401182 2069 2343 2457 2040 1672 1308  807  504  504  733 1047 1506
667A Lytt  200401191 1916 2326 2351 2195 1905 1476  939  602  495  580  984 1392
667A Lytt  200401192 1849 2223 2525 2378 2222 1851 1281  850  596  546  733 1020
667A Lytt  200401201 1611 2111 2239 2336 2352 1809 1387  926  568  382  526  918
667A Lytt  200401202 1390 1878 2314 2559 2428 2296 1760 1243  795  536  436  501
667A Lytt  200401211 1010 1599 1941 2155 2432 2175 1759 1214  799  520  192  523
667A Lytt  200401212  830 1338 1847 2342 2396 2476 2159 1600 1162  681  504  230
667A Lytt  200401221  541 1011 1565 1879 2265 2352 2127 1666 1236  652  323  291
667A Lytt  200401222  355  749 1410 1891 2223 2530 2329 2111 1602 1077  768  384
667A Lytt  200401231  342  617 1108 1566 1964 2265 2381 1943 1705 1215  600  468
667A Lytt  200401232  319  379  911 1517 1929 2312 2513 2412 2042 1556 1131  544
667A Lytt  200401241  400  439  544 1097 1682 2003 2225 2391 2075 1676 1113  718
667A Lytt  200401242  423  249  538  956 1374 2008 2287 2345 2382 1986 1451  960
667A Lytt  200401251  695  384  418  734 1216 1639 2045 2298 2267 2147 1555 1139
667A Lytt  200401252  761  422  394  609 1032 1551 1967 2198 2359 2306 1875 1353
667A Lytt  200401261 1035  591  416  479  783 1222 1703 2029 2167 2264 2000 1541
667A Lytt  200401262 1120  666  544  473  631 1167 1478 1932 2246 2119 2173 1707
667A Lytt  200401271 1241  938  483  476  447  849 1234 1607 1888 2147 2132 1780
667A Lytt  200401272 1393 1022  764  419  492  838 1082 1435 1879 2103 1997 1957
667A Lytt  200401281 1620 1107  766  521  501  480  852 1260 1512 1944 2024 1938
667A Lytt  200401282 1672 1336 1015  597  588  599  783 1105 1549 1769 1982 2043
667A Lytt  200401291 1787 1502 1141  764  519  530  631  948 1285 1680 1937 2035
667A Lytt  200401292 2030 1645 1424  990  779  770  632  925 1326 1657 1833 2126
667A Lytt  200401301 2098 1796 1588 1268  888  659  779  831 1109 1611 1775 2071
667A Lytt  200401302 2205 1955 1768 1413 1116  903  733  779 1120 1350 1611 1982
667A Lytt  200401311 2087 1954 1837 1426 1141  800  692  700  805 1242 1588 1805
667A Lytt  200401312 2077 2137 1879 1593 1409 1115  725  662  955 1094 1339 1708
667A Lytt  200402011 2019 1970 1910 1706 1365 1111  711  712  665  982 1287 1680
667A Lytt  200402012 1894 2155 2189 1889 1604 1388  982  770  850  874 1153 1568
667A Lytt  200402021 1736 1992 2163 1928 1698 1460 1009  824  696  887 1046 1462
667A Lytt  200402022 1851 1919 2257 2181 1880 1669 1283  914  883  908  954 1300
667A Lytt  200402031 1646 1968 2016 2147 2083 1618 1320 1115  744  714  999 1236
667A Lytt  200402032 1549 1945 2236 2231 2105 2036 1623 1143 1094  892  905 1163
667A Lytt  200402041 1485 1827 2132 2256 2277 1923 1682 1389  888  783  846  966
667A Lytt  200402042 1334 1647 2132 2268 2232 2228 1839 1513 1175  943  829  884
667A Lytt  200402051 1291 1605 1869 2262 2273 2166 1953 1537 1198  836  790  780
667A Lytt  200402052 1028 1420 1884 2045 2269 2393 2053 1772 1321 1045  760  660
667A Lytt  200402061  862 1212 1512 1921 2190 2115 2081 1695 1319  917  763  612
667A Lytt  200402062  750 1052 1539 1869 2120 2383 2229 1886 1657 1229  796  716
667A Lytt  200402071  699  895 1133 1796 2015 2080 2168 2072 1521 1145  895  520
667A Lytt  200402072  545  660 1168 1534 1876 2284 2248 2091 1855 1434  932  691
667A Lytt  200402081  582  554  872 1406 1724 1934 2181 2152 1700 1503 1089  693
667A Lytt  200402082  500  531  829 1193 1706 2107 2231 2304 2170 1694 1298  914
667A Lytt  200402091  614  552  612 1008 1476 1786 2054 2192 2022 1767 1444  923
667A Lytt  200402092  636  476  575  909 1333 1908 2148 2207 2349 2010 1550 1177
667A Lytt  200402101  881  579  480  794 1183 1566 1931 2237 2230 2017 1842 1185
667A Lytt  200402102  860  604  543  534  999 1612 1760 2087 2376 2179 1941 1484
667A Lytt  200402111 1135  832  587  667  902 1221 1750 2209 2235 2406 2249 1831
667A Lytt  200402112 1377  967  844  606  830 1213 1697 1917 2550 2462 2308 2054
667A Lytt  200402121 1591 1209  782  760  700  962 1438 1798 2101 2354 2386 2029
667A Lytt  200402122 1682 1262  919  646  569  855 1160 1474 2064 2300 2245 2269
667A Lytt  200402131 1924 1430  976  850  739  523 1142 1488 1701 2284 2529 2432
667A Lytt  200402132 2221 1702 1474 1020  709  861 1057 1270 1777 2222 2378 2520
667A Lytt  200402141 2325 2049 1547 1127  968  704  854 1221 1534 2011 2397 2619
667A Lytt  200402142 2430 2170 1898 1329  930  912  784  994 1488 1884 2071 2467
667A Lytt  200402151 2619 2223 1937 1712 1099  664  942  920 1011 1704 2179 2272
667A Lytt  200402152 2598 2512 2209 1832 1300 1237  640  654 1093 1239 1653 2235
667A Lytt  200402161 2412 2390 2303 1971 1495 1006  875  802  700 1121 1632 1959
667A Lytt  200402162 2337 2614 2375 2160 1708 1366  803  548  676  857 1136 1568
667A Lytt  200402171 2075 2229 2203 2254 1732 1183 1005  677  410  664 1140 1486
667A Lytt  200402172 1959 2481 2455 2236 2262 1679 1169  732  688  510  789 1261
667A Lytt  200402181 1700 2081 2329 2546 2240 1785 1443 1004  560  596  777 1201
667A Lytt  200402182 1541 1921 2487 2487 2377 2265 1729 1123  866  797  504  832
667A Lytt  200402191 1503 1817 2089 2564 2599 2211 1908 1493 1018  566  799  844
667A Lytt  200402192 1192 1825 2374 2461 2827 2637 2444 1790 1414 1060  768  791
667A Lytt  200402201 1057 1605 1903 2457 2662 2580 2413 2009 1362  977  864  662
667A Lytt  200402202  788 1309 1948 2175 2592 2926 2507 2165 1846 1354  911  884
667A Lytt  200402211 1017 1198 1703 2045 2471 2612 2807 2367 1725 1459 1125  667
667A Lytt  200402212  678  997 1397 1852 2278 2730 2567 2421 2255 1565 1030  946
667A Lytt  200402221  705  727 1018 1653 2094 2148 2566 2482 1972 1732 1200  625
667A Lytt  200402222  603  559  841 1161 1777 2210 2211 2310 2303 1751 1250  839
667A Lytt  200402231  605  349  590  997 1489 1770 2195 2440 2188 1937 1540 1050
667A Lytt  200402232  751  620  678  854 1495 1743 2121 2317 2372 2120 1512 1298
667A Lytt  200402241  897  576  530  834 1105 1433 1948 2243 2176 2172 1961 1512
667A Lytt  200402242 1097  780  822  705 1098 1683 1853 2234 2514 2371 2136 1769
667A Lytt  200402251 1487  974  816  896 1030 1386 1750 2122 2152 2359 2284 1788
667A Lytt  200402252 1486 1076  876  758  821 1208 1526 1838 2212 2212 2226 1955
667A Lytt  200402261 1500 1272  808  759  767  961 1267 1699 1873 2141 2129 1935
667A Lytt  200402262 1559 1201  963  703  556  821 1027 1264 1625 1854 1974 1862
667A Lytt  200402271 1516 1343  905  663  645  622  899 1158 1529 1891 1926 2008
667A Lytt  200402272 1804 1417 1207  914  707  825  903 1208 1489 1851 1934 1994
667A Lytt  200402281 1797 1654 1322  931  834  724  876  987 1374 1714 1966 2199
667A Lytt  200402282 2062 1840 1627 1218  974  863  846 1091 1290 1551 2013 2023
667A Lytt  200402291 2129 2022 1643 1310 1160  774  796  977 1148 1422 1914 2093
667A Lytt  200402292 2118 2058 1908 1611 1171 1039  851  833 1127 1388 1669 1879
667A Lytt  200403011 2151 2064 1822 1662 1367  935  832  948  872 1255 1647 1889
667A Lytt  200403012 2117 2175 2132 1850 1523 1257  909  802  930 1145 1351 1766
667A Lytt  200403021 2015 2034 2007 1900 1493 1248 1013  748  950 1008 1371 1727
667A Lytt  200403022 1980 2280 2188 2061 1918 1482 1071  930  804  944 1212 1446
667A Lytt  200403031 1736 2040 2081 2004 1702 1315 1157  759  582  692  964 1248
667A Lytt  200403032 1646 1940 2017 2086 1842 1557 1190  797  651  667  743 1004
667A Lytt  200403041 1472 1730 1883 1969 1918 1526 1184  913  486  554  624  972
667A Lytt  200403042 1240 1672 2013 2111 2004 1753 1399  950  688  536  691  704
667A Lytt  200403051 1125 1627 1820 2015 2118 1810 1532 1188  748  492  622  794
667A Lytt  200403052 1062 1505 2064 2147 2236 2195 1735 1319  940  745  600  584
667A Lytt  200403061  921 1284 1716 1969 2147 2062 1826 1479  987  632  490  562
667A Lytt  200403062  660 1129 1711 1973 2130 2337 2007 1682 1248  833  666  442
667A Lytt  200403071  639  947 1418 1820 2076 2156 2019 1782 1288  847  542  442
667A Lytt  200403072  486  798 1287 1776 2075 2323 2180 1925 1556 1097  697  469
667A Lytt  200403081  467  621  947 1589 1899 1980 2366 2016 1574 1175  800  493
667A Lytt  200403082  334  544  849 1400 1862 2174 2253 2166 1943 1498  982  655
667A Lytt  200403091  479  438  766 1296 1714 2101 2321 2323 1985 1690 1196  842
667A Lytt  200403092  428  431  666 1097 1564 2055 2263 2350 2359 1976 1340  982
667A Lytt  200403101  805  498  624 1070 1523 1856 2353 2578 2390 2137 1666 1367
667A Lytt  200403102  600  584  694  788 1293 1766 2183 2436 2375 2433 2005 1415
667A Lytt  200403111 1134  794  694  847 1248 1659 2142 2459 2524 2546 2248 1744
667A Lytt  200403112 1145  905  715  455  890 1347 1691 2062 2385 2408 2218 1750
667A Lytt  200403121 1425  929  655  611  742 1189 1539 2030 2290 2395 2442 2011
667A Lytt  200403122 1568 1193  774  604  586  810 1272 1655 1990 2298 2295 1987
667A Lytt  200403131 1736 1233  730  669  554  613 1063 1576 1932 2083 2458 2301
667A Lytt  200403132 1793 1598 1100  610  537  536  700 1153 1580 1952 2187 2170
667A Lytt  200403141 1995 1492 1166  766  552  430  658  986 1398 1751 2171 2263
667A Lytt  200403142 2112 1890 1516  928  678  529  388  719 1120 1567 1824 2110
667A Lytt  200403151 2205 1911 1515 1151  786  443  462  695  971 1443 1951 2163
667A Lytt  200403152 2251 2299 1919 1435 1093  842  411  497  901 1242 1552 2054
667A Lytt  200403161 2345 2189 2069 1733 1185  742  633  554  583 1067 1581 1909
667A Lytt  200403162 2228 2483 2252 1959 1629 1128  733  566  627  782 1313 1691
667A Lytt  200403171 2126 2256 2273 2166 1658 1167  923  627  441  750 1172 1524
667A Lytt  200403172 1927 2368 2365 2150 2042 1508  876  745  615  453  831 1267
667A Lytt  200403181 1719 1958 2350 2300 1992 1587 1200  763  515  548  723 1139
667A Lytt  200403182 1494 2096 2280 2296 2337 1934 1297  997  718  454  600  888
667A Lytt  200403191 1327 1714 2181 2375 2202 2088 1610 1069  753  502  547  751
667A Lytt  200403192 1162 1679 2098 2313 2445 2254 1799 1424  903  685  634  596
667A Lytt  200403201  999 1467 1941 2247 2388 2327 2044 1490 1097  758  509  569
667A Lytt  200403202  820 1254 1755 2055 2360 2403 2139 1772 1315  965  666  569
667A Lytt  200403211  721 1041 1545 2025 2209 2305 2340 1855 1482 1054  668  622
667A Lytt  200403212  596  873 1352 1822 2167 2335 2250 2058 1609 1180  875  574
667A Lytt  200403221  584  693 1098 1675 1886 2189 2387 2015 1812 1391  973  658
667A Lytt  200403222  496  748  930 1438 1908 2195 2226 2333 1991 1609 1204  868
667A Lytt  200403231  657  709  904 1321 1797 2090 2269 2339 2161 1871 1377 1102
667A Lytt  200403232  944  783  901 1372 1754 1951 2265 2525 2130 2085 1658 1164
667A Lytt  200403241  974  794  833 1124 1579 1850 2221 2372 2346 2124 1716 1439
667A Lytt  200403242 1009  712  829  934 1262 1557 1934 2223 2102 2094 1911 1317
667A Lytt  200403251 1065  868  744  820 1119 1580 1780 2077 2334 2143 1886 1631
667A Lytt  200403252 1205  860  790  771 1014 1227 1603 1885 2074 2083 2030 1607
667A Lytt  200403261 1345 1068  871  765  935 1308 1567 1847 2181 2123 2096 1886
667A Lytt  200403262 1493 1230  943  885  907 1082 1435 1713 1925 2168 2178 1894
667A Lytt  200403271 1570 1239  965  885  835 1138 1349 1685 2024 2135 2176 2124
667A Lytt  200403272 1804 1467 1254  991  895  925 1248 1459 1768 2022 2269 2070
667A Lytt  200403281 1957 1671 1387 1190 1004 1049 1210 1470 1843 2103 2239 2246
667A Lytt  200403282 2268 1780 1578 1313 1078 1032 1109 1402 1525 1980 2195 2140
667A Lytt  200403291 2080 1895 1558 1310 1104  925 1020 1369 1505 1764 2163 2161
667A Lytt  200403292 2183 1992 1731 1395 1065 1022  794  944 1308 1523 1727 2047
667A Lytt  200403301 1977 1891 1660 1473 1052  940  880  921 1222 1506 1735 2027
667A Lytt  200403302 2127 1955 1917 1540 1161  966  733  711  872 1218 1512 1695
667A Lytt  200403311 1998 2012 1755 1582 1206  851  650  641  850 1007 1442 1705
667A Lytt  200403312 1897 2074 1866 1599 1425  914  675  615  580  831 1150 1492
667A Lytt  200404011 1734 1958 1901 1616 1411 1071  727  568  656  802 1125 1561
667A Lytt  200404012 1839 2116 2133 1938 1697 1409  860  789  644  758 1144 1339
667A Lytt  200404021 1820 2062 2163 2077 1860 1387 1111  712  654  703  936 1296
667A Lytt  200404022 1758 1995 2219 2289 1937 1640 1111  810  588  564  735 1067
667A Lytt  200404031 1500 1856 2100 2279 1997 1811 1399  877  751  548  629  960
667A Lytt  200404032 1397 1827 2212 2324 2314 1950 1597 1192  825  592  636  804
667A Lytt  200404041 1192 1717 1898 2230 2311 1998 1644 1275  830  445  539  620
667A Lytt  200404042 1021 1534 1982 2260 2343 2226 1759 1442  973  606  524  611
667A Lytt  200404051  791 1203 1836 2152 2191 2387 2102 1570 1220  738  468  438
667A Lytt  200404052  766 1075 1590 2151 2286 2311 2223 1862 1267  884  697  421
667A Lytt  200404061  442 1028 1437 1887 2223 2483 2386 1977 1634 1023  590  456
667A Lytt  200404062  530  610 1191 1693 2041 2310 2252 2177 1655 1142  791  428
667A Lytt  200404071  358  521  968 1490 1873 2331 2380 2181 2075 1441  870  549
667A Lytt  200404072  439  266  640 1179 1676 1945 2264 2295 1818 1600 1077  585
667A Lytt  200404081  295  410  514  883 1543 2024 2218 2374 2336 1915 1312  938
667A Lytt  200404082  647  325  423  778 1313 1620 2112 2389 2144 2083 1672  992
667A Lytt  200404091  594  577  406  598 1166 1688 2015 2308 2562 2242 1902 1537
667A Lytt  200404092 1053  550  435  656  846 1202 1769 2149 2150 2289 2164 1456
667A Lytt  200404101 1089  851  524  397  827 1283 1576 2015 2544 2435 2237 2122
667A Lytt  200404102 1611  917  753  661  533  824 1348 1852 1978 2356 2499 1924
667A Lytt  200404111 1527 1321  880  406  704  977 1180 1751 2275 2401 2503 2521
667A Lytt  200404112 2103 1631 1161  917  681  785 1121 1594 1913 2319 2597 2500
667A Lytt  200404121 2145 1926 1331  834  817  752  910 1361 1903 2048 2333 2577
667A Lytt  200404122 2438 1990 1639 1126  739  569  726  933 1166 1817 2154 2187
667A Lytt  200404131 2131 2045 1530  962  785  590  357  740 1117 1432 1835 2198
667A Lytt  200404132 2204 1992 1813 1266  801  493  286  536  595 1048 1583 1926
667A Lytt  200404141 1945 2113 1806 1304  951  666  297  300  714  874 1320 1797
667A Lytt  200404142 2142 2008 1921 1745 1160  634  528  370  331  741 1271 1573
667A Lytt  200404151 1882 2222 2020 1697 1552  938  539  330  596  564  891 1540
667A Lytt  200404152 1967 1929 2205 2136 1545 1150  830  493  272  532  856 1136
667A Lytt  200404161 1573 2116 2102 2003 1871 1340  792  591  517  382  607 1172
667A Lytt  200404162 1648 1815 2204 2303 1837 1612 1179  734  377  483  638  797
667A Lytt  200404171 1365 1932 2072 2133 2235 1859 1313  998  725  454  537  944
667A Lytt  200404172 1300 1651 2144 2303 2094 1986 1578 1109  659  539  543  581
667A Lytt  200404181  989 1590 1889 2055 2322 2103 1660 1371  950  517  434  642
667A Lytt  200404182  859 1246 1756 2105 2087 2049 1912 1403  916  733  562  414
667A Lytt  200404191  647 1164 1553 1792 2208 2139 1792 1662 1172  674  515  544
667A Lytt  200404192  500  903 1372 1705 1991 2050 1927 1705 1098  894  613  347
667A Lytt  200404201  471  828 1199 1478 1972 2168 1903 1887 1581 1025  665  577
667A Lytt  200404202  565  644 1039 1533 1803 1985 2119 1878 1638 1221  923  586
667A Lytt  200404211  507  745 1050 1306 1835 2131 2128 2078 1867 1488  907  836
667A Lytt  200404212  677  484  821 1265 1490 1688 2115 2002 1722 1522 1247  760
667A Lytt  200404221  418  693  803  912 1482 1907 1896 2049 2098 1686 1279 1087
667A Lytt  200404222  785  473  665 1004 1297 1463 1860 2045 1850 1718 1433 1139
667A Lytt  200404231  905  522  567 1025 1221 1484 1883 2022 1950 1717 1591 1158
667A Lytt  200404232  794  666  683  753 1024 1420 1618 1797 1940 1870 1455 1283
667A Lytt  200404241  983  718  586  841 1058 1291 1705 1953 1961 1951 1818 1455
667A Lytt  200404242 1004  930  644  617  839 1162 1413 1567 1933 1949 1676 9999
667A Lytt  200404251 9999 9999 9999 9999 9999 9999 9999 9999 9999 9999 9999 9999
667A Lytt  200404252 9999 9999 9999 9999 9999 9999 9999 9999 9999 9999 9999 9999
667A Lytt  200404261 1484 1254  934  654  834  952  995 1510 1781 1886 1980 2028
667A Lytt  200404262 1672 1396 1122  847  659  688  993 1207 1450 1807 2017 1762
667A Lytt  200404271 1778 1488 1162  831  854  802  773 1311 1549 1760 1932 2166
667A Lytt  200404272 1903 1575 1441 1114  703  685  860  929 1237 1697 1870 1833
667A Lytt  200404281 1868 1775 1315 1042  916  757  582  983 1285 1433 1772 2082
667A Lytt  200404282 1931 1736 1667 1268  733  711  733  587  927 1435 1602 1795
667A Lytt  200404291 1939 1909 1549 1240 1081  720  480  729  921 1142 1502 1972
667A Lytt  200404292 1997 1827 1876 1539  970  799  659  458  694 1087 1408 1639
667A Lytt  200404301 1903 2061 1790 1531 1321  898  544  677  645  939 1319 1821
667A Lytt  200404302 1966 2079 2191 1823 1310 1066  783  431  635  914 1108 1611
667A Lytt  200405011 1969 2091 2107 1964 1682 1261  828  773  615  720 1070 1602
667A Lytt  200405012 1902 2106 2321 2188 1736 1377  960  677  538  695  923 1335
667A Lytt  200405021 1867 2121 2158 2292 2105 1552 1152  823  621  595  713 1289
667A Lytt  200405022 1678 1988 2374 2452 2083 1851 1363  820  707  652  755 1065
667A Lytt  200405031 1642 2087 2253 2470 2502 2151 1665 1245  887  622  657 1048
667A Lytt  200405032 1407 1905 2429 2528 2519 2323 1815 1315  863  636  679  786
667A Lytt  200405041 1164 1785 2161 2347 2654 2450 1950 1616 1127  634  593  652
667A Lytt  200405042  901 1444 2069 2268 2459 2482 2170 1749 1153  869  647  540
667A Lytt  200405051  744 1232 1969 2228 2406 2738 2433 1936 1615 1022  599  490
667A Lytt  200405052  686  949 1500 2006 2388 2538 2403 2139 1703 1079  909  547
667A Lytt  200405061  468  730 1275 1843 2403 2605 2546 2556 1997 1506 1044  687
667A Lytt  200405062  532  630 1113 1581 1887 2322 2575 2375 2003 1600 1107  690
667A Lytt  200405071  534  603  845 1364 2029 2372 2582 2748 2424 1975 1388 1058
667A Lytt  200405072  503  382  622  998 1316 1913 2296 2290 2245 1963 1486  959
667A Lytt  200405081  626  430  436  752 1426 1821 2119 2580 2534 2218 1788 1391
667A Lytt  200405082  890  421  409  556  828 1348 1819 2122 2321 2227 1823 1408
667A Lytt  200405091  894  507  408  342  833 1226 1577 2190 2410 2287 2077 1775
667A Lytt  200405092 1232  698  416  302  323  760 1333 1549 1937 2273 1997 1593
667A Lytt  200405101 1286  848  351  187  420  652  958 1597 1967 2175 2218 2012
667A Lytt  200405102 1622 1151  682  455  177  467  851 1094 1623 2089 2171 2012
667A Lytt  200405111 1714 1357  919  465  426  491  633 1275 1635 1986 2215 2317
667A Lytt  200405112 2185 1625 1264  926  375  428  582  859 1282 1732 2122 2200
667A Lytt  200405121 2085 1857 1448  814  786  436  470  874 1231 1562 1948 2460
667A Lytt  200405122 2210 2031 1816 1348  692  561  539  545  927 1375 1863 2142
667A Lytt  200405131 2137 2274 1853 1301 1175  684  409  680  952 1121 1653 2119
667A Lytt  200405132 2196 2225 2106 1679 1183  879  619  436  675 1076 1455 1871
667A Lytt  200405141 2179 2224 2116 1782 1578 1004  709  718  695  861 1285 1836
667A Lytt  200405142 2084 2191 2321 2084 1535 1303  852  574  681  778 1100 1687
667A Lytt  200405151 1963 2213 2338 2114 1907 1471 1030  846  658  729  948 1486
667A Lytt  200405152 1856 2077 2279 2310 1879 1588 1221  698  628  665  819 1167
667A Lytt  200405161 1640 2065 2209 2195 2189 1753 1296 1104  703  559  740 1131
667A Lytt  200405162 1372 1760 2115 2150 1990 1833 1455  903  662  661  497  843
667A Lytt  200405171 1194 1659 1940 2039 2236 1944 1518 1194  901  557  505  734
667A Lytt  200405172 1021 1361 1750 1988 2101 1828 1562 1144  819  535  491  585
667A Lytt  200405181  729 1316 1658 1787 2157 2064 1682 1439 1095  678  459  608
667A Lytt  200405182  669 1033 1489 1755 1826 1979 1823 1297 1062  837  429  469
667A Lytt  200405191  627  972 1385 1684 2132 2110 1917 1842 1341  911  759  578
667A Lytt  200405192  628  866 1276 1654 1788 2037 1982 1673 1480 1034  757  634
667A Lytt  200405201  584  843 1186 1640 1974 2192 2143 2044 1756 1313 1031  728
667A Lytt  200405202  739  811 1069 1558 1773 2022 2153 2036 1808 1503 1193  930
667A Lytt  200405211  741  909 1140 1422 1881 2188 2265 2292 2171 1681 1363 1179
667A Lytt  200405212  827  798 1009 1342 1486 1963 2208 2077 2098 1834 1441 1155
667A Lytt  200405221  867  897  971 1166 1773 1901 2108 2365 2190 1940 1563 1306
667A Lytt  200405222  964  669  929 1028 1230 1666 1915 1916 2037 1903 1615 1175
667A Lytt  200405231  945  803  654  861 1405 1525 1817 2254 2177 1897 1780 1506
667A Lytt  200405232 1068  860  747  867  988 1415 1600 1804 2057 1897 1804 1393
667A Lytt  200405241 1184  872  666  827 1032 1303 1637 2036 2096 1978 1948 1727
667A Lytt  200405242 1295 1001  885  711  697 1157 1358 1538 1877 1969 1826 1645
667A Lytt  200405251 1323 1007  716  668  843  914 1303 1725 1880 1909 1996 1936
667A Lytt  200405252 1355 1173  974  638  522  868 1092 1226 1641 1911 1803 1722
667A Lytt  200405261 1548 1187  806  724  728  649 1012 1358 1605 1750 2071 1850
667A Lytt  200405262 1700 1369 1019  847  459  714  828 1002 1422 1843 1872 1904
667A Lytt  200405271 1902 1482 1167  945  878  605  879 1264 1449 1751 2088 2163
667A Lytt  200405272 1886 1908 1421  998  813  739  645  908 1380 1632 1842 2191
667A Lytt  200405281 2063 1855 1548 1290 1014  689  916 1041 1231 1693 1979 2187
667A Lytt  200405282 2337 2142 1828 1450 1086  839  751  855 1177 1481 1970 2200
667A Lytt  200405291 2267 2220 2022 1648 1278 1033  858  966 1092 1514 1868 2196
667A Lytt  200405292 2422 2460 2258 1817 1466 1160  748  848 1002 1220 1809 2080
667A Lytt  200405301 2252 2542 2395 1899 1762 1172  960  818  848 1115 1553 2022
667A Lytt  200405302 2236 2560 2607 2136 1892 1263  920  686 1168  839 1397 1881
667A Lytt  200405311 2158 2401 2584 2438 2004 1684 1323  831  810  933 1082 1697
667A Lytt  200405312 2079 2332 2483 2444 2020 1652 1142  724  712  671  952 1369
667A Lytt  200406011 1828 2213 2418 2438 2343 1801 1435 1036  591  577  681 1118
667A Lytt  200406012 1578 1998 2407 2371 2341 2047 1406 1023  640  473  551  943
667A Lytt  200406021 1400 1861 2303 2461 2562 2217 1797 1244  779  556  298  546
667A Lytt  200406022 1096 1513 1850 2359 2378 2260 1794 1278  997  393  429  555
667A Lytt  200406031  807 1333 1982 2277 2615 2544 2217 1767 1141  819  449  333
667A Lytt  200406032  614 1037 1530 1998 2393 2527 2165 1846 1463  880  608  544
667A Lytt  200406041  590 1003 1639 2010 2393 2748 2602 2255 1857 1341  787  538
667A Lytt  200406042  535  617 1134 1744 2000 2408 2502 2243 1907 1309  930  493
667A Lytt  200406051  351  582  908 1489 2144 2359 2724 2710 2366 1766 1313  868
667A Lytt  200406052  540  512  660 1248 1699 2088 2263 2601 2193 1794 1520 1000
667A Lytt  200406061  532  434  767 1064 1594 2153 2523 2658 2716 2333 1777 1411
667A Lytt  200406062  838  645  564  681 1249 1741 2170 2561 2748 2260 1962 1519
667A Lytt  200406071  933  713  458  741 1199 1523 2173 2491 2685 2683 2280 1760
667A Lytt  200406072 1416  825  490  552  667 1147 1602 1975 2304 2367 2250 1768
667A Lytt  200406081 1223  922  492  293  615  904 1330 1863 2258 2288 2250 2032
667A Lytt  200406082 1454 1068  731  263  322  594  797 1356 1877 2016 2224 2006
667A Lytt  200406091 1493 1228  709  305  368  463  805 1265 1746 2016 2118 2219
667A Lytt  200406092 1800 1379  946  520  293  326  389  946 1309 1693 2051 2004
667A Lytt  200406101 1960 1504  996  809  425  267  538  797 1161 1574 1872 2057
667A Lytt  200406102 1959 1724 1299  855  412  444  138  498 1010 1262 1664 2043
667A Lytt  200406111 1950 1784 1496  974  716  429  370  425  887 1089 1554 1877
667A Lytt  200406112 1979 1868 1582 1166  727  463  187  252  481  926 1259 1741
667A Lytt  200406121 1869 1926 1778 1300 1105  556  539  351  593  738 1182 1618
667A Lytt  200406122 1788 1964 1874 1524 1156  813  402  298  496  601  985 1544
667A Lytt  200406131 1765 1960 2016 1776 1449 1060  765  489  582  600  983 1407
667A Lytt  200406132 1793 1890 2039 1957 1483 1283  820  513  495  509  847 1280
667A Lytt  200406141 1720 1908 2121 2102 1873 1446 1126  870  592  606  780 1053
667A Lytt  200406142 1606 1826 1998 2096 1877 1639 1091  850  612  624  684 1077
667A Lytt  200406151 1436 1841 2015 2195 2157 1870 1524 1113  938  674  710 1068
667A Lytt  200406152 1352 1648 2047 2119 2130 1987 1518 1187  952  748  800  987
667A Lytt  200406161 1284 1713 2000 2192 2409 2128 1900 1588 1103  828  756  832
667A Lytt  200406162 1042 1465 1771 1981 2115 2161 1738 1444 1128  660  625  835
667A Lytt  200406171  883 1149 1786 1998 2144 2179 2020 1720 1213  956  669  679
667A Lytt  200406172  819 1092 1457 1791 1954 2079 1836 1677 1426  807  759  748
667A Lytt  200406181  701 1130 1590 1864 2242 2452 2312 2035 1575 1355  789  702
667A Lytt  200406182  832  907 1264 1718 1876 2057 2165 1857 1801 1278  992  874
667A Lytt  200406191  844 1010 1239 1789 2102 2303 2494 2316 1978 1704 1179  999
667A Lytt  200406192  905  923 1206 1368 1910 2082 2053 2202 2001 1586 1357 1087
667A Lytt  200406201  818  955 1151 1585 1842 2240 2487 2421 2298 2034 1549 1078
667A Lytt  200406202  938  917  893 1355 1682 1952 2092 2362 2067 1892 1683 1306
667A Lytt  200406211  910 1034  875 1123 1708 1914 2246 2430 2301 2106 1677 1458
667A Lytt  200406212 1128  917  884 1080 1472 1696 1978 2215 2235 2005 1814 1498
667A Lytt  200406221 1002  729  746 1068 1242 1680 2164 2266 2309 2345 2005 1482
667A Lytt  200406222 1410 1102  777  965 1260 1447 1624 2054 2286 2012 2025 1748
667A Lytt  200406231 1130  996  858  725  916 1355 1648 1901 2118 2214 1987 1688
667A Lytt  200406232 1385 1078  707  615  768 1024 1214 1583 1912 1998 1977 1794
667A Lytt  200406241 1394 1052  775  648  774  981 1266 1677 1939 2199 2022 1911
667A Lytt  200406242 1719 1169  932  616  596  802  856 1390 1713 1801 2106 1924
667A Lytt  200406251 1580 1313  968  641  607  698  915 1340 1698 1819 2028 2097
667A Lytt  200406252 1777 1459 1132  806  495  586  716  965 1447 1741 1989 2064
667A Lytt  200406261 1869 1637 1111  948  598  517  732  883 1360 1652 1881 2042
667A Lytt  200406262 1976 1716 1296  948  682  494  468  742 1231 1359 1895 2195
667A Lytt  200406271 1939 1868 1641 1183  732  543  661  641 1083 1450 1697 2193
667A Lytt  200406272 2221 1959 1861 1377  967  737  449  608  914 1289 1723 2091
667A Lytt  200406281 2250 2236 2114 1556 1275  903  593  571  745 1141 1509 1850
667A Lytt  200406282 2203 2395 2090 1743 1351 1072  479  466  778  883 1422 1910
667A Lytt  200406291 2212 2363 2417 2044 1642 1257  914  609  618  799 1183 1635
667A Lytt  200406292 2073 2387 2351 2177 1934 1334  772  745  595  500 1159 1586
667A Lytt  200406301 1898 2382 2522 2305 2213 1611 1247  839  575  496  744 1223
667A Lytt  200406302 1695 2169 2373 2441 2189 1853 1192  939  574  472  721 1185
667A Lytt  200407011 1589 2109 2555 2563 2585 2233 1722 1231  851  438  489  838
667A Lytt  200407012 1111 1930 2228 2370 2590 2157 1649 1330  879  315  523  686
667A Lytt  200407021 1104 1597 2276 2584 2669 2699 2326 1758 1253  845  429  519
667A Lytt  200407022  861 1409 1818 2246 2653 2602 2171 1851 1292  776  542  487
667A Lytt  200407031  584 1070 1612 1977 2556 2748 2442 2276 1672 1118  634  335
667A Lytt  200407032  412  806 1270 1821 2208 2578 2502 2215 1815 1087  768  465
667A Lytt  200407041  243  624 1046 1594 2171 2497 2701 2559 2083 1527 1045  600
667A Lytt  200407042  261  388  731 1096 1713 2203 2353 2285 2247 1550 1089  678
667A Lytt  200407051  343  277  610 1055 1609 2167 2489 2617 2417 2104 1406 1036
667A Lytt  200407052  579  317  424  713 1248 1848 2056 2425 2436 2090 1648 1207
667A Lytt  200407061  677  243  362  628  993 1554 2216 2390 2476 2377 1886 1511
667A Lytt  200407062  991  556  384  421  800 1374 1648 2210 2494 2303 2070 1690
667A Lytt  200407071 1180  721  539  410  754 1187 1641 2084 2471 2346 2258 2002
667A Lytt  200407072 1353 1095  503  507  504  849 1210 1705 2066 2226 2341 1920
667A Lytt  200407081 1506 1126  709  306  551  613 1105 1500 1901 2049 2060 2112
667A Lytt  200407082 1606 1222  823  317  401  460  614 1184 1647 1802 2152 2204
667A Lytt  200407091 1650 1421 1022  652  434  481  784  933 1425 1884 1918 2008
667A Lytt  200407092 2022 1494 1158  752  433  426  454  659 1265 1566 1910 2129
667A Lytt  200407101 1985 1779 1393  980  742  554  552  727 1151 1395 1738 1977
667A Lytt  200407102 1962 1827 1564 1081  601  623  358  499  956 1358 1560 1872
667A Lytt  200407111 2167 1855 1585 1531 1054  678  662  583  712 1143 1476 1813
667A Lytt  200407112 1794 2113 1787 1359 1097  768  460  500  605  892 1316 1727
667A Lytt  200407121 1924 1992 1977 1664 1289  946  700  610  574  802 1089 1512
667A Lytt  200407122 1718 1936 1896 1690 1387 1032  705  452  589  677 1043 1424
667A Lytt  200407131 1762 1895 2087 1895 1653 1339  873  663  674  581  854 1282
667A Lytt  200407132 1615 1769 1993 1919 1642 1347  889  730  579  543  893 1140
667A Lytt  200407141 1530 1925 2057 2056 2023 1623 1254 1100  758  661  807 1167
667A Lytt  200407142 1472 1759 2066 2124 1993 1755 1300  919  740  661  647 1104
667A Lytt  200407151 1425 1681 2027 2163 2103 2000 1649 1198 1010  800  603  812
667A Lytt  200407152 1269 1474 1753 2093 2038 1755 1565 1173  848  536  704  743
667A Lytt  200407161  897 1532 1816 1830 2276 2020 1725 1453 1042  736  656  569
667A Lytt  200407162  874 1210 1585 1819 1956 1989 1637 1417 1121  619  689  618
667A Lytt  200407171  642 1245 1578 1800 2179 2136 2002 1704 1373  872  700  671
667A Lytt  200407172  773  948 1444 1642 1897 2074 1879 1697 1383  973  794  559
667A Lytt  200407181  662  918 1330 1757 2014 2279 2158 1980 1674 1195  852  784
667A Lytt  200407182  695  735 1171 1571 1825 2007 1992 1933 1648 1180  874  718
667A Lytt  200407191  590  715 1002 1472 1824 2023 2332 2078 1807 1562  991  777
667A Lytt  200407192  706  687  765 1232 1658 1850 1970 2049 1900 1348 1148  820
667A Lytt  200407201  528  669  803 1118 1645 1934 2072 2301 2022 1731 1251 1020
667A Lytt  200407202  622  600  745  925 1385 1687 1926 2091 1981 1807 1458 1078
667A Lytt  200407211  759  657  692  891 1382 1739 1951 2235 2242 1948 1549 1298
667A Lytt  200407212  829  686  727  738 1119 1500 1726 2038 2171 1958 1819 1364
667A Lytt  200407221 1017  815  595  729 1188 1406 1838 2135 2223 2054 1893 1496
667A Lytt  200407222 1132  712  644  575  680 1174 1485 1669 2084 2099 1789 1539
667A Lytt  200407231 1212  725  571  498  729 1022 1416 1765 2048 2071 1885 1709
667A Lytt  200407232 1356  876  640  536  447  729 1219 1438 1719 2013 2014 1648
667A Lytt  200407241 1418 1053  581  463  626  616  967 1482 1795 1793 2054 1878
667A Lytt  200407242 9999 9999 9999 9999 9999 9999 9999 9999 9999 9999 9999 9999
667A Lytt  200407251 9999 9999 9999 9999 9999 9999 9999 9999 9999 9999 9999 9999
667A Lytt  200407252 9999 9999 9999 9999 9999 9999 9999 9999 9999 9999 9999 9999
667A Lytt  200407261 9999 9999 9999 9999 9999 9999 9999 9999 9999 9999 9999 9999
667A Lytt  200407262 2114 2060 1635 1250  844  760  408  847 1182 1495 2034 2272
667A Lytt  200407271 2425 2210 1915 1495 1125  744  645  812  932 1280 1670 2118
667A Lytt  200407272 2259 2319 2000 1718 1205  714  584  532  747 1043 1511 1965
667A Lytt  200407281 2280 2345 2298 1947 1482 1085  773  600  521  929 1329 1693
667A Lytt  200407282 2183 2389 2219 2145 1589 1108  715  600  437  705 1300 1658
667A Lytt  200407291 2016 2586 2491 2393 2235 1613 1257  841  682  698  954 1448
667A Lytt  200407292 1921 2287 2458 2423 2093 1700 1116  787  528  438  789 1210
667A Lytt  200407301 1645 2204 2521 2436 2490 2064 1481  938  740  345  284  889
667A Lytt  200407302 1281 1588 2227 2418 2144 2062 1399  927  482  252  341  453
667A Lytt  200407311 1095 1665 1944 2368 2688 2186 1778 1498  829  301  256  340
667A Lytt  200407312  573 1121 1792 2069 2163 2365 1800 1283  815  411  185   99
667A Lytt  200408011  532 1037 1508 2007 2522 2320 2227 1850 1295  585  351  142
667A Lytt  200408012  147  669 1233 1710 1963 2325 2247 1728 1265  902  350   61
667A Lytt  200408021  213  447  941 1569 2089 2321 2415 2213 1699 1080  593  339
667A Lytt  200408022   70  153  722 1193 1615 2099 2209 2042 1848 1286  698  351
667A Lytt  200408031  128  204  471  987 1654 2037 2317 2488 2107 1455 1054  591
667A Lytt  200408032  262  135  304  741 1268 1741 2098 2248 2122 1757 1265  772
667A Lytt  200408041  386  194  274  634 1142 1644 2049 2278 2260 1995 1559 1068
667A Lytt  200408042  638  270  343  479  876 1401 1757 2187 2290 2116 1798 1289
667A Lytt  200408051  880  476  380  491  846 1317 1766 2125 2322 2236 2025 1634
667A Lytt  200408052 1242  810  532  604  587 1209 1534 2015 2232 2383 2345 1927
667A Lytt  200408061 1378 1187  744  412  944 1052 1443 2029 2373 2263 2300 2238
667A Lytt  200408062 1689 1230  983  774  508 1005 1264 1633 2065 2447 2446 2199
667A Lytt  200408071 2111 1571 1084  958  940  889 1291 1669 2060 2177 2481 2361
667A Lytt  200408072 2027 1834 1350  924  819  878  922 1428 1831 2074 2409 2356
667A Lytt  200408081 2314 1939 1619 1164 1055  806  999 1313 1676 1913 2177 2372
667A Lytt  200408082 2208 2004 1610 1293  899  781  914 1035 1452 1875 2167 2289
667A Lytt  200408091 2358 2205 1898 1417 1332  973  908 1182 1339 1541 2033 2221
667A Lytt  200408092 2183 2240 2029 1582 1213  925  893  942 1073 1569 1795 2093
667A Lytt  200408101 2341 2218 2081 1836 1555 1081  915  949 1094 1225 1528 2008
667A Lytt  200408102 2226 2165 2279 1955 1524 1258  924  839  986 1247 1374 1546
667A Lytt  200408111 2053 2497 2059 1887 1955 1321 1019 1036 1011  947 1336 1825
667A Lytt  200408112 1935 2088 2257 2155 1610 1394 1210  691  730 1023 1332 1431
667A Lytt  200408121 2008 2288 2197 2088 2169 1621 1222 1091  899  778 1025 1523
667A Lytt  200408122 1731 1981 2277 2170 1786 1707 1121  968  731  729 1021 1194
667A Lytt  200408131 1794 2041 2261 2234 2310 1833 1540 1308  917  813  823 1209
667A Lytt  200408132 1440 1766 2076 2227 2040 1846 1644 1043  826  795  848  991
667A Lytt  200408141 1465 1849 2138 2201 2416 2190 1759 1484 1038  846  836 1045
667A Lytt  200408142 1205 1656 2024 2322 2130 2238 1906 1474 1153  848  912  772
667A Lytt  200408151 1311 1628 1993 2347 2507 2363 1995 1897 1447  929  781  989
667A Lytt  200408152  907 1258 1888 2160 2105 2425 1904 1648 1327  985  805  584
667A Lytt  200408161  943 1228 1575 2010 2276 2330 2253 2006 1532 1037  758  695
667A Lytt  200408162  669  975 1403 1755 1961 2092 2136 1728 1504 1111  765  644
667A Lytt  200408171  660  887 1216 1772 2079 2294 2214 2134 1825 1109 1054  771
667A Lytt  200408172  510  755 1091 1466 1804 2249 2098 1900 1794 1308  880  593
667A Lytt  200408181  450  493  840 1357 1790 2018 2154 2288 1780 1360 1037  726
667A Lytt  200408182  503  510  649  952 1504 1853 1919 2165 1828 1587 1139  743
667A Lytt  200408191  516  467  564  891 1446 1785 2115 2105 2023 1621 1294  966
667A Lytt  200408192  505  480  448  824 1079 1651 1817 1980 2160 1782 1427 1067
667A Lytt  200408201  628  494  491  623 1047 1476 1852 2131 2142 1910 1554 1140
667A Lytt  200408202  848  428  448  606  781 1272 1709 1979 2077 2039 1855 1321
667A Lytt  200408211  966  707  513  527  845 1320 1539 2022 2314 2123 1970 1720
667A Lytt  200408212 1127  830  632  611  709 1070 1600 1886 2134 2360 2221 1880
667A Lytt  200408221 1478 1256  766  645  823 1073 1319 1851 2264 2174 2154 2163
667A Lytt  200408222 1620 1120 1113  781  531 1060 1405 1507 1994 2454 2415 2106
667A Lytt  200408231 2022 1679 1089  697  908  838 1022 1626 1990 1985 2302 2403
667A Lytt  200408232 1928 1594 1365  888  591  749  920 1258 1671 2173 2324 2314
667A Lytt  200408241 2222 2042 1355 1051  846  651  720 1153 1489 1657 2080 2410
667A Lytt  200408242 2116 1757 1680 1137  604  569  690  769 1073 1699 2021 2031
667A Lytt  200408251 2330 2146 1631 1301 1016  569  301  764  758 1090 1664 2016
667A Lytt  200408252 1923 1967 1870 1247  808  623  289  306  610 1068 1443 1908
667A Lytt  200408261 2176 2270 1937 1631 1403  706  451  423  556  746 1215 1706
667A Lytt  200408262 2047 2110 2237 1820 1352  933  676  352  355  798 1151 1607
667A Lytt  200408271 2085 2497 2345 2307 1877 1424  821  613  550  479  718 1414
667A Lytt  200408272 1833 2010 2351 2294 1757 1406  871  512  230  403  756  973
667A Lytt  200408281 1608 2169 2241 2336 2173 1768 1139  865  464  188  349  827
667A Lytt  200408282 1218 1685 2187 2293 2063 1785 1257  775  294  202  275  569
667A Lytt  200408291  991 1718 2132 2222 2452 2118 1580 1119  687  244  137  336
667A Lytt  200408292  721 1234 1756 2126 2208 2057 1717 1127  557  301  180   68
667A Lytt  200408301  553 1133 1700 1886 2374 2349 1863 1586 1024  392  128  216
667A Lytt  200408302  208  625 1385 1900 2014 2213 2115 1604 1050  656  358  -20
667A Lytt  200408311  295  582 1111 1679 2112 2334 2281 1984 1443  947  568  172
667A Lytt  200408312  197  459  906 1488 1971 2179 2343 2244 1750 1300  807  367
667A Lytt  200409011  283  338  943 1289 1868 2287 2359 2409 2067 1339 1077  749
667A Lytt  200409012  340  426  755 1147 1685 2079 2282 2469 2137 1855 1299  812
667A Lytt  200409021  577  484  577  984 1619 1809 2216 2488 2183 1991 1566 1115
667A Lytt  200409022  684  608  595  955 1371 1913 2293 2403 2414 2304 1804 1266
667A Lytt  200409031  928  712  592  668 1221 1636 1935 2270 2470 2092 1784 1448
667A Lytt  200409032  937  482  595  627  801 1269 1775 2020 2185 2300 2068 1536
667A Lytt  200409041 1205  860  494  639  806 1121 1511 1930 2135 2105 2071 1764
667A Lytt  200409042 1212  936  699  512  631  956 1376 1730 1950 2283 2244 1804
667A Lytt  200409051 1532 1179  793  597  641  927 1047 1554 1966 1886 1965 1964
667A Lytt  200409052 1534 1073  885  624  469  588 1015 1228 1569 2024 1998 1975
667A Lytt  200409061 1673 1343 1025  639  571  612  731 1140 1351 1647 1938 1753
667A Lytt  200409062 1634 1434  990  749  498  401  616  843 1194 1604 1817 1887
667A Lytt  200409071 1796 1514 1288  862  593  575  499  739 1058 1202 1585 1770
667A Lytt  200409072 1674 1489 1264  947  573  418  443  695  834 1306 1648 1772
667A Lytt  200409081 1839 1832 1427 1143  939  616  473  614  847  949 1405 1640
667A Lytt  200409082 1826 1678 1545 1315  871  642  541  422  694 1168 1391 1623
667A Lytt  200409091 2019 2013 1682 1560 1288  833  498  701  678  695 1284 1558
667A Lytt  200409092 1729 1836 1841 1539 1201  950  673  378  611  963 1069 1432
667A Lytt  200409101 1863 1999 1894 1828 1500 1092  865  662  560  602 1085 1308
667A Lytt  200409102 1547 1957 1991 1741 1645 1169  867  628  543  769  930 1283
667A Lytt  200409111 1772 1923 2081 2139 1774 1504 1125  813  700  616  858 1183
667A Lytt  200409112 1524 1826 2103 2008 1947 1524 1212  911  618  587  733 1049
667A Lytt  200409121 1447 1815 2062 2142 2140 1770 1421 1135  706  533  791  860
667A Lytt  200409122 1287 1723 2054 2135 2119 1861 1555 1111  837  698  719  874
667A Lytt  200409131 1340 1826 2094 2232 2442 2323 1646 1465 1035  594  751  816
667A Lytt  200409132 1116 1498 2015 2276 2240 2142 1956 1482 1015  879  617  612
667A Lytt  200409141 1023 1438 1821 2217 2314 2321 2022 1572 1232  818  553  660
667A Lytt  200409142  781 1090 1701 2074 2106 2187 2199 1678 1200  997  646  392
667A Lytt  200409151  755 1153 1441 1992 2260 2246 2272 1895 1429  964  724  515
667A Lytt  200409152  655  858 1363 1865 2131 2221 2313 2003 1481 1356  768  520
667A Lytt  200409161  616  755 1189 1718 2087 2272 2378 2197 1847 1277  934  642
667A Lytt  200409162  521  619 1056 1436 1875 2176 2314 2192 1857 1636  990  703
667A Lytt  200409171  528  546  811 1269 1788 2009 2300 2323 2000 1615 1196  791
667A Lytt  200409172  521  577  772 1083 1644 1981 2253 2371 2314 1973 1465 1008
667A Lytt  200409181  769  518  633 1006 1307 1808 2272 2141 2431 2019 1657 1256
667A Lytt  200409182  715  684  646  822 1320 1703 2111 2339 2379 2367 1822 1283
667A Lytt  200409191 1181  534  501  756 1087 1452 1977 2295 2325 2229 2054 1549
667A Lytt  200409192  992  787  537  535  943 1216 1709 2058 2335 2464 2156 1770
667A Lytt  200409201 1404  928  640  608  690  968 1404 1841 2132 2128 2183 1820
667A Lytt  200409202 1264 1038  607  547  540  753 1391 1574 1989 2429 2287 2080
667A Lytt  200409211 1822 1312  898  623  561  755 1123 1442 1763 2184 2321 2086
667A Lytt  200409212 1808 1500  993  653  719  547  899 1305 1725 2213 2344 2362
667A Lytt  200409221 2091 1676 1409  870  654  625  800 1095 1452 1945 2300 2317
667A Lytt  200409222 2226 2020 1459 1116  857  664  699 1113 1393 1847 2343 2561
667A Lytt  200409231 2488 2278 2010 1361  964  886  553  847 1202 1342 1951 2338
667A Lytt  200409232 2292 2089 2014 1512  945  737  593  567  827 1403 1742 2100
667A Lytt  200409241 2404 2319 2119 1771 1248  777  576  443  559  868 1393 1730
667A Lytt  200409242 2127 2179 1977 1742 1240  818  465  281  429  740 1124 1619
667A Lytt  200409251 2081 2244 2256 1985 1522 1117  674  332  351  354  888 1298
667A Lytt  200409252 1704 2140 2148 2046 1681 1101  714  413  218  399  675 1154
667A Lytt  200409261 1660 2033 2313 2306 1876 1576 1054  501  416  239  464  852
667A Lytt  200409262 1465 1912 2069 2337 2211 1583 1278  771  419  332  439  864
667A Lytt  200409271 1319 1819 2188 2412 2328 2029 1618 1008  580  491  318  509
667A Lytt  200409272  974 1634 1987 2268 2421 2067 1691 1229  721  467  277  437
667A Lytt  200409281  817 1267 1873 2247 2238 2298 1919 1279  843  502  229  181
667A Lytt  200409282  531 1031 1480 1936 2229 2088 1958 1622  910  687  296  225
667A Lytt  200409291  393  824 1416 1768 2039 2224 2106 1670 1182  741  374  245
667A Lytt  200409292  225  583 1129 1739 1991 2268 2188 2001 1504  986  720  332
667A Lytt  200409301  423  570 1076 1540 1945 2225 2292 2136 1741 1214  856  432
667A Lytt  200409302  365  346  798 1433 1806 2045 2344 2230 1845 1563 1070  577
667A Lytt  200410011  538  459  673 1147 1567 1885 2185 2128 1971 1579 1100  819
667A Lytt  200410012  328  337  552  898 1291 1798 2080 2099 2135 1882 1331  921
667A Lytt  200410021  756  382  474  833 1252 1517 1984 2085 2043 1821 1475 1086
667A Lytt  200410022  620  543  349  726  955 1360 1786 2039 2092 2049 1670 1234
667A Lytt  200410031 1010  625  534  629  839 1192 1569 1810 1957 1915 1714 1339
667A Lytt  200410032  856  733  461  467  696 1132 1389 1828 2006 2133 1986 1560
667A Lytt  200410041 1286  921  753  567  809 1052 1369 1709 2026 2122 2067 1832
667A Lytt  200410042 1390 1152  812  719  647  918 1357 1587 1908 2143 2214 1921
667A Lytt  200410051 1713 1352 1009  909  822  920 1171 1572 1785 1989 2227 1972
667A Lytt  200410052 1710 1414 1082  871  623  843  956 1281 1750 1885 2047 2009
667A Lytt  200410061 1887 1559 1227  995  721  756 1044 1089 1482 1855 2019 1942
667A Lytt  200410062 1841 1754 1230 1046  898  633  830 1029 1389 1716 1994 2008
667A Lytt  200410071 2021 1744 1530 1137  819  763  649  893 1168 1406 1743 1978
667A Lytt  200410072 1798 1797 1580 1116  905  718  724  692 1127 1515 1681 1922
667A Lytt  200410081 2115 1806 1794 1412  980  846  666  682  813 1223 1520 1714
667A Lytt  200410082 1963 1891 1711 1465 1139  761  618  645  797 1134 1437 1735
667A Lytt  200410091 2042 2006 1866 1601 1319  909  690  624  627  908 1217 1605
667A Lytt  200410092 1859 1940 1917 1826 1336 1022  818  599  603  966 1236 1575
667A Lytt  200410101 2002 2154 2001 1955 1645 1235  845  688  718  671 1140 1388
667A Lytt  200410102 1722 1980 2090 2032 1675 1311  987  723  601  713 1029 1329
667A Lytt  200410111 1783 2148 2182 2191 2002 1611 1111  899  624  595  883 1154
667A Lytt  200410112 1529 2007 2104 2138 2031 1635 1228  885  740  550  716 1069
667A Lytt  200410121 1461 1866 2196 2222 2154 1847 1396  947  781  531  552  856
667A Lytt  200410122 1254 1713 2053 2166 2266 1899 1518 1199  733  550  568  825
667A Lytt  200410131 1169 1767 2003 2317 2321 2143 1858 1256  999  735  560  710
667A Lytt  200410132 1052 1513 1948 2361 2419 2352 1908 1530 1185  819  641  604
667A Lytt  200410141  838 1317 1806 2165 2312 2277 2073 1565 1151  775  569  464
667A Lytt  200410142  661 1090 1596 2045 2238 2369 2300 1888 1423 1064  624  497
667A Lytt  200410151  590  873 1460 1831 2195 2459 2402 2035 1569 1074  824  479
667A Lytt  200410152  438  831 1230 1750 2091 2486 2432 2161 1888 1324  965  550
667A Lytt  200410161  480  637  962 1510 1857 2250 2381 2244 1808 1440  991  507
667A Lytt  200410162  376  552  653 1218 1781 2118 2299 2347 2160 1648 1173  736
667A Lytt  200410171  455  338  468  972 1341 1754 2211 2152 1982 1842 1133  756
667A Lytt  200410172  403  300  342  702 1252 1694 1979 2366 2242 1944 1591 1037
667A Lytt  200410181  698  341  287  546  852 1359 1802 2075 2022 2010 1629 1048
667A Lytt  200410182  644  430  201  401  793 1211 1630 2132 2256 2211 2028 1488
667A Lytt  200410191 1043  651  350  334  451  951 1286 1757 1989 2075 1902 1530
667A Lytt  200410192  956  663  304  210  424  784 1097 1564 2122 2202 2090 1985
667A Lytt  200410201 1477  976  590  384  322  518  849 1276 1666 1963 2052 1876
667A Lytt  200410202 1512 1083  679  377  259  390  744 1198 1643 2014 2053 2299
667A Lytt  200410211 1909 1427 1026  655  290  292  661  824 1200 1820 2054 1959
667A Lytt  200410212 1882 1573 1022  652  440  241  384  738 1197 1614 2037 2203
667A Lytt  200410221 2119 1895 1482 1032  533  444  265  560  882 1358 1803 2083
667A Lytt  200410222 2071 1952 1631 1137  654  456  298  407  828 1243 1670 2029
667A Lytt  200410231 2220 2170 1865 1519 1029  546  428  398  427 1035 1493 1833
667A Lytt  200410232 2182 2272 2021 1711 1242  863  481  437  668  955 1339 1899
667A Lytt  200410241 2220 2334 2254 2058 1456  967  740  416  301  682 1078 1498
667A Lytt  200410242 1826 2241 2305 1969 1702 1292  700  533  467  510  910 1417
667A Lytt  200410251 1823 2064 2225 2218 1767 1401  964  512  328  386  634  958
667A Lytt  200410252 1527 1942 2113 2134 2008 1518 1028  614  487  334  412  989
667A Lytt  200410261 1403 1809 2091 2330 2027 1722 1310  844  406  304  503  533
667A Lytt  200410262 1054 1777 1935 2048 2257 1930 1365  990  788  306  333  662
667A Lytt  200410271  972 1438 1906 2144 2121 2011 1715 1124  659  538  296  380
667A Lytt  200410272  759 1312 1684 2009 2285 2174 1838 1507 1110  629  477  487
667A Lytt  200410281  715 1102 1604 1956 2201 2244 2002 1634 1111  762  527  408
667A Lytt  200410282  495  953 1442 1738 2099 2398 2141 1795 1620 1011  623  604
667A Lytt  200410291  686  746 1389 1802 1997 2185 2441 1993 1519 1325  884  457
667A Lytt  200410292  596  852 1224 1578 2121 2420 2295 2281 2065 1419 1087  942
667A Lytt  200410301  605  723 1110 1535 1752 2050 2393 2124 1764 1667 1107  607
667A Lytt  200410302  579  539  679 1175 1681 1984 2077 2291 2096 1622 1317  975
667A Lytt  200410311  606  574  732 1022 1377 1627 2082 2065 1837 1749 1322  863
667A Lytt  200410312  654  554  595  767 1355 1684 1825 2069 2213 1740 1471 1220
667A Lytt  200411011  772  538  479  767  981 1285 1664 1908 1829 1875 1558 1053
667A Lytt  200411012  874  636  526  518  978 1414 1546 1895 2208 1972 1637 1618
667A Lytt  200411021 1081  687  662  630  768 1071 1541 1665 1785 2010 1742 1266
667A Lytt  200411022 1107  834  498  520  768 1075 1263 1648 2014 1964 1798 1786
667A Lytt  200411031 1269  912  707  612  552  762 1213 1419 1567 1937 1889 1521
667A Lytt  200411032 1334 1075  743  575  659  875 1012 1484 1810 1931 1989 1959
667A Lytt  200411041 1569 1246  976  684  671  633  998 1292 1445 1816 2130 1779
667A Lytt  200411042 1719 1474  998  684  766  761  881 1190 1702 1715 1965 2156
667A Lytt  200411051 1725 1524 1194  796  602  606  748  882 1227 1661 1780 1753
667A Lytt  200411052 1878 1536 1192  900  758  503  619  934 1195 1482 1848 2047
667A Lytt  200411061 1782 1822 1336 1126  728  513  680  593  964 1435 1574 1749
667A Lytt  200411062 1933 1737 1537 1061  886  668  435  723 1022 1231 1661 1966
667A Lytt  200411071 1870 1962 1740 1259  976  623  546  451  695 1054 1382 1659
667A Lytt  200411072 1949 1835 1679 1481 1036  721  532  457  658 1051 1418 1742
667A Lytt  200411081 1976 2070 1888 1686 1219  894  649  465  532  870 1221 1526
667A Lytt  200411082 1906 1967 1974 1799 1365 1002  635  519  593  746 1165 1573
667A Lytt  200411091 1809 2205 2087 1916 1634 1166  784  517  462  645  929 1350
667A Lytt  200411092 1774 1945 2153 2088 1704 1371  961  639  513  529  868 1211
667A Lytt  200411101 1688 1919 2157 2162 1862 1425 1058  578  365  508  554  944
667A Lytt  200411102 1519 1776 2017 2215 1993 1632 1201  799  466  363  495  875
667A Lytt  200411111 1260 1763 2002 2200 2173 1750 1308  901  531  411  379  648
667A Lytt  200411112 1206 1555 1934 2257 2205 2016 1672 1100  734  464  353  518
667A Lytt  200411121  972 1397 1807 2158 2272 2030 1726 1339  769  522  327  398
667A Lytt  200411122  808 1236 1742 2147 2379 2351 2074 1563 1118  739  359  378
667A Lytt  200411131  562 1065 1464 1932 2266 2206 2145 1759 1136  778  496  328
667A Lytt  200411132  438  852 1398 1889 2286 2556 2385 2051 1719 1121  663  488
667A Lytt  200411141  411  684 1127 1685 2123 2321 2451 2245 1687 1275  917  448
667A Lytt  200411142  466  600 1093 1491 2159 2555 2565 2459 2300 1698 1317  784
667A Lytt  200411151  496  667  708 1316 1789 2155 2444 2620 2104 1933 1412  902
667A Lytt  200411152  789  530  887 1225 1784 2231 2551 2616 2696 2227 1693 1308
667A Lytt  200411161  687  622  505  760 1323 1739 2074 2413 2386 2114 1716 1161
667A Lytt  200411162  728  390  349  559 1062 1500 2013 2445 2551 2331 2206 1618
667A Lytt  200411171 1107  765  449  432  774 1202 1532 2046 2313 2313 1979 1619
667A Lytt  200411172 1252  614  480  384  628 1065 1570 1936 2373 2490 2366 2035
667A Lytt  200411181 1576 1176  585  458  426  640 1165 1525 1900 2345 2235 1919
667A Lytt  200411182 1708 1014  712  417  374  539 1006 1387 1865 2294 2375 2205
667A Lytt  200411191 1944 1513  985  613  490  375  725 1092 1508 1982 2254 2131
667A Lytt  200411192 2039 1647 1049  765  437  528  547  979 1544 1916 2226 2351
667A Lytt  200411201 2190 1877 1535  916  534  531  465  663 1208 1627 2018 2224
667A Lytt  200411202 2286 1950 1671 1147  842  401  458  657  970 1442 1887 2172
667A Lytt  200411211 2223 2207 1851 1386  958  621  399  434  764 1221 1599 1986
667A Lytt  200411212 2327 2118 1979 1645 1063  741  552  394  682 1028 1563 1907
667A Lytt  200411221 2131 2395 2170 1776 1502  908  589  541  483  930 1212 1724
667A Lytt  200411222 2116 2220 2224 2071 1670 1231  861  631  627  807 1159 1640
667A Lytt  200411231 2052 2250 2378 2127 1910 1395 1017  754  493  778  976 1418
667A Lytt  200411232 1955 2221 2461 2292 2162 1783 1125  980  749  563 1005 1269
667A Lytt  200411241 1733 2155 2293 2363 2369 1751 1393  996  667  723  690  980
667A Lytt  200411242 1592 1863 2130 2314 2268 1931 1510 1218  879  693  674  976
667A Lytt  200411251 1294 1713 2054 2157 2266 2042 1718 1249  701  780  623  906
667A Lytt  200411252 1196 1597 1993 2336 2358 2276 1908 1579 1172  790  791  754
667A Lytt  200411261 1025 1544 1841 2108 2341 2242 1990 1601 1301  890  682  738
667A Lytt  200411262 1057 1232 1796 2161 2301 2470 2238 1808 1496 1211  853  760
667A Lytt  200411271  828 1289 1565 1852 2291 2356 2188 1914 1614 1221  854  801
667A Lytt  200411272  873  988 1532 1929 2199 2347 2388 2113 1735 1424 1068  825
667A Lytt  200411281  754 1002 1280 1565 1993 2165 2103 2061 1760 1361 1058  773
667A Lytt  200411282  809  731 1207 1643 1961 2227 2447 2314 2008 1741 1313  964
667A Lytt  200411291  828  853  977 1405 1854 1918 2214 2279 1922 1725 1344  955
667A Lytt  200411292  883  727 1044 1251 1657 2050 2206 2330 2215 1919 1501 1227
667A Lytt  200411301  906  854  795 1107 1456 1784 2016 2193 2166 1968 1573 1263
667A Lytt  200411302 1073  793  871 1121 1558 1763 2097 2325 2349 2084 1866 1489
667A Lytt  200412011 1047 1000  787  878 1259 1580 1760 2031 2300 1950 1823 1599
667A Lytt  200412012 1192  811  973  896 1087 1624 1803 2147 2424 2221 2084 1831
667A Lytt  200412021 1372  995  787  930  976 1254 1561 1803 2064 2117 1924 1748
667A Lytt  200412022 1357  950  917  839  857 1145 1580 1860 2049 2288 2112 1890
667A Lytt  200412031 1602 1285  852  780  846 1013 1282 1586 1913 2122 2021 1840
667A Lytt  200412032 1652 1225  948  866  795  881 1357 1582 1826 2213 2211 2035
667A Lytt  200412041 1802 1633 1164  863  913  881 1057 1352 1690 2008 2137 1996
667A Lytt  200412042 1850 1455 1185  912  750  791 1045 1203 1658 1969 2168 2219
667A Lytt  200412051 1943 1745 1409  928  875  681  789 1042 1454 1784 1932 2167
667A Lytt  200412052 2068 1687 1537 1130  940  726  839 1181 1419 1685 2165 2172
667A Lytt  200412061 2094 2087 1527 1213 1047  689  626  849 1110 1525 1560 2036
667A Lytt  200412062 2115 1631 1708 1280  828  766  512  650  955 1309 1661 1978
667A Lytt  200412071 2095 1975 1693 1366 1060  586  471  523  725 1066 1416 1821
667A Lytt  200412072 1894 1936 1825 1462 1041  873  437  475  674  942 1373 1657
667A Lytt  200412081 2047 2120 1854 1702 1247  921  593  446  583  870 1212 1620
667A Lytt  200412082 2025 2045 2002 1939 1490 1259  772  586  605  830 1103 1587
667A Lytt  200412091 1963 2226 2321 2087 1779 1299  935  610  548  819  972 1583
667A Lytt  200412092 2007 2236 2423 2411 2086 1735 1366  991  761  832 1036 1248
667A Lytt  200412101 1834 2314 2518 2388 2366 1983 1357  997  895  781  802 1346
667A Lytt  200412102 1931 2095 2592 2716 2559 2249 1835 1407  907  808  856  925
667A Lytt  200412111 1504 2073 2359 2515 2635 2308 1839 1329  984  743  562  900
667A Lytt  200412112 1295 1725 2256 2584 2628 2607 2183 1648 1156  793  690  580
667A Lytt  200412121  893 1539 1885 2224 2488 2485 2097 1651 1243  729  500  495
667A Lytt  200412122  719 1091 1839 2287 2505 2695 2581 2115 1632 1157  735  508
667A Lytt  200412131  585  958 1387 1831 2335 2534 2425 2099 1628 1151  647  523
667A Lytt  200412132  423  550 1282 1802 2140 2621 2677 2418 2136 1571 1026  584
667A Lytt  200412141  423  531  779 1311 1900 2202 2372 2479 1979 1485 1043  578
667A Lytt  200412142  341  343  694 1110 1766 2242 2564 2672 2461 1997 1567  888
667A Lytt  200412151  675  393  477  729 1398 1889 2183 2489 2416 2048 1570 1103
667A Lytt  200412152  676  284  398  762 1089 1787 2299 2548 2581 2488 2046 1491
667A Lytt  200412161 1049  672  404  448  947 1424 1799 2303 2535 2430 2077 1629
667A Lytt  200412162 1163  672  349  535  757 1178 1837 2325 2455 2680 2490 1920
667A Lytt  200412171 1497 1087  620  473  645 1027 1325 1895 2352 2575 2315 2075
667A Lytt  200412172 1670 1074  749  472  577  777 1273 1725 2157 2490 2596 2370
667A Lytt  200412181 1893 1623 1016  585  686  625  893 1525 1898 2238 2580 2277
667A Lytt  200412182 2126 1533 1257  859  616  760  979 1504 1913 2340 2558 2535
667A Lytt  200412191 2456 2030 1543 1066  837  673  642 1073 1534 2003 2237 2530
667A Lytt  200412192 2467 2041 1686 1300  895  674  746 1058 1315 1816 2193 2390
667A Lytt  200412201 2433 2271 1798 1487  990  700  633  661 1035 1512 1828 2186
667A Lytt  200412202 2473 2113 1951 1700 1146  805  730  757  858 1357 1788 2052
667A Lytt  200412211 2217 2417 2005 1629 1347  845  608  551  730 1045 1464 1955
667A Lytt  200412212 2236 2286 2215 1922 1528 1192  862  703  704 1008 1366 1703
667A Lytt  200412221 2043 2218 2197 1918 1608 1274  738  614  638  740 1048 1617
667A Lytt  200412222 1968 2126 2271 2200 1799 1480 1212  743  726  910  996 1342
667A Lytt  200412231 1798 2135 2186 2097 2032 1569 1070  896  624  644  854 1288
667A Lytt  200412232 1636 1977 2260 2343 2110 1879 1526 1040  867  769  841 1107
667A Lytt  200412241 1424 1938 2024 2199 2185 1871 1448 1097  813  665  657 1014
667A Lytt  200412242 1317 1681 2048 2330 2173 2096 1771 1268 1015  814  724  819
667A Lytt  200412251 1125 1560 1800 1975 2215 2064 1578 1404 1049  635  648  781
667A Lytt  200412252  970 1371 1850 2078 2254 2215 1952 1681 1117  973  736  651
667A Lytt  200412261  889 1203 1608 1759 2175 2091 1814 1587 1230  898  557  676
667A Lytt  200412262  764 1000 1407 1810 1983 2192 2099 1872 1417  955  810  579
667A Lytt  200412271  610  861 1180 1464 1947 1866 1717 1714 1111 1110  529  647
667A Lytt  200412272  639  778 1146 1568 1916 2047 2294 1942 1654 1335  999  837
667A Lytt  200412281  651  672 1038 1346 1538 2001 1935 1829 1615 1310  813  859
667A Lytt  200412282  601  566  975 1262 1685 2015 2185 2063 1873 1583 1170  872
667A Lytt  200412291  643  728  614  960 1625 1482 1868 2026 1786 1456 1242  911
667A Lytt  200412292  509  669  715  955 1311 1818 1962 2029 2219 1810 1291 1267
667A Lytt  200412301  826  567  772 1031 1248 1528 1961 2038 2016 1894 1486 1170
667A Lytt  200412302 1042  680  818  743 1226 1729 1885 2202 2287 2161 1817 1498
667A Lytt  200412311 1278  782  799  822 1089 1305 1699 2042 1925 2145 1802 1392
667A Lytt  200412312 1230  904  597  787 1044 1365 1682 2012 2215 2163 2016 1674
