667A Lyttelton          New Zealand         2016 43360S 172430E 0000 3 00000R MM
667A Lytt  201601011 1624 1295  927  586  457  694 1006 1140 1569 2096 2042 1989
667A Lytt  201601012 1893 1454 1051  832  603  658  842 1325 1674 1831 2142 2180
667A Lytt  201601021 1910 1584 1390  961  618  760  745 1078 1475 1845 2037 2280
667A Lytt  201601022 2186 1737 1650 1169  841  836  886 1044 1410 1854 1989 2205
667A Lytt  201601031 2102 2060 1636 1221  934  805  754  956 1277 1641 1961 2156
667A Lytt  201601032 2311 1996 1835 1521 1012  884  845  774 1110 1539 1724 1860
667A Lytt  201601041 2161 1987 1776 1369 1148  784  617  742  864 1191 1621 1921
667A Lytt  201601042 2037 2100 1898 1581 1262  961  660  702  816 1148 1377 1718
667A Lytt  201601051 2017 2044 1833 1631 1317  956  664  606  681  934 1214 1589
667A Lytt  201601052 1996 1965 1974 1856 1429 1136  842  690  703  864 1196 1477
667A Lytt  201601061 1808 2102 2034 1729 1700 1210  812  676  588  686  930 1474
667A Lytt  201601062 1756 1971 2194 2083 1580 1507 1138  769  591  832  930 1234
667A Lytt  201601071 1734 2024 2128 2070 1974 1624 1132  817  633  621  900 1255
667A Lytt  201601072 1684 2009 2275 2398 2177 1986 1645 1170  945  953  924 1073
667A Lytt  201601081 1709 1948 2213 2481 2355 2049 1793 1365  983  906  977 1177
667A Lytt  201601082 1523 1987 2356 2399 2431 2298 1866 1594 1196  905  864  941
667A Lytt  201601091 1117 1842 2142 2197 2552 2334 1911 1653 1207  859  744 1082
667A Lytt  201601092 1253 1538 2122 2603 2442 2454 2396 1842 1504 1088  964  804
667A Lytt  201601101 1074 1494 1955 2137 2502 2544 2182 1930 1452 1088  705  743
667A Lytt  201601102  852 1123 1679 2131 2304 2600 2402 2111 1694 1261  859  623
667A Lytt  201601111  659  939 1373 1797 2126 2429 2355 2014 1743 1272  809  635
667A Lytt  201601112  664  711 1233 1750 2077 2395 2648 2373 2048 1576 1157  725
667A Lytt  201601121  629  781  907 1444 1953 2238 2394 2310 2083 1648 1081  793
667A Lytt  201601122  585  538  803 1285 1654 2226 2520 2456 2255 1929 1501  838
667A Lytt  201601131  531  581  529  800 1539 1833 2162 2420 2335 1871 1519 1156
667A Lytt  201601132  542  448  511  807 1181 1806 2196 2431 2409 2381 1839 1239
667A Lytt  201601141  888  649  385  493 1068 1485 1681 2371 2550 2106 1921 1559
667A Lytt  201601142 1005  609  544  564  853 1435 1820 2269 2422 2588 2106 1796
667A Lytt  201601151 1377  826  437  391  646 1040 1467 1955 2264 2426 2360 1966
667A Lytt  201601152 1458  845  712  403  503  912 1312 1785 2288 2386 2399 2247
667A Lytt  201601161 1657 1303  805  391  537  630  959 1525 2011 2297 2436 2393
667A Lytt  201601162 1926 1399 1093  657  372  726  945 1233 1749 2294 2373 2245
667A Lytt  201601171 2219 1657 1099  761  515  355  597 1162 1408 1963 2413 2433
667A Lytt  201601172 2204 1912 1496  917  657  537  530  899 1273 1825 2180 2319
667A Lytt  201601181 2365 2098 1578 1142  737  439  415  665  989 1636 2010 2395
667A Lytt  201601182 2501 2266 1941 1485  985  689  519  702  887 1359 1844 2168
667A Lytt  201601191 2401 2428 2031 1658 1225  765  387  400  739 1053 1615 2190
667A Lytt  201601192 2442 2472 2378 2001 1508 1142  702  628  668  975 1447 1911
667A Lytt  201601201 2313 2461 2410 2064 1699 1201  650  545  441  745 1120 1726
667A Lytt  201601202 2128 2376 2517 2404 1842 1573 1004  571  615  615  922 1462
667A Lytt  201601211 1892 2222 2431 2374 2037 1603 1049  737  363  521  741 1209
667A Lytt  201601212 1774 2168 2525 2499 2283 2024 1441 1053  623  562  727  937
667A Lytt  201601221 1474 2051 2277 2473 2432 2009 1553 1084  738  473  519  918
667A Lytt  201601222 1330 1857 2290 2486 2500 2424 1850 1429  955  698  593  689
667A Lytt  201601231 1039 1593 2015 2315 2531 2328 1937 1545 1017  698  416  637
667A Lytt  201601232  841 1372 2003 2308 2484 2654 2262 1744 1454  944  587  634
667A Lytt  201601241  774 1157 1682 2004 2403 2498 2233 1943 1423 1019  661  492
667A Lytt  201601242  726  914 1552 2038 2328 2621 2533 2139 1795 1325  889  611
667A Lytt  201601251  668  783 1279 1709 2082 2384 2431 2175 1875 1329 1011  666
667A Lytt  201601252  571  732 1098 1630 1998 2383 2528 2268 2160 1555 1179  772
667A Lytt  201601261  584  712  812 1347 1864 2061 2411 2400 2059 1694 1390  864
667A Lytt  201601262  627  592  745 1234 1671 2073 2379 2493 2256 1899 1461 1096
667A Lytt  201601271  742  566  743  937 1415 1773 2099 2209 2272 1980 1510 1176
667A Lytt  201601272  811  550  636  831 1255 1714 2076 2316 2215 2185 1758 1248
667A Lytt  201601281  996  715  595  733 1117 1522 1786 2102 2252 2150 1850 1540
667A Lytt  201601282 1089  760  737  679  999 1473 1830 2059 2270 2312 2013 1565
667A Lytt  201601291 1280  928  630  659  922 1130 1482 1951 2093 2063 2059 1714
667A Lytt  201601292 1283  939  698  652  656 1155 1454 1723 2069 2178 2078 1796
667A Lytt  201601301 1435 1166  724  634  731  853 1211 1563 1788 1954 2149 1902
667A Lytt  201601302 1490 1231  950  607  703  844 1062 1488 1867 1968 2058 2068
667A Lytt  201601311 1697 1297 1078  776  670  682 1031 1274 1465 2013 2018 2036
667A Lytt  201601312 1818 1448 1197  855  764  760  937 1286 1565 1809 2131 2061
667A Lytt  201602011 1833 1678 1302  981  828  727  831 1055 1473 1713 1970 2190
667A Lytt  201602012 2009 1765 1583 1204  856  900  902  983 1424 1701 1872 2136
667A Lytt  201602021 2095 1822 1663 1268  950  857  768  934 1169 1559 1815 2031
667A Lytt  201602022 2184 1934 1769 1488 1085  940  838  798 1081 1421 1765 1880
667A Lytt  201602031 2190 2024 1785 1598 1240  882  771  828  927 1280 1710 1958
667A Lytt  201602032 2087 2210 2036 1776 1357 1160  924  717 1007 1259 1483 1852
667A Lytt  201602041 2131 2130 2077 1845 1510 1099  961  722  859 1099 1469 1839
667A Lytt  201602042 2144 2324 2236 2125 1777 1437 1117  859  914  931 1268 1647
667A Lytt  201602051 1979 2276 2262 2155 1973 1410 1090  920  733  784 1180 1595
667A Lytt  201602052 1924 2133 2340 2310 1919 1795 1282  865  781  887  831 1305
667A Lytt  201602061 1788 2008 2198 2318 2118 1681 1356  956  662  701  859 1228
667A Lytt  201602062 1577 1963 2285 2389 2232 2082 1627 1119  875  696  682  954
667A Lytt  201602071 1310 1840 2087 2225 2346 1941 1591 1129  762  620  558  719
667A Lytt  201602072 1200 1618 2082 2300 2347 2291 1878 1389  972  669  488  569
667A Lytt  201602081  876 1405 1815 2198 2349 2222 1950 1586  920  652  622  459
667A Lytt  201602082  831 1301 1853 2141 2450 2579 2316 1864 1388  991  645  511
667A Lytt  201602091  702 1036 1577 2040 2410 2431 2347 2033 1460 1002  653  367
667A Lytt  201602092  498  782 1370 1804 2243 2565 2504 2165 1843 1313  818  451
667A Lytt  201602101  549  609 1054 1728 2095 2298 2545 2387 1900 1395  955  568
667A Lytt  201602102  379  477  872 1416 1983 2432 2583 2495 2357 1784 1147  779
667A Lytt  201602111  536  369  656 1206 1733 2096 2508 2614 2220 1967 1449  870
667A Lytt  201602112  484  444  474  891 1526 2018 2373 2560 2533 2151 1648 1108
667A Lytt  201602121  727  420  407  654 1213 1679 2118 2515 2461 2271 1950 1298
667A Lytt  201602122  779  426  383  386  873 1518 1883 2204 2561 2350 2047 1572
667A Lytt  201602131 1058  600  319  417  673 1120 1692 2189 2359 2507 2341 1782
667A Lytt  201602132 1333  862  487  324  579  997 1419 1939 2369 2482 2388 2113
667A Lytt  201602141 1591 1015  711  494  424  715 1248 1722 2179 2463 2545 2315
667A Lytt  201602142 1819 1454  834  532  450  637  954 1409 2019 2325 2391 2522
667A Lytt  201602151 2056 1534 1145  759  464  410  840 1296 1676 2218 2512 2473
667A Lytt  201602152 2285 1855 1475  887  643  592  629 1051 1554 1980 2278 2527
667A Lytt  201602161 2379 2035 1670 1131  795  515  600  871 1279 1835 2304 2532
667A Lytt  201602162 2576 2349 2010 1539 1016  809  680  709 1207 1646 1970 2334
667A Lytt  201602171 2688 2375 2055 1825 1209  742  692  634  766 1414 2007 2240
667A Lytt  201602172 2551 2531 2172 2076 1418 1065  690  586  851 1159 1520 1974
667A Lytt  201602181 2300 2411 2284 2279 1661 1142  839  789  529 1024 1623 1867
667A Lytt  201602182 2265 2656 2652 2264 2035 1551 1026  795  769  713 1306 1611
667A Lytt  201602191 2107 2318 2379 2512 2103 1610 1149  800  524  601 1181 1480
667A Lytt  201602192 1865 2396 2601 2403 2329 1939 1284  937  779  721  774 1358
667A Lytt  201602201 1726 2093 2345 2500 2363 1863 1632 1037  687  591  726 1067
667A Lytt  201602202 1337 2085 2366 2313 2526 2287 1699 1186 1007  690  550  837
667A Lytt  201602211 1339 1665 1994 2404 2375 2026 1906 1381  706  697  626  596
667A Lytt  201602212  968 1563 2021 2094 2418 2385 1868 1470 1194  708  458  637
667A Lytt  201602221  761 1200 1720 2039 2226 2304 1996 1700 1099  763  636  510
667A Lytt  201602222  689 1166 1598 1991 2191 2400 2227 1776 1460 1018  682  474
667A Lytt  201602231  733  923 1203 1989 2081 2172 2301 1930 1462 1128  813  508
667A Lytt  201602232  545  788 1295 1586 2120 2369 2173 1981 1822 1293  838  680
667A Lytt  201602241  656  724 1046 1620 1967 2073 2301 2288 1734 1499 1250  706
667A Lytt  201602242  620  740 1028 1450 1842 2245 2375 2239 2042 1828 1124  912
667A Lytt  201602251  737  698  921 1288 1720 1949 2303 2296 1958 1798 1501  903
667A Lytt  201602252  647  755  826 1076 1609 2023 2123 2272 2267 1936 1503 1275
667A Lytt  201602261  913  717  813 1138 1515 1775 2185 2306 2104 2099 1757 1276
667A Lytt  201602262 1007  836  752  886 1425 1714 2013 2270 2325 2180 1842 1458
667A Lytt  201602271 1210  914  782 1016 1216 1479 1789 2163 2172 2034 2084 1503
667A Lytt  201602272 1125  960  805  740 1053 1555 1755 1896 2339 2220 1894 1739
667A Lytt  201602281 1432  994  779  949 1006 1190 1680 2077 2053 2173 2328 1811
667A Lytt  201602282 1464 1336  994  865  948 1368 1553 1722 2175 2300 2204 1901
667A Lytt  201602291 1722 1393 1075 1017 1068 1033 1440 1810 1899 2211 2245 2046
667A Lytt  201602292 1684 1429 1224  849  861 1156 1273 1416 1956 2165 2113 2025
667A Lytt  201603011 1879 1527 1099 1096  949  769 1239 1604 1601 2016 2350 2164
667A Lytt  201603012 1847 1725 1391 1011  884  924 1036 1121 1633 1876 1929 2067
667A Lytt  201603021 1931 1612 1323 1118  928  707  845 1195 1402 1706 2065 2047
667A Lytt  201603022 1913 1818 1551 1177  896  796  814  840 1218 1699 1811 1915
667A Lytt  201603031 2169 1716 1470 1294  946  680  729  884 1069 1370 1910 1992
667A Lytt  201603032 1984 2060 1868 1251 1090 1005  582  617 1028 1282 1503 1838
667A Lytt  201603041 2106 1960 1684 1642 1178  734  767  752  633 1228 1693 1778
667A Lytt  201603042 2028 2257 1921 1700 1461 1089  716  622  804 1025 1341 1741
667A Lytt  201603051 2124 2123 2047 2006 1488 1122  944  765  646 1013 1473 1610
667A Lytt  201603052 2071 2409 2222 2115 1862 1470  980  752  799  736 1111 1541
667A Lytt  201603061 1905 2089 2298 2208 1883 1423 1140  761  503  755  996 1318
667A Lytt  201603062 1778 2220 2325 2291 2239 1736 1328  838  639  573  830 1073
667A Lytt  201603071 1645 2056 2185 2386 2245 1870 1439 1007  630  553  751  981
667A Lytt  201603072 1555 2027 2258 2536 2553 2252 1839 1264  916  621  604  731
667A Lytt  201603081 1237 1801 2070 2525 2553 2218 1955 1398  837  509  493  661
667A Lytt  201603082  855 1511 2137 2314 2576 2513 2061 1593 1126  703  396  469
667A Lytt  201603091  733 1211 1805 2284 2465 2531 2339 1786 1268  764  542  382
667A Lytt  201603092  581  975 1669 2101 2580 2718 2595 2239 1727 1147  691  434
667A Lytt  201603101  417  906 1344 1979 2409 2720 2811 2299 1867 1238  755  542
667A Lytt  201603102  344  568 1252 1814 2367 2654 2911 2698 2265 1718 1197  656
667A Lytt  201603111  479  519  757 1448 1994 2331 2735 2673 2278 1837 1281  698
667A Lytt  201603112  365  332  602  994 1590 2194 2418 2480 2530 2108 1298 1006
667A Lytt  201603121  546  192  333  800 1262 1773 2428 2500 2338 2235 1721 1029
667A Lytt  201603122  522  356  238  324  964 1563 1903 2265 2462 2256 1737 1372
667A Lytt  201603131  783  303  217  310  668 1195 1854 2156 2380 2516 2124 1614
667A Lytt  201603132 1012  656  343  187  545 1049 1500 2001 2387 2409 2300 1856
667A Lytt  201603141 1388  845  431  427  375  783 1370 1816 2182 2578 2448 2146
667A Lytt  201603142 1783 1151  706  485  407  677 1091 1560 2003 2426 2399 2266
667A Lytt  201603151 1896 1399  884  615  411  463  907 1361 1841 2229 2598 2420
667A Lytt  201603152 2225 1761 1271  854  615  468  706 1121 1529 2004 2265 2372
667A Lytt  201603161 2207 1814 1404  941  476  433  506  775 1334 1791 2170 2427
667A Lytt  201603162 2318 2086 1612 1149  886  385  435  720 1026 1408 2009 2218
667A Lytt  201603171 2202 2222 1757 1336  874  638  376  482  829 1323 1670 2155
667A Lytt  201603172 2369 2193 2018 1614 1139  671  534  484  622 1068 1541 1871
667A Lytt  201603181 2168 2285 2138 1719 1285  914  595  399  551  924 1385 1769
667A Lytt  201603182 2203 2365 2207 2050 1626 1003  810  625  410  814 1242 1564
667A Lytt  201603191 1941 2325 2292 2026 1739 1361  852  576  552  665  948 1460
667A Lytt  201603192 1948 2281 2283 2260 2084 1451 1087  812  518  606  949 1255
667A Lytt  201603201 1675 2101 2324 2266 2085 1711 1264  842  702  572  767 1114
667A Lytt  201603202 1661 2009 2244 2444 2303 1937 1472 1127  706  650  785  998
667A Lytt  201603211 1439 1882 2228 2358 2277 2100 1683 1217  894  671  651  924
667A Lytt  201603212 1307 1775 2126 2390 2419 2188 1866 1442  979  858  768  782
667A Lytt  201603221 1133 1634 1993 2161 2427 2307 2045 1524 1157  806  649  816
667A Lytt  201603222 1007 1395 1905 2283 2297 2449 2154 1759 1356 1036  814  716
667A Lytt  201603231  986 1298 1766 2134 2377 2341 2352 1988 1528 1148  912  833
667A Lytt  201603232  825 1130 1659 2024 2232 2452 2295 2124 1734 1150 1087  729
667A Lytt  201603241  880 1202 1530 1978 2201 2429 2448 1975 1968 1401 1029  812
667A Lytt  201603242  877  975 1252 1795 2004 2218 2357 2170 1718 1455 1225  690
667A Lytt  201603251  748  957 1026 1551 2003 2121 2277 2268 2043 1546 1244  968
667A Lytt  201603252  718  810 1018 1320 1797 2048 2224 2173 1981 1732 1320 1011
667A Lytt  201603261  694  816  952 1271 1661 2000 2242 2212 2194 1894 1478 1154
667A Lytt  201603262  911  735  898 1252 1401 1836 2154 2204 2038 1908 1665 1142
667A Lytt  201603271  964  932  755 1131 1484 1720 2113 2284 2290 2063 1791 1424
667A Lytt  201603272 1075  871  802 1090 1320 1623 1973 2232 2154 2198 1950 1459
667A Lytt  201603281 1159 1045  862  864 1278 1490 1822 2157 2249 2108 2078 1619
667A Lytt  201603282 1233 1068  775  859 1061 1289 1629 1989 2022 2181 2047 1663
667A Lytt  201603291 1355 1101  856  821 1054 1255 1655 1883 2137 2180 2107 1948
667A Lytt  201603292 1526 1186  927  877  926 1075 1372 1728 1930 1982 2240 1825
667A Lytt  201603301 1455 1355  949  693  860 1056 1247 1575 1976 2025 2139 2095
667A Lytt  201603302 1725 1341 1120  925  725  871 1088 1365 1710 1927 2110 1958
667A Lytt  201603311 1743 1470 1168  867  763  864  972 1326 1651 1895 2071 2194
667A Lytt  201603312 1945 1674 1319 1044  803  675  814 1168 1426 1761 2097 2054
667A Lytt  201604011 1981 1817 1343 1142  911  783  869 1020 1433 1767 2021 2237
667A Lytt  201604012 2176 2016 1705 1297 1092  725  757  958 1154 1548 1936 2115
667A Lytt  201604021 2119 2124 1735 1359 1075  839  719  829 1110 1406 1829 2180
667A Lytt  201604022 2287 2239 2053 1678 1249  966  701  772  887 1298 1767 2012
667A Lytt  201604031 2244 2359 2145 1730 1427 1007  759  680  878 1144 1557 1941
667A Lytt  201604032 2240 2346 2316 2007 1565 1120  854  541  627  870 1324 1729
667A Lytt  201604041 1947 2352 2305 2011 1727 1325  888  600  565  819 1054 1619
667A Lytt  201604042 2086 2276 2441 2392 2012 1508 1031  765  408  557  973 1252
667A Lytt  201604051 1815 2272 2423 2325 2153 1708 1193  723  589  384  705 1110
667A Lytt  201604052 1736 2053 2361 2532 2347 1939 1423 1020  532  372  646  845
667A Lytt  201604061 1268 2069 2325 2354 2544 2269 1578 1124  850  410  280  791
667A Lytt  201604062 1215 1683 2165 2609 2570 2347 1949 1419  741  648  394  479
667A Lytt  201604071  951 1589 2098 2379 2694 2701 2210 1596 1282  645  351  547
667A Lytt  201604072  795 1244 1942 2369 2617 2714 2376 1999 1319 1004  586  396
667A Lytt  201604081  561 1109 1724 2241 2625 2939 2626 2354 1759 1214  587  407
667A Lytt  201604082  457  610 1242 1890 2242 2516 2641 2365 1775 1341  761  303
667A Lytt  201604091  262  478  973 1455 2119 2574 2630 2570 2236 1551  974  569
667A Lytt  201604092  336  214  611 1276 1715 2103 2606 2599 2206 1832 1346  657
667A Lytt  201604101  332  406  425  919 1602 2179 2471 2671 2710 2088 1575 1164
667A Lytt  201604102  622  256  452  819 1207 1702 2359 2666 2434 2419 2012 1233
667A Lytt  201604111  789  619  362  540 1189 1718 2023 2681 2835 2481 2273 1765
667A Lytt  201604112 1229  690  548  646  848 1277 1836 2306 2468 2756 2398 1966
667A Lytt  201604121 1321 1053  583  405  785 1170 1614 2170 2671 2622 2598 2221
667A Lytt  201604122 1726 1141  726  596  461  814 1251 1718 2175 2494 2485 2253
667A Lytt  201604131 1774 1327  880  496  549  779 1065 1580 2126 2417 2543 2535
667A Lytt  201604132 2073 1568 1175  762  484  536  821 1158 1683 2173 2374 2317
667A Lytt  201604141 2164 1764 1314  840  611  604  737 1109 1528 2050 2303 2486
667A Lytt  201604142 2381 1908 1556 1137  674  424  569  873 1193 1614 2178 2318
667A Lytt  201604151 2176 2110 1707 1162  862  615  415  779 1121 1439 1960 2312
667A Lytt  201604152 2384 2245 1920 1545 1140  651  572  729  892 1278 1854 2150
667A Lytt  201604161 2275 2460 2034 1658 1320 1007  556  629  929 1169 1525 2066
667A Lytt  201604162 2385 2268 2252 1986 1488 1000  770  631  620 1054 1509 1794
667A Lytt  201604171 2065 2475 2260 1914 1674 1307  811  661  762  945 1119 1750
667A Lytt  201604172 2198 2172 2326 2270 1744 1309 1009  736  480  695 1129 1459
667A Lytt  201604181 1700 2284 2317 1985 2031 1699 1024  777  818  674  805 1374
667A Lytt  201604182 1875 1978 2193 2451 1955 1533 1343  890  452  702  947 1032
667A Lytt  201604191 1454 2159 2155 2075 2269 1941 1325 1025  951  530  622 1166
667A Lytt  201604192 1474 1688 2231 2327 2020 1951 1635 1045  730  686  715  883
667A Lytt  201604201 1207 1762 2013 2075 2289 2068 1641 1223  990  682  481  845
667A Lytt  201604202 9999 9999 9999 9999 9999 9999 9999 9999 9999 9999 9999 9999
667A Lytt  201604211 9999 9999 9999 9999 9999 9999 9999 9999 9999 9999 9999 9999
667A Lytt  201604212 9999 9999 9999 9999 9999 9999 9999 9999 9999 9999 9999 9999
667A Lytt  201604221 9999 9999 9999 9999 9999 9999 9999 9999 9999 9999 9999 9999
667A Lytt  201604222  776  806 1489 1873 1866 2164 2194 1870 1510 1331 1023  646
667A Lytt  201604231  857 1114 1348 1799 2153 2373 2242 2169 1947 1437 1063  958
667A Lytt  201604232  885  883 1313 1721 1890 2097 2395 2099 1756 1603 1243  811
667A Lytt  201604241  796 1067 1086 1490 2091 2202 2229 2360 2117 1736 1338 1134
667A Lytt  201604242  835  821 1141 1424 1673 2014 2283 2278 2064 1837 1586 1135
667A Lytt  201604251  895  953 1048 1254 1764 2127 2125 2375 2272 1929 1588 1321
667A Lytt  201604252 1005  839  995 1231 1514 1727 2214 2228 2123 2128 1808 1298
667A Lytt  201604261 1046 1035  939  975 1550 1897 1909 2410 2410 2077 1880 1602
667A Lytt  201604262 1284  878  865 1049 1174 1447 1916 2061 2083 2166 2014 1453
667A Lytt  201604271 1140 1063  819  735 1215 1513 1632 2087 2342 2117 1889 1859
667A Lytt  201604272 1385  877  831  849  790 1139 1545 1767 1912 2180 2038 1681
667A Lytt  201604281 1304 1151  860  581  944 1174 1259 1706 2159 2039 1974 2061
667A Lytt  201604282 1588 1050  980  863  575  896 1429 1486 1750 2142 2237 1861
667A Lytt  201604291 1631 1493 1025  678  820  787  936 1525 1914 1950 1968 2230
667A Lytt  201604292 1920 1305 1170  925  472  531 1017 1145 1353 1912 2194 1948
667A Lytt  201604301 1767 1796 1125  707  885  756  579 1250 1606 1673 1985 2338
667A Lytt  201604302 2015 1661 1497 1024  643  491  755  743 1131 1678 2035 2058
667A Lytt  201605011 1996 2080 1499 1048  979  739  400  848 1324 1421 1788 2279
667A Lytt  201605012 2254 1906 1840 1452  734  624  649  541  909 1481 1855 2056
667A Lytt  201605021 2338 2380 1918 1558 1358  794  587  809 1086 1209 1738 2309
667A Lytt  201605022 2404 2356 2349 2054 1280  993  739  497  636 1137 1516 1830
667A Lytt  201605031 2251 2570 2237 1989 1727 1085  694  721  601  837 1286 1783
667A Lytt  201605032 2192 2310 2466 2274 1728 1242  914  494  431  723 1062 1647
667A Lytt  201605041 1954 2492 2599 2315 2146 1774 1007  702  830  539  811 1522
667A Lytt  201605042 2004 2211 2699 2669 2231 1808 1374  657  460  450  716  968
667A Lytt  201605051 1549 2265 2406 2539 2376 1969 1436  903  505  324  398  754
667A Lytt  201605052 1314 1808 2283 2607 2459 2063 1750 1129  576  333  430  527
667A Lytt  201605061  902 1748 2225 2322 2776 2551 1858 1541 1012  421  229  557
667A Lytt  201605062  774 1213 1980 2391 2391 2544 2213 1567 1029  613  326  271
667A Lytt  201605071  477 1082 1779 2074 2583 2781 2269 2000 1478  799  311  361
667A Lytt  201605072  366  550 1409 1998 2125 2592 2593 1978 1580 1096  540  262
667A Lytt  201605081  228  625 1083 1646 2367 2670 2548 2590 2041 1392  869  593
667A Lytt  201605082  352  384  909 1564 1824 2271 2748 2404 2199 1699 1158  519
667A Lytt  201605091  334  409  533 1097 1922 2281 2519 2913 2503 1874 1470 1060
667A Lytt  201605092  457  309  541  894 1321 1890 2394 2396 2357 2228 1573 1006
667A Lytt  201605101  711  400  367  632 1334 1855 2148 2744 2861 2361 2015 1627
667A Lytt  201605102 1002  612  589  699  966 1551 2079 2296 2647 2708 2224 1802
667A Lytt  201605111 1295  880  472  705 1046 1445 1825 2630 2712 2632 2658 2194
667A Lytt  201605112 1686 1110  869  678  685 1308 1705 2015 2540 2860 2531 2365
667A Lytt  201605121 1905 1475  936  700  937 1112 1493 2238 2492 2576 2810 2587
667A Lytt  201605122 2036 1636 1271  964  618  962 1260 1607 2071 2588 2716 2521
667A Lytt  201605131 2275 1820 1460 1011  951  872 1050 1672 2080 2251 2697 2743
667A Lytt  201605132 2383 2047 1615 1170 1054  734  885 1273 1731 1956 2460 2719
667A Lytt  201605141 2325 2230 1788 1301 1067  787  922 1149 1536 2024 2286 2593
667A Lytt  201605142 2579 2214 1965 1551 1110  826  886  901 1313 1770 2088 2459
667A Lytt  201605151 2423 2373 2116 1553 1371 1098  718  892 1298 1560 1829 2297
667A Lytt  201605152 2525 2291 2229 1922 1331 1050  926  912 1041 1493 1955 2219
667A Lytt  201605161 2468 2550 2407 1886 1810 1420  883 1048 1130 1171 1383 1897
667A Lytt  201605162 2415 2397 2431 2262 1911 1383 1305 1048  893 1310 1719 1952
667A Lytt  201605171 2294 2500 2420 2163 1976 1614 1068  960  926  871 1289 1763
667A Lytt  201605172 2080 2223 2495 2312 1858 1578 1234  934  839 1055 1216 1554
667A Lytt  201605181 1973 2352 2362 2363 2250 1814 1331 1177  926  914 1011 1581
667A Lytt  201605182 1844 2068 2422 2419 2037 1969 1517 1031 1009  818 1004 1366
667A Lytt  201605191 1605 2096 2321 2385 2344 2097 1649 1327 1085  867  886 1176
667A Lytt  201605192 1605 1906 2140 2478 2230 2138 1910 1363 1090 1086 1055 1162
667A Lytt  201605201 1619 1960 2301 2447 2759 2359 2055 1953 1371 1163 1108 1259
667A Lytt  201605202 1288 1928 2212 2194 2599 2355 2080 1725 1378 1142  959 1134
667A Lytt  201605211 1373 1801 2144 2377 2799 2489 2394 2169 1640 1318 1086 1209
667A Lytt  201605212 1289 1674 2071 2316 2434 2622 2297 2135 1745 1275 1273 1024
667A Lytt  201605221 1166 1421 1938 2127 2434 2678 2460 2389 1915 1461 1265 1095
667A Lytt  201605222 1097 1313 1688 2076 2382 2565 2570 2379 2039 1605 1430 1217
667A Lytt  201605231 1135 1344 1767 1972 2315 2552 2627 2500 2201 1798 1398 1113
667A Lytt  201605232  984 1038 1305 1696 2060 2327 2462 2406 2158 1791 1409 1120
667A Lytt  201605241  815 1130 1188 1485 2083 2117 2364 2531 2285 1763 1357 1315
667A Lytt  201605242  778  890 1130 1318 1624 2053 2104 2240 2160 1786 1653 1008
667A Lytt  201605251  920  968  860 1118 1727 1945 2189 2472 2345 1986 1783 1348
667A Lytt  201605252 1011  777  914  914 1339 1897 1936 2104 2348 2038 1860 1506
667A Lytt  201605261  972 1015  801 1005 1441 1677 1995 2410 2398 2237 1997 1646
667A Lytt  201605262 1284  996  774  901 1092 1412 1783 2056 2215 2125 2140 1627
667A Lytt  201605271 1250 1060  789  775  985 1426 1784 2039 2384 2290 2131 2063
667A Lytt  201605272 1550 1141  917  918  790 1223 1589 1946 2232 2405 2238 1880
667A Lytt  201605281 1647 1410  880  848  966 1120 1429 1896 2233 2315 2331 2379
667A Lytt  201605282 2004 1576 1312 1020  857 1083 1362 1750 2123 2421 2574 2507
667A Lytt  201605291 1976 1812 1441 1107  928  961 1211 1603 2010 2345 2558 2567
667A Lytt  201605292 2352 1990 1558 1148  867  775  896 1224 1653 2055 2434 2514
667A Lytt  201605301 2354 2087 1605 1217 1016  724  886 1229 1462 1884 2320 2485
667A Lytt  201605302 2397 2248 1847 1336  945  774  584  787 1368 1578 2088 2414
667A Lytt  201605311 2408 2273 1905 1446 1125  670  601  766  984 1356 1815 2174
667A Lytt  201605312 2325 2440 2116 1576 1147  862  418  516  785 1105 1737 2047
667A Lytt  201606011 2331 2521 2184 1826 1485  879  640  448  671  820 1299 1872
667A Lytt  201606012 2112 2353 2285 1966 1367 1074  532  211  417  587 1083 1594
667A Lytt  201606021 2081 2304 2367 2160 1910 1196  825  539  382  437  791 1380
667A Lytt  201606022 1824 2142 2391 2299 1835 1448  864  412  265  273  603 1078
667A Lytt  201606031 1645 2073 2333 2427 2350 1662 1226  916  339  264  434  773
667A Lytt  201606032 1414 1930 2224 2445 2292 2007 1367  766  545  184  292  607
667A Lytt  201606041 1128 1756 2172 2445 2606 2207 1784 1300  707  311  162  464
667A Lytt  201606042  744 1319 1895 2273 2340 2337 1913 1213  856  398  263  183
667A Lytt  201606051  622 1262 1706 2160 2665 2499 2224 1787 1187  584  266  252
667A Lytt  201606052  273  818 1424 1888 2080 2488 2220 1645 1363  635  356   39
667A Lytt  201606061  186  521 1191 1692 2258 2481 2460 2240 1621 1122  446  235
667A Lytt  201606062  125  300  772 1388 1800 2152 2301 2119 1753 1170  760 9999
667A Lytt  201606071 9999 9999 9999 9999 9999 9999 9999 9999 9999 9999 9999 9999
667A Lytt  201606072 9999 9999 9999 9999 9999 9999 9999 9999 9999 9999 9999 9999
667A Lytt  201606081 9999 9999 9999  748 1356 1854 2314 2519 2531 2115 1614 1195
667A Lytt  201606082  710  416  397  684 1077 1621 2031 2396 2513 2217 1971 1335
667A Lytt  201606091 1017  627  325  784 1122 1499 2123 2531 2586 2702 2204 1834
667A Lytt  201606092 1295  966  691  630  949 1402 1716 2198 2698 2536 2392 2163
667A Lytt  201606101 1563 1097  782  814  967 1375 1809 2252 2635 2686 2639 2363
667A Lytt  201606102 1880 1490  927  916  790 1119 1376 1897 2331 2422 2564 2381
667A Lytt  201606111 2038 1534 1112  926  864  923 1371 1814 2124 2438 2580 2337
667A Lytt  201606112 2124 1799 1266  961  758  945 1058 1404 2099 2135 2535 2544
667A Lytt  201606121 2180 1807 1558 1182  846  908 1175 1452 1690 2186 2372 2444
667A Lytt  201606122 2360 2037 1645 1243  819  881  693 1060 1476 1753 2116 2333
667A Lytt  201606131 2251 1948 1716 1326  932  720  799  928 1278 1586 1888 2175
667A Lytt  201606132 2177 2152 1750 1345 1013  772  529  730 1108 1386 1770 2116
667A Lytt  201606141 2155 2179 1902 1515 1319  851  748  822  966 1344 1609 1959
667A Lytt  201606142 2308 2170 2012 1738 1291 1062  737  703  857 1164 1561 1957
667A Lytt  201606151 2077 2224 2109 1825 1663 1228  975  933  848 1069 1403 1837
667A Lytt  201606152 2085 2299 2171 1933 1577 1265  834  759  746  905 1285 1643
667A Lytt  201606161 2010 2059 2269 2068 1783 1498 1094  913  698  855 1055 1464
667A Lytt  201606162 1867 2072 2208 2098 1829 1545 1013  919  786  748 1130 1453
667A Lytt  201606171 1732 2115 2241 2129 2144 1745 1366 1072  799  683  883 1289
667A Lytt  201606172 1472 1961 2065 2146 2076 1708 1352  999  824  621  871 1108
667A Lytt  201606181 1399 1936 2130 2082 2274 1924 1582 1197  916  740  670 1070
667A Lytt  201606182 1223 1715 1999 2081 2193 1960 1585 1227  845  658  718  872
667A Lytt  201606191 1139 1489 1940 2015 2272 2094 1781 1431 1106  813  545  691
667A Lytt  201606192 1048 1390 1708 1984 2110 2100 1683 1394 1224  660  638  726
667A Lytt  201606201  814 1260 1770 2082 2260 2256 2016 1739 1408  944  651  707
667A Lytt  201606202  896 1029 1515 1914 1989 2225 2045 1691 1447  968  838  641
667A Lytt  201606211  813 1101 1385 1888 2188 2301 2277 1983 1723 1077  940  774
667A Lytt  201606212  619  973 1333 1646 2024 2291 2216 2043 1788 1408  967  863
667A Lytt  201606221  748  846 1294 1763 2040 2304 2521 2376 2091 1649 1255  905
667A Lytt  201606222  746  924 1029 1570 1993 2246 2326 2367 2148 1698 1446  962
667A Lytt  201606231  891  820 1017 1430 1891 2203 2479 2515 2348 2078 1468 1249
667A Lytt  201606232  993  670  894 1314 1561 2054 2339 2427 2358 2072 1791 1282
667A Lytt  201606241  995  917  891 1145 1583 2113 2302 2638 2644 2334 1901 1544
667A Lytt  201606242 1154  775  742  920 1271 1610 2022 2297 2205 2394 2012 1558
667A Lytt  201606251 1160  948  583  915 1199 1529 2066 2331 2554 2524 2156 1934
667A Lytt  201606252 1397 1085  780  679  958 1331 1728 1916 2486 2479 2178 2117
667A Lytt  201606261 1588 1100  884  715  969 1216 1612 2142 2440 2434 2493 2220
667A Lytt  201606262 1784 1373 1005  750  690 1046 1295 1661 2136 2463 2406 2344
667A Lytt  201606271 1934 1548  984  777  877  795 1383 1704 2008 2376 2480 2400
667A Lytt  201606272 2171 1663 1295  872  617  709  754 1241 1778 2035 2417 2449
667A Lytt  201606281 2096 1819 1342  838  810  593  705 1138 1630 1790 2327 2461
667A Lytt  201606282 2211 2066 1591 1067  629  593  421  796 1296 1683 2043 2430
667A Lytt  201606291 2396 2079 1719 1330  964  575  605  775 1074 1553 1971 2330
667A Lytt  201606292 2420 2313 2006 1508  958  708  378  436  790 1263 1712 2212
667A Lytt  201606301 2459 2446 2184 1697 1501  906  541  661  727 1075 1496 2036
667A Lytt  201606302 2336 2445 2387 1931 1428 1007  522  374  501  774 1284 1880
667A Lytt  201607011 2155 2497 2443 2240 1859 1232  873  590  433  577  960 1529
667A Lytt  201607012 1951 2387 2493 2211 1860 1440  815  461  382  419  797 1356
667A Lytt  201607021 1817 2297 2559 2455 2233 1742 1236  740  394  326  532  960
667A Lytt  201607022 1502 2034 2290 2468 2268 1818 1249  826  522  218  467  790
667A Lytt  201607031 1323 1921 2323 2629 2556 2284 1847 1208  801  445  329  646
667A Lytt  201607032 1078 1614 2177 2392 2528 2446 1791 1335  949  510  324  506
667A Lytt  201607041 1044 1454 1993 2555 2805 2633 2326 1808 1335  731  406  508
667A Lytt  201607042  793 1090 1807 2163 2405 2620 2259 1834 1340  890  458  345
667A Lytt  201607051  609  913 1535 2073 2563 2641 2627 2301 1683 1090  717  450
667A Lytt  201607052  377  741 1252 1725 2074 2510 2429 2215 1821 1236  745  558
667A Lytt  201607061  355  496 1044 1655 2048 2439 2745 2434 2093 1603 1087  523
667A Lytt  201607062  492  498  621 1258 1769 2105 2362 2402 2145 1645 1118  750
667A Lytt  201607071  369  360  698 1020 1688 2146 2373 2558 2452 1930 1402 1010
667A Lytt  201607072  715  416  542  783 1285 1803 2005 2330 2351 1865 1556 1090
667A Lytt  201607081  615  481  322  628 1227 1629 1958 2368 2435 2141 1740 1322
667A Lytt  201607082  891  421  427  487  789 1316 1705 1975 2336 2134 1876 1476
667A Lytt  201607091 1046  647  430  509  772 1214 1641 2025 2266 2128 1935 1614
667A Lytt  201607092 1151  804  505  468  512 1019 1230 1655 2072 2196 1998 1811
667A Lytt  201607101 1410 1020  548  619  602  801 1338 1679 2014 2150 2154 1907
667A Lytt  201607102 1605 1147  857  538  586  784  978 1436 1879 2055 2168 2127
667A Lytt  201607111 1676 1384 1080  650  776  702 1069 1398 1787 1950 2209 2207
667A Lytt  201607112 1817 1542 1311  741  717  796  788 1138 1616 1951 2026 2312
667A Lytt  201607121 2048 1558 1531 1061  772  745  944 1110 1467 1892 2101 2119
667A Lytt  201607122 2191 1939 1528 1221  940  689  849 1067 1307 1656 2135 2253
667A Lytt  201607131 2135 2144 1769 1433 1174 1004  800 1044 1489 1628 1709 2227
667A Lytt  201607132 2325 2034 1968 1429 1151  997  723  937 1369 1726 2089 2400
667A Lytt  201607141 2358 2437 2055 1795 1624 1321  914 1234 1296 1464 1953 2164
667A Lytt  201607142 2429 2421 2264 1987 1581 1385  944 1099 1180 1355 1833 2271
667A Lytt  201607151 2183 2479 2444 2219 1913 1535 1311 1140 1195 1242 1593 2051
667A Lytt  201607152 2149 2459 2431 2118 1765 1553 1138  863 1121 1067 1510 1866
667A Lytt  201607161 2137 2400 2406 2384 2177 1690 1466 1109 1084 1154 1214 1673
667A Lytt  201607162 2109 2240 2443 2370 1989 1816 1316 1129  947  961 1274 1513
667A Lytt  201607171 1937 2250 2431 2375 2371 1908 1601 1277 1123  808 1027 1559
667A Lytt  201607172 1682 2078 2354 2392 2301 2011 1597 1225 1075  971 1136 1339
667A Lytt  201607181 1713 2161 2396 2442 2660 2304 1916 1538 1189  805  816 1254
667A Lytt  201607182 1387 1787 2216 2258 2289 2221 1814 1508 1019  937  977  832
667A Lytt  201607191 1484 1756 2116 2493 2581 2441 2154 1855 1296  966  727  881
667A Lytt  201607192  997 1393 2034 2114 2198 2453 1997 1531 1367  851  649  829
667A Lytt  201607201  912 1292 1857 2097 2434 2476 2335 1999 1670 1067  647  804
667A Lytt  201607202  700 1097 1622 1911 2169 2476 2328 1876 1725 1163  830  820
667A Lytt  201607211  781  956 1433 1899 2283 2455 2405 2285 1909 1362  934  718
667A Lytt  201607212  608  768 1101 1547 1980 2161 2318 2133 1771 1439 1002  686
667A Lytt  201607221  554  696 1018 1461 2049 2271 2526 2507 2180 1706 1188 1001
667A Lytt  201607222  604  605  866 1363 1694 2120 2380 2544 2275 1951 1609  965
667A Lytt  201607231  905  769  866 1279 1810 2119 2553 2744 2450 2332 1795 1410
667A Lytt  201607232  927  746  904 1031 1427 2206 2303 2584 2807 2450 2026 1654
667A Lytt  201607241 1280  755  734 1055 1411 1685 2414 2711 2558 2651 2320 1669
667A Lytt  201607242 1384  950  727  798 1024 1551 1884 2290 2600 2498 2268 2018
667A Lytt  201607251 1312  960  736  635 1038 1411 1732 2184 2681 2454 2359 2242
667A Lytt  201607252 1453 1214  729  606  535 1084 1345 1790 2295 2473 2478 2164
667A Lytt  201607261 1760 1204  874  640  653  841 1280 1714 2215 2382 2456 2373
667A Lytt  201607262 1988 1517 1131  753  547  733  954 1476 1946 2218 2605 2498
667A Lytt  201607271 2003 1872 1295  779  726  730  742 1308 1875 2023 2245 2650
667A Lytt  201607272 2357 1853 1569 1260  619  486  735  839 1520 1947 2420 2633
667A Lytt  201607281 2458 2460 1793 1250 1211  694  731 1035 1394 1798 2206 2641
667A Lytt  201607282 2561 2409 2132 1651 1047  855  527  683 1132 1532 2121 2407
667A Lytt  201607291 2600 2625 2360 1829 1496 1072  793  719 1071 1345 1672 2407
667A Lytt  201607292 2551 2492 2521 2089 1388 1104  778  470  837 1096 1608 2078
667A Lytt  201607301 2491 2681 2573 2339 1921 1343  901  705  747  939 1201 1907
667A Lytt  201607302 2314 2664 2716 2510 2091 1568 1032  740  579  814 1209 1633
667A Lytt  201607311 2195 2679 2695 2609 2501 1813 1319 1085  687  574  838 1365
667A Lytt  201607312 1843 2283 2690 2602 2354 2052 1426  923  724  587  760 1223
667A Lytt  201608011 1592 2206 2587 2594 2586 2219 1780 1154  860  427  545  824
667A Lytt  201608012 1225 1809 2282 2407 2453 2222 1713 1260  777  507  444  638
667A Lytt  201608021 1029 1734 2116 2345 2803 2450 2056 1644 1168  672  432  660
667A Lytt  201608022  762 1248 1949 2223 2337 2555 2140 1660 1240  891  560  439
667A Lytt  201608031  745 1215 1688 2094 2630 2539 2298 2038 1486  866  574  477
667A Lytt  201608032  459  822 1472 1839 2119 2582 2214 1972 1579  989  691  434
667A Lytt  201608041  349  714 1123 1547 2215 2374 2451 2329 1775 1201  816  502
667A Lytt  201608042  358  569  821 1480 1748 2155 2342 2188 1902 1374  924  531
667A Lytt  201608051  479  254  807 1199 1713 2121 2290 2436 2044 1513 1128  779
667A Lytt  201608052  403  369  585  926 1400 1855 2108 2145 2172 1621 1353  841
667A Lytt  201608061  518  361  475  884 1356 1679 2115 2294 2193 1912 1428  973
667A Lytt  201608062  687  471  435  670 1065 1557 1799 2166 2231 1946 1727 1231
667A Lytt  201608071  830  651  451  651 1123 1453 1858 2137 2191 2156 1730 1461
667A Lytt  201608072  959  746  474  536  870 1214 1523 1967 2100 2050 2005 1489
667A Lytt  201608081 1111  835  609  472  747 1250 1487 1777 2172 2139 1854 1760
667A Lytt  201608082 1303  804  755  586  546  922 1349 1592 1895 2065 2125 1724
667A Lytt  201608091 1462 1132  757  614  659  907 1204 1457 1909 1989 1911 2004
667A Lytt  201608092 1508 1131  901  742  420  718 1071 1302 1571 1972 2160 1912
667A Lytt  201608101 1688 1437 1024  712  747  681  873 1301 1606 1777 1865 2038
667A Lytt  201608102 1808 1366 1191  959  505  636  893 1030 1351 1758 1998 1979
667A Lytt  201608111 1964 1647 1381  906  886  755  674 1075 1434 1521 1845 2111
667A Lytt  201608112 1926 1693 1514 1148  727  767  777  994 1208 1586 1974 2015
667A Lytt  201608121 2097 2082 1649 1264 1196  850  641  933 1210 1406 1619 2111
667A Lytt  201608122 2082 1868 1883 1570  935  906  882  710  936 1480 1749 1944
667A Lytt  201608131 2241 2225 1862 1641 1488  976  801  927  944 1154 1578 1910
667A Lytt  201608132 1968 2141 2117 1704 1319 1110  857  741  800 1221 1528 1777
667A Lytt  201608141 2094 2410 2154 1907 1826 1245  862  948  858  847 1215 1806
667A Lytt  201608142 1938 1958 2329 2075 1483 1339 1036  682  559  977 1234 1478
667A Lytt  201608151 1907 2278 2133 2106 2026 1422 1133  910  716  581  864 1375
667A Lytt  201608152 1639 1879 2158 2116 1738 1446 1080  693  522  657  781 1125
667A Lytt  201608161 1561 2005 2131 2173 2134 1818 1277  960  707  506  566  994
667A Lytt  201608162 1348 1718 2116 2182 2052 1722 1346 1058  513  560  667  804
667A Lytt  201608171 1215 1841 2006 2151 2382 2079 1621 1218  901  505  332  737
667A Lytt  201608172  945 1415 1893 2136 2131 2079 1715 1284  708  492  429  395
667A Lytt  201608181  762 1401 1783 1928 2414 2348 1825 1599 1120  536  403  443
667A Lytt  201608182  560  890 1590 1999 2049 2209 2082 1569 1066  689  442  230
667A Lytt  201608191  451  872 1413 1781 2209 2409 2125 1903 1413  854  386  414
667A Lytt  201608192  257  479 1116 1723 1847 2064 2379 1865 1410  974  681  116
667A Lytt  201608201  202  548  810 1410 1994 2214 2246 2298 1790 1174  696  469
667A Lytt  201608202  177  223  708 1283 1595 2063 2400 2218 1883 1651 1014  509
667A Lytt  201608211  390  374  530 1053 1783 2030 2376 2568 2253 1780 1244  936
667A Lytt  201608212  405  264  511  834 1333 1865 2216 2418 2410 2033 1644 1009
667A Lytt  201608221  561  450  429  702 1260 1752 2105 2480 2517 2174 1849 1311
667A Lytt  201608222  775  456  372  540  858 1485 1897 2214 2480 2328 2121 1458
667A Lytt  201608231 1177  626  365  419  832 1246 1704 2272 2390 2436 2260 1731
667A Lytt  201608232 1347  755  529  443  453 1006 1528 1948 2271 2573 2514 1969
667A Lytt  201608241 1673 1070  599  475  558  666 1255 1790 2060 2348 2392 2180
667A Lytt  201608242 1623 1237  782  409  300  475  872 1341 1813 2245 2409 2238
667A Lytt  201608251 1960 1365 1084  562  366  489  696 1193 1624 2052 2416 2273
667A Lytt  201608252 2151 1725 1265  891  392  485  552  988 1482 1968 2401 2599
667A Lytt  201608261 2286 2227 1709  971  883  589  522  966 1317 1705 2151 2463
667A Lytt  201608262 2476 2122 1802 1475  902  498  593  757 1037 1633 2190 2443
667A Lytt  201608271 2674 2585 2235 1778 1419  953  658  740 1011 1277 1675 2279
667A Lytt  201608272 2444 2354 2274 1839 1218  771  488  596  478 1050 1616 1917
667A Lytt  201608281 2315 2735 2337 1966 1779 1144  639  498  641  708 1193 1790
667A Lytt  201608282 2141 2296 2519 2188 1715 1278  892  616  395  775 1235 1505
667A Lytt  201608291 2142 2583 2525 2360 2156 1698 1051  788  633  566  833 1306
667A Lytt  201608292 1808 2109 2481 2449 2060 1658 1270  838  453  507  762 1081
667A Lytt  201608301 1652 2122 2398 2503 2378 2005 1349 1060  694  290  536  828
667A Lytt  201608302 1283 1729 2153 2324 2212 1942 1534  991  633  482  464  706
667A Lytt  201608311 1114 1646 2027 2423 2438 2186 1775 1330  870  453  393  484
667A Lytt  201608312  890 1384 1844 2158 2359 2138 1925 1490  973  638  474  517
667A Lytt  201609011  711 1376 1797 2181 2423 2476 2145 1843 1304  771  595  532
667A Lytt  201609012  657 1004 1726 2020 2157 2421 2224 1802 1432 1065  664  469
667A Lytt  201609021  703  926 1525 1937 2241 2520 2413 2083 1721 1115  836  654
667A Lytt  201609022  573  802 1255 1795 2034 2304 2512 2078 1766 1433  902  627
667A Lytt  201609031  572  786  981 1562 2024 2229 2295 2304 1830 1354 1043  651
667A Lytt  201609032  526  605  895 1335 1775 2087 2290 2219 2106 1698 1344  847
667A Lytt  201609041  719  796  750 1280 1822 2004 2200 2429 2116 1770 1351 1028
667A Lytt  201609042  780  692  906 1142 1595 1912 2287 2339 2206 2066 1650 1172
667A Lytt  201609051  908  699  790 1018 1513 1921 2078 2362 2410 1944 1738 1378
667A Lytt  201609052  940  721  729  942 1181 1514 1960 2076 2104 2169 1722 1376
667A Lytt  201609061 1081  788  694  742 1099 1478 1755 2105 2237 2088 1911 1680
667A Lytt  201609062 1200  864  842  866  913 1334 1850 1953 2154 2456 2040 1772
667A Lytt  201609071 1522 1094  986  891 1080 1190 1288 1943 1988 1948 2260 1913
667A Lytt  201609072 1541 1296 1147 1089 1133 1282 1724 1905 2178 2484 2410 2213
667A Lytt  201609081 1866 1689 1110 1046  981 1125 1394 1654 2046 2012 2137 2072
667A Lytt  201609082 1688 1415 1166  916  833 1010 1131 1529 1865 1967 2145 2132
667A Lytt  201609091 1791 1505 1232  890  696  780  989 1226 1412 1737 1976 1841
667A Lytt  201609092 1699 1485 1243  782  690  682  620 1073 1360 1662 1798 1985
667A Lytt  201609101 1855 1539 1320 1046  630  639  785  790 1109 1464 1706 1745
667A Lytt  201609102 1874 1667 1293 1133  780  600  572  891 1142 1322 1813 2115
667A Lytt  201609111 1939 1856 1790 1288  869  887  712  619 1044 1374 1577 1785
667A Lytt  201609112 2044 1913 1604 1461 1062  729  629  749  879 1257 1623 1917
667A Lytt  201609121 2139 2119 1959 1738 1246 1058  828  625  785 1115 1371 1716
667A Lytt  201609122 2091 2074 1872 1828 1460  846  823  755  580  982 1467 1728
667A Lytt  201609131 1935 2300 2156 1989 1569 1368  820  642  702  737 1100 1512
667A Lytt  201609132 1795 2034 2149 2061 1645 1187  928  656  463  744 1030 1408
667A Lytt  201609141 1825 2194 2280 2224 1998 1593 1128  829  621  487  832 1181
667A Lytt  201609142 1639 1990 2214 2288 1981 1558 1238  806  486  500  720 1060
667A Lytt  201609151 1420 2031 2295 2280 2408 1942 1378 1007  766  408  589  923
667A Lytt  201609152 1290 1791 2208 2438 2377 2118 1700 1270  760  599  489  767
667A Lytt  201609161 1201 1788 2171 2484 2562 2337 2048 1355 1115  656  419  622
667A Lytt  201609162  983 1430 2022 2383 2520 2455 2014 1645 1059  682  465  412
667A Lytt  201609171  774 1269 1754 2280 2507 2538 2325 1785 1329  789  372  401
667A Lytt  201609172  400  935 1511 2010 2321 2571 2391 2023 1531  948  598  383
667A Lytt  201609181  360  750 1331 1841 2229 2631 2544 2253 1860 1200  722  414
667A Lytt  201609182  343  471 1009 1616 2072 2367 2615 2437 1935 1600  940  441
667A Lytt  201609191  376  371  688 1340 1861 2170 2598 2506 2166 1632 1146  626
667A Lytt  201609192  269  226  429  990 1522 2007 2434 2534 2270 2073 1439  772
667A Lytt  201609201  521  298  285  711 1284 1764 2196 2539 2406 2127 1627 1101
667A Lytt  201609202  517  302  177  611 1044 1471 2167 2458 2435 2526 1955 1280
667A Lytt  201609211 1066  484  256  388  776 1244 1803 2301 2413 2311 2125 1573
667A Lytt  201609212  987  601  333  321  487  993 1535 1996 2418 2595 2265 1910
667A Lytt  201609221 1421  825  432  347  394  701 1260 1841 2053 2309 2429 1978
667A Lytt  201609222 1411 1144  518  290  325  554  935 1505 2077 2302 2410 2332
667A Lytt  201609231 1907 1386  879  576  302  420  790 1248 1683 2141 2351 2245
667A Lytt  201609232 1983 1573 1065  642  402  366  562 1047 1543 1971 2372 2375
667A Lytt  201609241 2258 1957 1374  938  538  448  468  781 1215 1744 2116 2253
667A Lytt  201609242 2286 2054 1520 1087  672  409  403  616 1004 1573 2083 2318
667A Lytt  201609251 2391 2318 1841 1415  957  582  409  576  821 1199 1729 2171
667A Lytt  201609252 2247 2231 2108 1544 1091  701  508  436  627 1219 1577 2034
667A Lytt  201609261 2341 2341 2219 1846 1282  861  594  442  513  754 1308 1748
667A Lytt  201609262 2101 2269 2255 1925 1445 1030  616  416  367  820 1084 1576
667A Lytt  201609271 2044 2269 2348 2175 1653 1308  789  539  470  504  828 1366
667A Lytt  201609272 1822 2081 2280 2305 1889 1410 1020  611  447  577  815 1118
667A Lytt  201609281 1764 2123 2309 2342 2120 1725 1237  837  543  450  730 1025
667A Lytt  201609282 1478 1922 2242 2398 2152 1851 1335  944  647  466  536  846
667A Lytt  201609291 1304 1777 2128 2301 2304 1975 1565  984  759  451  484  725
667A Lytt  201609292 1008 1590 1984 2187 2200 2111 1652 1226  853  630  427  637
667A Lytt  201609301  957 1396 1928 2131 2247 2233 1826 1378  966  646  434  476
667A Lytt  201609302  780 1205 1680 2049 2284 2123 2029 1654 1036  845  694  430
667A Lytt  201610011  756 1139 1584 1972 2258 2305 2157 1776 1408  881  713  570
667A Lytt  201610012  669 1006 1440 1907 2223 2293 2290 2005 1622 1246  829  669
667A Lytt  201610021  812  810 1381 1858 2000 2316 2389 2016 1719 1380  862  699
667A Lytt  201610022  757  822 1185 1749 2023 2211 2409 2155 1916 1631 1013  792
667A Lytt  201610031  752  759 1045 1567 1824 2095 2366 2228 1929 1629 1275  775
667A Lytt  201610032  671  864  882 1351 1833 2092 2231 2346 2121 1849 1506  994
667A Lytt  201610041  889  794  921 1294 1586 1903 2263 2319 2123 1943 1661 1120
667A Lytt  201610042  880  842 1047 1169 1675 2025 2169 2351 2474 2091 1765 1415
667A Lytt  201610051 1123  752  960 1178 1375 1830 2180 2330 2350 2213 1967 1583
667A Lytt  201610052 1172  981 1010 1179 1381 1754 2141 2227 2355 2411 2063 1711
667A Lytt  201610061 1462 1165 1007 1020 1230 1558 1903 2186 2315 2304 2189 1729
667A Lytt  201610062 1532 1213  949 1075 1222 1466 1712 2170 2375 2302 2239 1940
667A Lytt  201610071 1644 1249 1084 1044  991 1394 1684 1879 2103 2343 2171 1886
667A Lytt  201610072 1694 1341 1063  999 1079 1161 1447 1880 2086 2249 2386 2171
667A Lytt  201610081 1796 1463 1202  894  853 1174 1270 1551 1907 2109 2143 1984
667A Lytt  201610082 1841 1513 1088  929  851  907 1137 1451 1800 1991 2206 2159
667A Lytt  201610091 1840 1590 1278  985  667  841  951 1095 1499 1760 1974 2065
667A Lytt  201610092 1859 1528 1422  970  785  774  829 1169 1521 1841 2068 2179
667A Lytt  201610101 2128 1913 1539 1317  750  755  827  853 1272 1619 1880 2114
667A Lytt  201610102 2082 1890 1603 1324 1038  743  729  762 1147 1643 1740 2046
667A Lytt  201610111 2368 1996 1866 1481 1109  757  700  751  893 1381 1811 2014
667A Lytt  201610112 2203 2273 2031 1617 1412 1011  680  817 1084 1290 1712 2159
667A Lytt  201610121 2267 2263 2343 2010 1472 1201  971  808  715 1179 1513 1799
667A Lytt  201610122 2206 2386 2211 1985 1625 1140  696  666  647  883 1321 1745
667A Lytt  201610131 2150 2250 2437 2255 1812 1361  995  687  429  723 1029 1529
667A Lytt  201610132 1890 2321 2372 2283 1969 1523  975  712  607  511  933 1391
667A Lytt  201610141 1867 2212 2533 2481 2233 1793 1324  907  539  577  721 1158
667A Lytt  201610142 1658 2140 2388 2526 2379 1932 1462  889  666  366  498  902
667A Lytt  201610151 1364 1842 2306 2516 2418 2194 1662 1151  601  447  384  531
667A Lytt  201610152 1068 1744 2153 2416 2630 2334 1819 1358  940  441  346  493
667A Lytt  201610161  933 1380 2049 2335 2514 2608 2167 1570 1057  641  379  314
667A Lytt  201610162  610 1243 1771 2242 2560 2523 2336 1834 1349  890  313  297
667A Lytt  201610171  492  744 1415 2065 2415 2420 2539 2274 1457 1004  670  182
667A Lytt  201610172  342  775 1168 1814 2428 2690 2573 2539 2061 1352  896  575
667A Lytt  201610181  292  529 1015 1591 2064 2488 2780 2490 2101 1656 1048  542
667A Lytt  201610182  386  450  740 1430 1989 2499 2711 2813 2568 1900 1461  986
667A Lytt  201610191  391  409  634 1001 1571 2123 2519 2636 2491 2120 1642  896
667A Lytt  201610192  526  293  331  679 1328 1925 2317 2695 2771 2355 1883 1453
667A Lytt  201610201  821  431  387  513  869 1484 2011 2230 2472 2423 1954 1384
667A Lytt  201610202  911  452  250  340  679 1197 1731 2317 2509 2512 2360 1798
667A Lytt  201610211 1245  801  426  296  520  842 1385 1854 2170 2389 2269 1864
667A Lytt  201610212 1338  932  415  209  338  722 1102 1657 2234 2436 2444 2243
667A Lytt  201610221 1749 1260  712  490  347  444  907 1346 1719 2209 2404 2062
667A Lytt  201610222 1791 1423  863  351  403  391  628 1109 1725 2093 2287 2478
667A Lytt  201610231 2062 1665 1239  770  402  387  584  904 1293 1833 2194 2328
667A Lytt  201610232 2130 1861 1474  893  602  520  354  818 1259 1673 2200 2412
667A Lytt  201610241 2319 2106 1799 1252  768  537  475  593  979 1467 1871 2234
667A Lytt  201610242 2398 2133 1942 1470  981  802  463  621 1028 1298 1801 2215
667A Lytt  201610251 2400 2370 2162 1803 1208  852  688  535  658 1204 1551 1884
667A Lytt  201610252 2385 2370 2125 2016 1449 1019  736  574  699 1057 1424 1952
667A Lytt  201610261 2223 2388 2345 2114 1744 1143  913  666  551  824 1256 1587
667A Lytt  201610262 2029 2347 2294 2128 1841 1438  827  746  606  667 1078 1480
667A Lytt  201610271 1920 2212 2306 2285 1973 1424 1180  687  532  671  837 1194
667A Lytt  201610272 1708 2144 2255 2258 2141 1721 1195  980  800  571  860 1244
667A Lytt  201610281 1607 1953 2299 2422 2160 1892 1510  881  666  715  649  874
667A Lytt  201610282 1681 1914 2064 2443 2458 2088 1712 1369 1043  670  843  915
667A Lytt  201610291 1218 1744 2100 2233 2262 2094 1741 1296  836  834  583  707
667A Lytt  201610292 1086 1554 1835 2108 2360 2122 1850 1541 1050  759  630  652
667A Lytt  201610301  903 1310 1699 2029 2095 2056 1918 1416 1000  832  545  468
667A Lytt  201610302  773 1087 1515 1903 2151 2100 1981 1659 1319  889  671  609
667A Lytt  201610311  741  962 1463 1826 1921 2033 2139 1655 1205 1100  718  419
667A Lytt  201610312  660  921 1278 1629 2050 2131 2082 1934 1603 1129  861  674
667A Lytt  201611011  649  802 1192 1600 1782 2052 2195 1870 1596 1325  893  612
667A Lytt  201611012  608  745 1023 1446 1847 2057 2148 2138 1925 1430 1173  930
667A Lytt  201611021  663  772  989 1338 1728 1951 2164 2120 1852 1686 1260  847
667A Lytt  201611022  810  770  887 1346 1754 1970 2161 2336 2201 1746 1613 1201
667A Lytt  201611031  862  856  960 1190 1550 1907 2084 2157 2150 1927 1463 1161
667A Lytt  201611032 1025  683  910 1107 1497 1819 2023 2282 2268 2102 1774 1471
667A Lytt  201611041 1097  904  861  975 1306 1606 1945 2096 2135 2214 1709 1484
667A Lytt  201611042 1164  819  897 9999 9999 9999 9999 9999 9999 9999 9999 9999
667A Lytt  201611051 9999 9999 9999 9999 9999 9999 9999 9999 9999 9999 9999 9999
667A Lytt  201611052 9999 9999 9999 9999 9999 9999 9999 9999 9999 2251 2182 1992
667A Lytt  201611061 1584 1347  965  891  973 1112 1422 1834 1917 2112 2179 1922
667A Lytt  201611062 1596 1254 1080  777  928 1114 1318 1795 2138 2229 2281 2238
667A Lytt  201611071 1814 1496 1176  837  804  801 1131 1395 1692 2033 2186 2056
667A Lytt  201611072 1799 1544 1104  797  760  830  902 1361 1793 1985 2140 2283
667A Lytt  201611081 2032 1731 1416 1079  746  639  903 1051 1333 1846 2041 2065
667A Lytt  201611082 2044 1738 1432  961  874  722  669 1076 1494 1652 2080 2373
667A Lytt  201611091 2164 1981 1824 1212  939  674  612  884 1101 1581 1953 2044
667A Lytt  201611092 2308 2099 1730 1384 1072  703  612  734 1099 1401 1850 2186
667A Lytt  201611101 2236 2314 2047 1602 1240  838  625  540  861 1232 1619 2061
667A Lytt  201611102 2224 2357 2209 1724 1434 1081  646  588  837 1076 1511 1997
667A Lytt  201611111 2294 2519 2351 2075 1673 1169  803  541  647  895 1314 1873
667A Lytt  201611112 2201 2411 2618 2280 1897 1438  971  673  688  757 1118 1686
667A Lytt  201611121 2090 2423 2569 2388 2091 1559 1046  747  403  593  879 1332
667A Lytt  201611122 1901 2259 2629 2493 2244 1913 1253  806  629  461  599 1183
667A Lytt  201611131 1573 2083 2411 2581 2411 1944 1423  922  489  344  395  691
667A Lytt  201611132 1284 1975 2110 2270 2784 2347 1571 1389  658  501  343  670
667A Lytt  201611141 1019 1545 2251 2408 2507 2315 1947 1315  740  558  256  372
667A Lytt  201611142  831 1482 2007 2334 2732 2701 2301 1867 1317  745  393  493
667A Lytt  201611151  463 1104 1849 2184 2459 2796 2497 1963 1434  955  423  286
667A Lytt  201611152  520  751 1568 2125 2576 2836 2749 2487 1851 1279  809  484
667A Lytt  201611161  377  714 1219 1752 2303 2656 2726 2433 2041 1463  890  424
667A Lytt  201611162  357  299  950 1582 2088 2683 2885 2772 2507 1858 1228  780
667A Lytt  201611171  471  441  590 1153 1768 2160 2530 2762 2419 2031 1487  858
667A Lytt  201611172  544  329  562  881 1584 2276 2513 2818 2810 2424 1811 1360
667A Lytt  201611181  773  441  517  780 1171 1705 2360 2589 2620 2421 1921 1301
667A Lytt  201611182  946  456  301  491  970 1464 1996 2538 2699 2582 2345 1923
667A Lytt  201611191 1174  781  563  456  745 1216 1735 2088 2530 2573 2233 1936
667A Lytt  201611192 1412  854  417  396  554  922 1419 2071 2352 2563 2569 2089
667A Lytt  201611201 1592 1262  601  410  560  631 1090 1558 2086 2343 2389 2166
667A Lytt  201611202 1731 1247  846  505  342  645  970 1452 1886 2355 2502 2383
667A Lytt  201611211 2022 1685 1098  631  657  473  824 1151 1577 2045 2317 2301
667A Lytt  201611212 2051 1645 1248  775  509  489  612  946 1390 1963 2162 2388
667A Lytt  201611221 2309 1873 1547 1040  640  533  559  828 1244 1697 2108 2309
667A Lytt  201611222 2376 2064 1811 1313  911  749  573  831 1105 1559 2011 2348
667A Lytt  201611231 2282 2269 1919 1474 1118  639  530  606  804 1188 1750 1942
667A Lytt  201611232 2285 2119 2052 1623 1149  938  582  545  792 1126 1603 1957
667A Lytt  201611241 2064 2341 2058 1754 1480  925  692  555  655  961 1349 1750
667A Lytt  201611242 2164 2158 2192 1948 1606 1222  878  684  743  937 1275 1684
667A Lytt  201611251 2025 2376 2258 2179 1865 1297  980  774  650  834 1120 1555
667A Lytt  201611252 1891 2071 2341 2129 1859 1724 1168  802  881  798  988 1415
667A Lytt  201611261 1826 2112 2051 2344 2021 1438 1302  907  690  777  985 1255
667A Lytt  201611262 1687 2120 2323 2351 2297 1893 1608 1162  983  792 1027 1108
667A Lytt  201611271 1643 2015 2134 2326 2312 2133 1705 1232 1129  927  936 1212
667A Lytt  201611272 1590 1952 2288 2320 2483 2283 1885 1610 1185 1035 1039 1097
667A Lytt  201611281 1386 1874 2125 2293 2469 2278 1933 1555 1221 1005  791 1066
667A Lytt  201611282 1313 1592 2103 2272 2339 2468 2214 1726 1439 1171  956  899
667A Lytt  201611291 1133 1560 1815 2108 2367 2190 2135 1901 1354 1039  995  919
667A Lytt  201611292  974 1367 1793 2024 2287 2394 2137 1963 1573 1115  955  737
667A Lytt  201611301  812 1059 1417 1769 2001 2192 2020 1824 1548 1135  807  776
667A Lytt  201611302  705  908 1371 1653 2001 2295 2165 2089 1767 1253 1014  735
667A Lytt  201612011  706  811 1122 1453 1769 2018 2022 1921 1723 1353  894  696
667A Lytt  201612012  689  620 1001 1368 1784 2002 2118 2084 1901 1474 1181  796
667A Lytt  201612021  542  742  724 1133 1548 1783 1981 1957 1850 1548 1096  881
667A Lytt  201612022  630  571  790 1042 1475 1828 2064 2098 2093 1798 1419 1054
667A Lytt  201612031  731  701  604  866 1282 1623 1900 1890 2099 1775 1321 1151
667A Lytt  201612032  757  529  614  919 1159 1581 1923 2161 2055 2020 1777 1194
667A Lytt  201612041  964  716  569  647  984 1334 1590 1869 2084 1872 1595 1378
667A Lytt  201612042 1016  502  676  695  785 1281 1695 1838 2021 2201 1839 1501
667A Lytt  201612051 1306  906  572  606  782 1093 1320 1757 2005 1947 1840 1674
667A Lytt  201612052 1230  814  771  536  681 1023 1378 1647 2080 2252 2125 1852
667A Lytt  201612061 1607 1199  650  690  635  739 1140 1516 1856 2012 2091 1972
667A Lytt  201612062 1624 1140 1004  667  556  809 1106 1520 1887 2171 2181 2200
667A Lytt  201612071 1924 1659 1139  796  820  617  911 1388 1623 1962 2265 2178
667A Lytt  201612072 1958 1686 1311 1000  653  794  881 1152 1616 2014 2125 2364
667A Lytt  201612081 2211 1790 1421 1058  728  485  616  864 1334 1623 2016 2256
667A Lytt  201612082 2176 1844 1658 1213  736  618  581  793 1153 1539 1980 2155
667A Lytt  201612091 2261 2232 1778 1366 1041  575  474  584  864 1314 1759 2173
667A Lytt  201612092 2297 2191 2053 1564 1119  899  535  588  790 1204 1641 2107
667A Lytt  201612101 2460 2456 2246 1847 1400  975  552  393  643  952 1386 1965
667A Lytt  201612102 2311 2453 2372 2126 1782 1238  791  757  520  843 1395 1727
667A Lytt  201612111 2147 2551 2554 2246 1908 1446  873  540  498  684 1024 1575
667A Lytt  201612112 2115 2359 2643 2481 2170 1728 1117  752  408  402  877 1301
667A Lytt  201612121 1650 2305 2598 2409 2356 1978 1379  905  629  540  568 1205
667A Lytt  201612122 1754 2074 2567 2781 2524 2263 1675 1155  687  448  471  681
667A Lytt  201612131 1204 1874 2238 2501 2603 2342 1760 1209  777  407  184  581
667A Lytt  201612132 1035 1608 2178 2624 2733 2548 2231 1671  942  670  469  284
667A Lytt  201612141  695 1344 1797 2226 2694 2589 2187 1818 1257  773  341  393
667A Lytt  201612142  622  975 1738 2305 2643 2861 2753 2265 1750 1034  661  426
667A Lytt  201612151  381  847 1338 1908 2329 2667 2604 2230 1686 1151  611  347
667A Lytt  201612152  210  430 1025 1626 2201 2650 2778 2607 2186 1664 1005  615
667A Lytt  201612161  365  451  749 1333 1861 2309 2627 2454 2194 1769 1079  623
667A Lytt  201612162  382  291  488 1051 1694 2202 2556 2776 2510 2122 1568  990
667A Lytt  201612171  529  406  437  658 1288 1903 2215 2493 2512 2224 1529 1154
667A Lytt  201612172  741  287  274  653 1148 1670 2233 2615 2601 2528 2101 1472
667A Lytt  201612181  979  661  432  475  918 1368 1851 2309 2546 2489 2096 1779
667A Lytt  201612182 1164  698  528  485  686 1362 1821 2212 2565 2670 2480 1923
667A Lytt  201612191 1484 1014  583  419  601  853 1282 1817 2162 2412 2215 1981
667A Lytt  201612192 1586 1076  633  506  434  767 1232 1613 2158 2420 2369 2250
667A Lytt  201612201 1823 1353  924  558  497  505 1044 1331 1711 2282 2247 2220
667A Lytt  201612202 2059 1550  994  749  646  580  837 1395 1776 2114 2444 2365
667A Lytt  201612211 2176 1807 1443  895  657  741  715  968 1555 1935 2129 2330
667A Lytt  201612212 2280 1909 1523 1176  903  671  800 1078 1406 1790 2171 2316
667A Lytt  201612221 2298 2166 1660 1305 1009  748  643  838 1336 1589 1971 2299
667A Lytt  201612222 2380 2274 1899 1646 1224  956  700  950 1165 1435 1864 2167
667A Lytt  201612231 2225 2351 1977 1505 1356  951  657  765  988 1345 1649 2084
667A Lytt  201612232 2330 2280 2265 1986 1433 1251 1016  856 1036 1304 1649 1913
667A Lytt  201612241 2213 2437 2237 1905 1638 1230  915  832  790 1099 1349 1826
667A Lytt  201612242 2067 2197 2215 2067 1721 1381 1030  882  737  959 1253 1518
667A Lytt  201612251 1842 2195 2191 1979 1818 1418 1064  781  800  774 1086 1508
667A Lytt  201612252 1875 1968 2271 2261 1846 1795 1243  929  795  858  919 1155
667A Lytt  201612261 1660 2003 2009 2090 1991 1622 1187 1002  742  637  856 1168
667A Lytt  201612262 1520 1875 2209 2244 2116 1991 1429 1127 1062  830  889 1026
667A Lytt  201612271 1469 1912 1981 2095 2258 1889 1570 1244  904  680  790  993
667A Lytt  201612272 1260 1692 1965 2245 2231 2226 1791 1473 1091  865  832  850
667A Lytt  201612281 1170 1522 1885 2069 2234 2240 1773 1493 1199  935  769  906
667A Lytt  201612282 1204 1381 1941 2191 2339 2363 2116 1831 1264 1110  939  809
667A Lytt  201612291  987 1350 1691 1893 2133 2267 2030 1694 1403 1090  670  749
667A Lytt  201612292  957 1056 1596 2000 2176 2303 2293 2013 1477 1240  963  635
667A Lytt  201612301  757 1053 1323 1696 2043 2186 2046 1839 1678 1118  813  721
667A Lytt  201612302  756  733 1193 1759 1938 2228 2390 2160 1838 1422 1258  745
667A Lytt  201612311  692  939 1038 1401 1852 2162 2063 2123 1994 1508 1084  904
667A Lytt  201612312  775  688 1085 1509 1839 2202 2433 2408 2219 1825 1440 1004
