667A Lyttelton          New Zealand         2012 43360S 172430E 0000 3 00000R MM
667A Lytt  201201011 1884 1638 1265  839  702  668  850 1073 1519 1903 1977 2197
667A Lytt  201201012 2112 1708 1412 1106  872  774  829 1228 1397 1702 2066 2129
667A Lytt  201201021 2013 1929 1518 1090  970  649  688  884 1288 1551 1838 2148
667A Lytt  201201022 2145 1972 1653 1414 1014  855  836  843 1117 1536 1662 1959
667A Lytt  201201031 2122 1998 1702 1394 1055  821  646  668  930 1256 1531 1902
667A Lytt  201201032 2100 1991 1858 1566 1171  971  716  776  809 1163 1497 1668
667A Lytt  201201041 1944 2226 1822 1639 1373 1061  662  676  828  909 1342 1746
667A Lytt  201201042 1901 2106 2038 1832 1441 1357  954  789  909  965 1247 1645
667A Lytt  201201051 1932 1999 2105 1888 1604 1311  887  717  705  831 1119 1532
667A Lytt  201201052 1867 2009 2162 2169 1727 1576 1159  889  786  889  970 1371
667A Lytt  201201061 1649 1990 2112 2097 1944 1625 1214  962  789  792  904 1351
667A Lytt  201201062 1725 1952 2220 2277 2120 1832 1504 1145  893  809  848 1081
667A Lytt  201201071 1472 1820 2012 2175 2141 1895 1480 1091  868  732  641 1015
667A Lytt  201201072 1368 1713 2057 2204 2195 2083 1642 1287  912  791  619  754
667A Lytt  201201081 1144 1577 1744 2062 2162 2006 1691 1287  911  598  599  669
667A Lytt  201201082  965 1398 1807 2148 2173 2271 1936 1526 1151  892  613  623
667A Lytt  201201091  859 1225 1618 1960 2138 2187 2048 1612 1200  877  591  621
667A Lytt  201201092  725 1092 1577 1986 2155 2363 2222 1887 1539 1038  737  579
667A Lytt  201201101  668  859 1326 1724 2026 2196 2208 1988 1512 1174  760  628
667A Lytt  201201102  505  865 1202 1665 2119 2438 2331 2233 1943 1346  994  653
667A Lytt  201201111  585  715  970 1478 1945 2186 2242 2270 1959 1503 1052  785
667A Lytt  201201112  509  576  900 1295 1842 2333 2469 2400 2336 1783 1375  865
667A Lytt  201201121  642  623  672 1103 1677 1983 2265 2433 2214 1941 1479 1121
667A Lytt  201201122  704  653  747 1052 1496 2104 2483 2481 2576 2301 1829 1328
667A Lytt  201201131 1086  669  618  978 1338 1811 2111 2504 2461 2273 2031 1458
667A Lytt  201201132 1052  766  676  720 1157 1654 2028 2463 2620 2326 2194 1692
667A Lytt  201201141 1128  866  583  576  915 1335 1645 2156 2389 2399 2156 1837
667A Lytt  201201142 1319  824  640  582  649 1216 1676 2143 2349 2666 2350 1959
667A Lytt  201201151 1667  998  698  515  539  886 1235 1757 2158 2365 2362 2188
667A Lytt  201201152 1738 1254  886  545  458  793 1157 1475 1988 2323 2311 2142
667A Lytt  201201161 1855 1385  912  568  496  512  761 1246 1766 2063 2288 2232
667A Lytt  201201162 1993 1577 1052  651  463  453  659 1037 1466 1958 2134 2204
667A Lytt  201201171 2103 1702 1243  804  526  332  427  734 1202 1679 2017 2309
667A Lytt  201201172 2193 1837 1603  963  581  554  376  568 1080 1500 1747 2209
667A Lytt  201201181 2213 1966 1691 1294  775  457  378  518  813 1359 1732 2197
667A Lytt  201201182 2480 2215 2044 1704 1080  802  590  485  740 1280 1581 1938
667A Lytt  201201191 2343 2290 2040 1841 1326  854  626  472  524  833 1548 1967
667A Lytt  201201192 2343 2581 2519 2133 1819 1396  848  594  707  782 1133 1698
667A Lytt  201201201 2041 2341 2342 2172 1816 1282  939  519  432  663 1001 1467
667A Lytt  201201202 2013 2340 2461 2412 2152 1708 1167  875  610  619  717 1275
667A Lytt  201201211 1753 2159 2421 2420 2303 1889 1241  900  565  371  719 1037
667A Lytt  201201212 1620 2096 2399 2562 2549 2229 1763 1170 1002  666  525  900
667A Lytt  201201221 1300 1873 2193 2422 2537 2188 1789 1290  795  608  540  700
667A Lytt  201201222 1179 1725 2218 2485 2714 2579 2164 1711 1174  814  497  534
667A Lytt  201201231  812 1375 1809 2119 2509 2483 2167 1697 1194  745  575  414
667A Lytt  201201232  692 1142 1629 2089 2403 2594 2269 1945 1542  977  560  440
667A Lytt  201201241  527  749 1329 1820 2146 2364 2281 2013 1448  979  692  349
667A Lytt  201201242  399  587 1158 1681 2103 2293 2474 2191 1804 1371  865  510
667A Lytt  201201251  404  600  696 1430 1876 2093 2264 2241 1836 1387  970  623
667A Lytt  201201252  450  485  795 1153 1813 2183 2360 2375 2211 1773 1290  909
667A Lytt  201201261  670  583  642 1005 1587 1869 2287 2488 2273 1942 1538  976
667A Lytt  201201262  836  518  599  909 1517 2215 2164 2498 2623 2209 1798 1379
667A Lytt  201201271 1022  667  716  881 1336 1712 2037 2343 2379 2289 1841 1474
667A Lytt  201201272 1141  756  719  778 1098 1671 1867 2248 2371 2322 2047 1591
667A Lytt  201201281 1263  901  828  685 1054 1475 1729 2104 2370 2281 2125 1800
667A Lytt  201201282 1400 1007  877  756  885 1430 1657 1975 2366 2357 2156 1823
667A Lytt  201201291 1633 1093  717  719  745 1000 1408 1583 1933 2279 2087 1915
667A Lytt  201201292 1681 1323  977  740  761 1033 1241 1632 2022 2156 2244 2143
667A Lytt  201201301 1644 1544 1066  775  789  852 1173 1440 1763 2039 2187 2178
667A Lytt  201201302 1818 1611 1341  835  832  959 1051 1303 1666 1970 2058 2087
667A Lytt  201201311 1989 1641 1345 1028  825  734  871 1233 1392 1896 2085 2127
667A Lytt  201201312 2134 1814 1554 1131  950  942  924 1110 1451 1809 1915 2228
667A Lytt  201202011 2072 1853 1683 1298 1036  760  888 1011 1199 1595 1939 2124
667A Lytt  201202012 2245 2006 1858 1459 1161 1027  740  913 1181 1472 1621 2027
667A Lytt  201202021 2068 1908 1881 1542 1210  885  788  839  881 1326 1665 1964
667A Lytt  201202022 2029 2151 1982 1583 1378 1085  766  710  847 1023 1377 1726
667A Lytt  201202031 1865 2000 1885 1674 1357  988  750  650  638  911 1293 1624
667A Lytt  201202032 1827 2084 2023 1794 1521 1232  804  650  651  738  994 1384
667A Lytt  201202041 1689 1879 1942 1832 1557 1229  834  607  492  612  894 1344
667A Lytt  201202042 1686 1933 2091 1938 1793 1499  957  752  630  524  753 1089
667A Lytt  201202051 1477 1728 1924 1998 1756 1480 1156  713  550  509  617 1015
667A Lytt  201202052 1499 1790 2131 2241 2058 1831 1338  960  669  599  583  828
667A Lytt  201202061 1221 1666 1839 2086 2136 1731 1433  989  585  417  523  636
667A Lytt  201202062 1056 1567 1932 2092 2224 2083 1637 1224  861  542  478  489
667A Lytt  201202071  818 1316 1668 1961 2126 2010 1661 1344  730  502  403  350
667A Lytt  201202072  671 1173 1559 1999 2254 2210 1919 1534 1062  585  445  385
667A Lytt  201202081  481  858 1388 1786 2059 2117 1952 1700 1057  723  427  251
667A Lytt  201202082  365  705 1314 1700 2120 2412 2147 1878 1580  975  479  454
667A Lytt  201202091  318  550 1120 1524 1960 2186 2309 2083 1633 1215  764  371
667A Lytt  201202092  389  492  929 1402 1952 2431 2362 2354 2111 1556 1027  654
667A Lytt  201202101  497  491  798 1292 1844 2045 2419 2391 2023 1686 1157  729
667A Lytt  201202102  337  380  564 1013 1559 2101 2324 2381 2397 1929 1345  884
667A Lytt  201202111  609  325  465  837 1396 1734 2188 2522 2176 2092 1670 1045
667A Lytt  201202112  624  398  386  544 1113 1736 1981 2348 2474 2171 1882 1283
667A Lytt  201202121  806  437  340  478  919 1318 1838 2249 2323 2342 2047 1531
667A Lytt  201202122 1058  589  405  407  606 1200 1573 1983 2413 2315 2140 1705
667A Lytt  201202131 1168  827  357  381  548  768 1413 1859 2109 2340 2358 1897
667A Lytt  201202132 1437 1026  651  333  383  821 1110 1481 2076 2327 2222 2033
667A Lytt  201202141 1658 1225  623  470  415  395  935 1423 1747 2165 2463 2213
667A Lytt  201202142 1886 1505 1046  522  427  519  634 1086 1623 2052 2071 2285
667A Lytt  201202151 2001 1509 1130  719  410  246  529  918 1283 1694 2247 2261
667A Lytt  201202152 2095 1863 1499  906  553  543  318  633 1151 1505 1841 2211
667A Lytt  201202161 2169 1905 1523 1153  720  359  350  608  823 1272 1894 2187
667A Lytt  201202162 2186 2207 1906 1402  991  659  497  354  762 1153 1506 1944
667A Lytt  201202171 2281 2138 1909 1689 1139  653  528  424  494  923 1548 1828
667A Lytt  201202172 2165 2322 2266 1901 1411 1142  644  403  530  798 1088 1616
667A Lytt  201202181 2082 2173 2201 2055 1698 1106  747  620  372  670 1060 1508
667A Lytt  201202182 1859 2308 2480 2125 1932 1634  955  588  546  556  704 1189
667A Lytt  201202191 1632 1996 2116 2276 1957 1452 1097  707  302  455  648  958
667A Lytt  201202192 1490 1944 2269 2253 2144 1905 1331  795  663  437  371  798
667A Lytt  201202201 1219 1648 1977 2253 2131 1778 1499 1031  487  378  493  559
667A Lytt  201202202 1069 1621 2042 2184 2314 2216 1689 1206  969  548  438  681
667A Lytt  201202211  831 1351 1772 2129 2241 2065 1911 1456  859  630  478  512
667A Lytt  201202212  717 1237 1761 2011 2301 2433 2015 1662 1286  804  532  509
667A Lytt  201202221  685  958 1423 1883 2181 2166 2214 1861 1331  946  717  517
667A Lytt  201202222  632 1066 1486 1823 2301 2539 2266 2094 1834 1256  899  752
667A Lytt  201202231  695  869 1217 1748 2140 2295 2362 2274 1778 1411 1159  650
667A Lytt  201202232  555  835 1134 1472 2018 2433 2385 2211 2241 1620 1124  854
667A Lytt  201202241 9999 9999 9999 9999 9999 9999 9999 9999 9999 9999 9999 9999
667A Lytt  201202242 9999 9999 9999 9999 9999 9999 9999 9999 9999 9999 9999 9999
667A Lytt  201202251 9999 9999 9999 9999 9999 9999 9999 9999 9999 9999 9999 9999
667A Lytt  201202252 9999 9999 9999 9999 9999 9999 9999 9999 9999 1969 1652 1408
667A Lytt  201202261  940  745  584  934 1079 1440 1940 2093 2016 2155 1871 1411
667A Lytt  201202262  989  864  633  618  896 1400 1534 1866 2074 2089 1729 1474
667A Lytt  201202271 1091  750  538  717  804 1007 1544 1834 1895 2079 2016 1593
667A Lytt  201202272 1236 1009  760  546  803 1158 1273 1594 2033 2082 1885 1771
667A Lytt  201202281 1616  944  711  827  680  795 1447 1635 1804 2203 2221 1827
667A Lytt  201202282 1583 1459  954  707  863 1001 1032 1516 1919 1818 2071 2051
667A Lytt  201202291 1605 1293 1024  860  628  787 1152 1293 1617 2053 2153 2072
667A Lytt  201202292 1909 1652 1338 1061  904  899 1054 1330 1640 1931 2152 2210
667A Lytt  201203011 2084 1837 1631 1325 1140  979 1205 1355 1593 1956 2303 2244
667A Lytt  201203012 2227 2053 1593 1369 1171  886 1006 1084 1400 1841 2003 2184
667A Lytt  201203021 2248 1995 1738 1513 1131  891  975 1076 1213 1659 2150 2100
667A Lytt  201203022 2265 2380 1912 1611 1409 1113  863 1019 1250 1494 1901 2135
667A Lytt  201203031 2153 2194 2019 1647 1369 1121  895  955 1127 1332 1903 2169
667A Lytt  201203032 2231 2492 2256 1788 1687 1222  880  755 1009 1158 1386 1834
667A Lytt  201203041 2163 2166 1993 1912 1500 1045  938  572  664  877 1262 1629
667A Lytt  201203042 1957 2120 2150 1882 1589 1299  813  587  693  670  897 1464
667A Lytt  201203051 1830 1897 2065 2089 1644 1237  972  670  404  573  864 1240
667A Lytt  201203052 1549 2059 2121 1982 1969 1437  979  603  571  382  573 1035
667A Lytt  201203061 1479 1775 2117 2159 1926 1605 1266  720  406  435  501  882
667A Lytt  201203062 1352 1841 2124 2172 2194 1964 1319  848  633  333  405  642
667A Lytt  201203071  988 1532 1933 2123 2111 1906 1550 1027  536  332  253  393
667A Lytt  201203072  859 1406 1756 2112 2244 2102 1654 1162  811  341  255  269
667A Lytt  201203081  581 1024 1608 1953 2100 2130 1901 1332  835  408  129   64
667A Lytt  201203082  357  793 1406 1850 2186 2250 1945 1554 1079  632  280  123
667A Lytt  201203091  285  601 1189 1736 2042 2245 2175 1842 1337  807  392  102
667A Lytt  201203092  211  429  913 1588 2028 2256 2360 2009 1582 1134  676  192
667A Lytt  201203101  225  402  800 1399 1897 2230 2512 2235 1859 1412  910  432
667A Lytt  201203102  245  371  645 1255 1825 2222 2554 2477 2185 1883 1226  699
667A Lytt  201203111  456  447  519 1132 1719 2156 2507 2612 2369 1997 1629 1084
667A Lytt  201203112  499  456  578  838 1493 2014 2350 2693 2644 2327 1883 1300
667A Lytt  201203121  828  524  505  751 1205 1703 2217 2535 2575 2438 2050 1499
667A Lytt  201203122  962  524  444  408  768 1376 1784 2098 2459 2487 2064 1610
667A Lytt  201203131 1254  653  320  449  631 1070 1655 2047 2345 2488 2350 1935
667A Lytt  201203132 1424  915  538  392  389  765 1253 1592 2066 2370 2234 2007
667A Lytt  201203141 1598 1014  537  468  402  506 1082 1591 1966 2260 2511 2284
667A Lytt  201203142 1772 1550  955  447  530  584  779 1271 1715 2136 2386 2248
667A Lytt  201203151 1964 1559 1077  618  435  399  663 1058 1482 1990 2311 2335
667A Lytt  201203152 2185 1911 1485  821  555  508  417  704 1242 1680 1951 2276
667A Lytt  201203161 2122 1853 1546 1038  637  399  464  654 1032 1507 1911 2277
667A Lytt  201203162 2283 2147 1874 1407  847  619  501  437  837 1322 1638 1979
667A Lytt  201203171 2386 2071 1849 1683 1024  720  474  560  651 1054 1573 2053
667A Lytt  201203172 2201 2259 2283 1744 1398  951  597  511  545  983 1326 1717
667A Lytt  201203181 2167 2291 2133 2024 1570 1015  752  610  574  750 1281 1720
667A Lytt  201203182 1947 2272 2391 2164 1820 1351  987  615  542  686  968 1371
667A Lytt  201203191 1877 2101 2287 2188 1876 1475  960  710  511  421  733 1302
667A Lytt  201203192 1497 1948 2381 2103 1982 1733 1164  741  514  534  477  915
667A Lytt  201203201 1448 1800 2071 2287 1997 1736 1439  887  595  429  544  753
667A Lytt  201203202 1178 1707 2030 2183 2160 1981 1457 1003  782  553  402  691
667A Lytt  201203211 1054 1394 1803 2218 2160 1927 1830 1204  820  627  458  632
667A Lytt  201203212  813 1370 1838 2013 2343 2104 1867 1478 1061  669  556  669
667A Lytt  201203221  803 1226 1692 2088 2278 2191 2189 1661 1238 1015  635  572
667A Lytt  201203222 9999 9999 9999 9999 9999 9999 9999 9999 9999 9999 9999 9999
667A Lytt  201203231 9999 9999 9999 9999 9999 9999 9999 9999 9999 9999 9999 9999
667A Lytt  201203232 9999 9999 9999 9999 9999 9999 9999 9999 9999 9999 9999 9999
667A Lytt  201203241  763  948 1259 1763 2022 2263 2396 2267 1985 1589 1209  877
667A Lytt  201203242  817  797 1067 1500 1840 2170 2280 2234 2072 1744 1309 1042
667A Lytt  201203251  734  801 1056 1275 1721 1992 2314 2262 2238 1868 1506 1120
667A Lytt  201203252  799  754  952 1234 1516 1844 2165 2142 2118 1954 1576 1164
667A Lytt  201203261  973  794  805 1087 1412 1783 2038 2229 2240 1984 1680 1374
667A Lytt  201203262  989  760  778  903 1199 1537 1809 2076 2105 2019 1876 1346
667A Lytt  201203271 1101  911  740  869 1164 1542 1791 2036 2236 2134 1876 1528
667A Lytt  201203272 1230  911  773  761  988 1246 1475 1905 1969 2001 2004 1517
667A Lytt  201203281 1204  993  658  676  800 1150 1467 1661 2034 2098 1870 1728
667A Lytt  201203282 1362 1100  761  704  763  872 1228 1606 1718 1919 1992 1630
667A Lytt  201203291 1383 1038  847  581  584  870 1065 1412 1805 1875 1922 1876
667A Lytt  201203292 1528 1179  892  706  563  602  854 1290 1388 1724 1972 1707
667A Lytt  201203301 1464 1318  952  660  548  659  753 1103 1518 1691 1931 2020
667A Lytt  201203302 1699 1427 1166  869  554  564  682  968 1262 1593 1892 1861
667A Lytt  201203311 1736 1642 1254  882  700  643  573  881 1327 1464 1811 2111
667A Lytt  201203312 1886 1716 1438 1086  740  486  531  762  966 1361 1725 1941
667A Lytt  201204011 1877 1839 1645 1106  846  723  547  569 1014 1334 1598 1976
667A Lytt  201204012 2129 1913 1729 1483 1012  620  596  549  661 1117 1589 1714
667A Lytt  201204021 1969 2180 1803 1493 1192  872  504  524  788  978 1372 1917
667A Lytt  201204022 2087 2135 2092 1797 1404  939  633  586  446  844 1342 1581
667A Lytt  201204031 1966 2181 2132 1864 1484 1166  806  444  581  709  999 1622
667A Lytt  201204032 2045 2140 2237 2180 1739 1267  790  603  347  562  983 1261
667A Lytt  201204041 1669 2203 2212 2020 1905 1526  865  484  576  277  555 1222
667A Lytt  201204042 1679 1890 2270 2346 1892 1563 1107  750  251  348  491  707
667A Lytt  201204051 1256 1902 2116 2224 2170 1813 1208  773  479  143  279  607
667A Lytt  201204052 1077 1642 2026 2273 2188 1935 1470  990  394  344  300  412
667A Lytt  201204061  871 1532 1964 2147 2434 2267 1698 1294  783  297  116  336
667A Lytt  201204062  701 1197 1809 2254 2435 2266 2090 1496  842  578  241  197
667A Lytt  201204071  607 1079 1550 2132 2446 2526 2218 1846 1391  563  422  241
667A Lytt  201204072  293  748 1366 2001 2297 2457 2339 2057 1435  974  541  182
667A Lytt  201204081  381  670 1098 1780 2297 2598 2536 2415 1902 1327  752  466
667A Lytt  201204082  282  411  856 1549 1981 2356 2611 2431 2026 1624 1015  518
667A Lytt  201204091  373  475  697 1241 2016 2395 2584 2759 2561 1896 1391  976
667A Lytt  201204092  440  362  561  993 1468 2012 2425 2547 2383 2179 1507  982
667A Lytt  201204101  528  467  346  706 1341 1885 2293 2689 2769 2277 2066 1383
667A Lytt  201204102  823  431  375  538  965 1464 1936 2394 2367 2434 2121 1348
667A Lytt  201204111 1013  620  292  384  798 1359 1759 2287 2634 2485 2297 1984
667A Lytt  201204112 1383  784  584  506  453  977 1450 1960 2251 2552 2415 1914
667A Lytt  201204121 1612 1079  617  407  609  961 1204 1917 2455 2397 2546 2515
667A Lytt  201204122 1772 1383 1073  530  438  687  996 1531 1902 2375 2479 2378
667A Lytt  201204131 2074 1609 1174  790  507  783  958 1332 1919 2263 2447 2518
667A Lytt  201204132 2344 1856 1324 1044  657  407  692 1011 1422 1919 2364 2324
667A Lytt  201204141 2168 2064 1488  886  798  580  466  888 1305 1701 2028 2385
667A Lytt  201204142 2366 1983 1761 1414  740  553  549  592  815 1495 1889 2061
667A Lytt  201204151 2204 2224 1751 1273 1038  581  341  537  833 1126 1590 2031
667A Lytt  201204152 2154 2059 2037 1618 1009  725  493  406  483  976 1466 1707
667A Lytt  201204161 2002 2219 1981 1613 1389  903  499  434  618  702 1132 1710
667A Lytt  201204162 1983 1951 2124 1910 1356  969  640  448  278  668  991 1317
667A Lytt  201204171 1767 2048 2018 1879 1711 1218  709  665  498  470  823 1319
667A Lytt  201204172 1668 1848 2162 2086 1637 1322  952  612  403  475  699 1037
667A Lytt  201204181 1391 1916 2009 2015 1949 1552 1004  762  630  281  540  922
667A Lytt  201204182 1297 1578 1966 2079 1814 1619 1223  725  478  403  520  644
667A Lytt  201204191 1100 1621 1794 1940 2079 1797 1295 1012  765  398  421  693
667A Lytt  201204192  940 1342 1779 1897 1989 1758 1582 1115  611  574  531  414
667A Lytt  201204201  716 1359 1637 1721 2162 1963 1542 1362 1046  456  464  578
667A Lytt  201204202  608 1012 1529 1826 1863 1931 1805 1353  937  790  479  410
667A Lytt  201204211  670 1043 1398 1684 2019 2025 1813 1677 1277  755  567  546
667A Lytt  201204212  605  667 1269 1646 1685 1958 1879 1605 1311  991  664  493
667A Lytt  201204221  557  848 1134 1530 1962 2091 1956 1977 1548 1127  792  604
667A Lytt  201204222  640  633 1090 1415 1688 1944 2017 1852 1664 1348  917  688
667A Lytt  201204231  608  774  908 1396 1830 1959 2082 2206 1836 1470 1169  847
667A Lytt  201204232  699  613  925 1240 1568 1725 2075 2062 1810 1685 1254  917
667A Lytt  201204241  673  725  901 1132 1594 1987 2082 2174 2145 1815 1377 1117
667A Lytt  201204242  943  634  773 1137 1349 1578 2010 2127 1949 1889 1677 1145
667A Lytt  201204251  877  794  872  812 1371 1781 1825 2181 2302 1925 1718 1429
667A Lytt  201204252 1134  745  782 1016 1093 1383 1853 2093 1979 2123 1982 1446
667A Lytt  201204261 1179 1011  909  727 1345 1535 1687 2137 2360 2196 1953 1785
667A Lytt  201204262 1477  945  902 1067  939 1306 1771 1916 2163 2256 2194 1878
667A Lytt  201204271 1501 1471  929  943 1256 1393 1564 2142 2408 2272 2274 2247
667A Lytt  201204272 1771 1343 1293 1007  747 1159 1517 1625 1940 2395 2206 2015
667A Lytt  201204281 1879 1524 1133  925 1099 1017 1264 1793 2078 2068 2330 2365
667A Lytt  201204282 1856 1565 1372  936  748  948 1121 1303 1701 2131 2253 2161
667A Lytt  201204291 2008 1739 1439  983 1050  940  968 1585 1825 2045 2182 2527
667A Lytt  201204292 2333 1647 1674 1210  822  745 1089 1171 1425 1922 2243 2257
667A Lytt  201204301 2288 2172 1648 1197 1256  797  689 1162 1546 1557 2143 2543
667A Lytt  201204302 2324 2080 2046 1540  987  975  911  797 1296 1745 1934 2309
667A Lytt  201205011 2497 2249 2041 1647 1289  895  790  964 1181 1406 1836 2291
667A Lytt  201205012 2403 2323 2170 1772 1239  908  726  557  735 1236 1600 1885
667A Lytt  201205021 2241 2317 2050 1817 1464  914  499  509  539  836 1133 1743
667A Lytt  201205022 2002 2199 2253 1693 1501  945  532  211  366  635  952 1426
667A Lytt  201205031 1881 2169 2068 1968 1683 1053  577  422  178  262  672 1174
667A Lytt  201205032 1646 1984 2214 2007 1593 1273  742  266  125  347  497  945
667A Lytt  201205041 1588 1964 2160 2244 2055 1551  990  748  257   65  390  797
667A Lytt  201205042 1217 1757 2132 2212 2036 1686 1209  584  350  161  165  580
667A Lytt  201205051 1072 1660 2023 2238 2410 2014 1494  961  579  126   73  283
667A Lytt  201205052  806 1314 1825 2134 2223 2067 1691 1032  597  318   39  120
667A Lytt  201205061  625 1210 1646 2088 2518 2310 2005 1626  933  459  164  153
667A Lytt  201205062  295  859 1509 1816 2197 2430 2110 1627 1222  708  261  204
667A Lytt  201205071  254  716 1376 1861 2385 2621 2470 2277 1707 1055  619  388
667A Lytt  201205072  252  440 1051 1631 1948 2434 2644 2128 1886 1373  821  411
667A Lytt  201205081  335  511  887 1489 2060 2517 2634 2703 2326 1686 1212  853
667A Lytt  201205082  374  356  663 1152 1558 2102 2533 2387 2344 1958 1300  875
667A Lytt  201205091  437  410  454  915 1586 2043 2420 2760 2640 2171 1772 1349
667A Lytt  201205092  720  415  463  698 1055 1655 2231 2333 2490 2451 1827 1360
667A Lytt  201205101  892  547  328  511 1162 1409 1915 2554 2626 2432 2173 1769
667A Lytt  201205102 1130  744  532  375  640 1182 1595 1965 2348 2501 2239 1728
667A Lytt  201205111 1331  910  399  378  630  980 1274 2008 2382 2283 2392 2177
667A Lytt  201205112 1566 1118  751  443  368  690 1192 1488 1965 2414 2332 2091
667A Lytt  201205121 1838 1366  771  588  628  598  967 1622 2009 2140 2467 2513
667A Lytt  201205122 1982 1662 1348  761  563  645  864 1207 1688 2163 2415 2444
667A Lytt  201205131 2218 1952 1532 1027  923  666  828 1302 1691 1958 2311 2591
667A Lytt  201205132 2429 2079 1815 1312  809  778  724  900 1405 1839 2257 2433
667A Lytt  201205141 2463 2367 1847 1523 1259  920  720 1062 1406 1639 2066 2557
667A Lytt  201205142 2486 2376 2201 1672 1258 1061  792  795 1156 1540 1953 2272
667A Lytt  201205151 2469 2576 2252 1879 1659 1179  870  998 1103 1389 1724 2232
667A Lytt  201205152 2456 2431 2461 2106 1657 1297  974  840  984 1272 1618 1997
667A Lytt  201205161 2363 2502 2547 2240 1989 1497 1217 1093 1057 1153 1479 1999
667A Lytt  201205162 2217 2365 2467 2354 1930 1610 1158  981  855  973 1346 1585
667A Lytt  201205171 2031 2355 2446 2378 2271 1797 1396 1189  873  905 1100 1514
667A Lytt  201205172 1876 2190 2381 2304 2054 1851 1380 1022  942  773 1003 1305
667A Lytt  201205181 1683 2054 2272 2381 2446 2099 1612 1457 1111 1006 1018 1338
667A Lytt  201205182 1654 2008 2322 2389 2297 2181 1787 1355 1166 1043  903 1226
667A Lytt  201205191 1503 1860 2252 2414 2514 2231 1951 1584 1226  946  899  977
667A Lytt  201205192 1182 1621 1903 2121 2203 2192 1763 1424 1104  780  736  769
667A Lytt  201205201 1012 1406 1735 1966 2280 2119 1864 1710 1089  804  623  594
667A Lytt  201205202  797 1100 1437 1772 1849 2028 1787 1514 1258  734  675  601
667A Lytt  201205211  608  992 1444 1729 2065 2063 1961 1833 1405  935  674  686
667A Lytt  201205212  573  784 1240 1576 1694 2017 1883 1637 1443  977  733  582
667A Lytt  201205221  566  725 1122 1527 1921 1989 2120 1977 1589 1239  872  677
667A Lytt  201205222  557  693  958 1316 1510 1944 1925 1822 1660 1250  933  660
667A Lytt  201205231  565  630  884 1281 1796 1844 2131 2234 1783 1558 1122  817
667A Lytt  201205232  636  586  743 1076 1380 1813 1911 1925 1950 1562 1263  961
667A Lytt  201205241  715  686  788 1120 1594 1775 2135 2302 2062 1914 1565 1226
667A Lytt  201205242  924  759  825  902 1282 1786 1799 1996 2189 1807 1644 1269
667A Lytt  201205251 1001  644  689  984 1239 1562 1946 2237 2189 2142 1759 1436
667A Lytt  201205252 1084  767  697  813  991 1348 1651 1846 2251 1965 1836 1570
667A Lytt  201205261 1088  845  652  722  990 1272 1700 2061 2164 2182 2029 1714
667A Lytt  201205262 1352  988  801  735  798 1162 1441 1748 2116 2307 2016 1798
667A Lytt  201205271 1548 1096  788  683  884  993 1398 1805 2122 2257 2186 2035
667A Lytt  201205272 1768 1277  994  802  709  969 1206 1564 1929 2209 2307 2174
667A Lytt  201205281 1801 1569 1077  805  857  788 1108 1619 1936 2058 2396 2271
667A Lytt  201205282 2007 1669 1243 1001  604  791  946 1246 1634 1968 2322 2259
667A Lytt  201205291 2103 1847 1403 1074  832  694  878 1206 1544 1898 2216 2290
667A Lytt  201205292 2204 1973 1553 1097  832  654  674  928 1310 1681 2138 2363
667A Lytt  201205301 2203 2074 1802 1268 1034  660  727  808 1197 1634 1928 2364
667A Lytt  201205302 2354 2220 1974 1461 1011  830  469  604  937 1302 1807 2127
667A Lytt  201205311 2318 2375 1989 1654 1450  725  580  598  707 1182 1524 2043
667A Lytt  201205312 2269 2276 2128 1733 1264  959  465  375  642  832 1362 1910
667A Lytt  201206011 2143 2390 2418 1935 1742 1088  738  445  461  752  999 1573
667A Lytt  201206012 2040 2250 2234 2073 1625 1205  660  419  260  477  894 1383
667A Lytt  201206021 1828 2211 2460 2250 2000 1579  979  648  387  370  594 1187
667A Lytt  201206022 1668 2027 2440 2433 1994 1743 1206  713  507  277  600 1044
667A Lytt  201206031 1538 1973 2318 2625 2638 1957 1654 1122  641  325  350  778
667A Lytt  201206032 1078 1704 2238 2331 2449 2252 1581 1169  818  318  305  669
667A Lytt  201206041  964 1542 2146 2414 2646 2534 2105 1616 1101  579  376  406
667A Lytt  201206042  770 1229 1868 2157 2591 2697 2097 1816 1259  763  471  413
667A Lytt  201206051  728 1120 1736 2261 2715 2811 2653 2325 1722 1116  734  484
667A Lytt  201206052  453  864 1378 1922 2442 2819 2570 2277 2052 1338  752  615
667A Lytt  201206061  408  659 1258 1843 2365 2714 2904 2628 2303 1669 1103  824
667A Lytt  201206062  455  527  943 1426 1966 2382 2557 2643 2224 1688 1427  763
667A Lytt  201206071  454  458  757 1153 1864 2289 2622 2775 2611 2136 1554 1189
667A Lytt  201206072  708  408  505  845 1362 1913 2263 2504 2613 2140 1756 1253
667A Lytt  201206081  828  493  508  764 1298 1698 2278 2510 2667 2461 2059 1653
667A Lytt  201206082 1086  780  543  588 1050 1428 1867 2371 2598 2346 2234 1722
667A Lytt  201206091 1194  802  545  524  862 1339 1775 2124 2536 2608 2231 2057
667A Lytt  201206092 1599 1024  709  541  668 1029 1403 1845 2278 2382 2448 2117
667A Lytt  201206101 1558 1385  763  582  716  972 1207 1766 2173 2341 2497 2196
667A Lytt  201206102 1872 1501  970  671  746  655 1019 1499 1911 2114 2497 2341
667A Lytt  201206111 1820 1695 1214  883  757  786 1031 1459 1796 2161 2335 2456
667A Lytt  201206112 2188 1867 1446 1050  939  639  858 1217 1515 1915 2406 2465
667A Lytt  201206121 2222 2065 1688 1297 1012  822  943 1213 1408 1863 2104 2262
667A Lytt  201206122 2561 1986 1677 1478  998  669  649  865 1165 1403 1809 2288
667A Lytt  201206131 2256 2170 1954 1466 1269  949  633  979 1131 1323 1596 2198
667A Lytt  201206132 2198 2139 2073 1533 1292  932  757  672  894 1297 1591 1971
667A Lytt  201206141 2257 2254 2144 1815 1497 1168  880  763  898 1093 1384 1873
667A Lytt  201206142 2120 2134 2105 1861 1550 1196  820  647  734  904 1249 1666
667A Lytt  201206151 2117 2144 2184 2026 1819 1459  916  944  699  764 1216 1583
667A Lytt  201206152 1769 2052 2228 2000 1737 1521  857  661  745  627  870 1376
667A Lytt  201206161 1697 1832 2147 2103 1839 1554 1180  924  490  680  810 1037
667A Lytt  201206162 1432 1836 1795 1989 1817 1559 1070  869  705  412  810  942
667A Lytt  201206171 1331 1826 2068 2002 2145 1897 1466 1135  848  712  536  905
667A Lytt  201206172 1319 1552 1798 2180 2013 1790 1603 1137  793  724  673  918
667A Lytt  201206181 1177 1610 2000 2182 2359 2168 1921 1506 1121  884  712  908
667A Lytt  201206182 1132 1583 1812 2097 2323 2202 1858 1711 1261  853  872  877
667A Lytt  201206191 1097 1505 1893 2176 2450 2388 2201 1937 1470 1114  859  853
667A Lytt  201206192  956 1267 1659 2013 2244 2304 2052 1837 1482 1103  850  819
667A Lytt  201206201  860 1137 1625 1954 2322 2392 2323 2135 1754 1265  912  886
667A Lytt  201206202  692 1034 1349 1740 2050 2222 2277 1999 1725 1324 1072  745
667A Lytt  201206211  668 1071 1196 1642 2163 2395 2372 2292 2066 1448 1176  905
667A Lytt  201206212  727  787 1106 1399 1742 2127 2109 2098 2067 1399 1206  853
667A Lytt  201206221  567  754  899 1272 1816 2122 2243 2346 2156 1687 1293 1112
667A Lytt  201206222  658  597  728 1056 1467 1884 2104 2209 2120 1795 1540 1136
667A Lytt  201206231  853  649  776 1081 1485 1932 2283 2339 2437 2087 1603 1340
667A Lytt  201206232  933  684  820  750 1284 1631 1916 2159 2376 2205 1739 1510
667A Lytt  201206241 1085  708  706  849 1157 1569 2018 2351 2305 2378 2018 1642
667A Lytt  201206242 1247  925  734  768 1053 1410 1792 2032 2363 2273 2044 1708
667A Lytt  201206251 1257  919  791  647  898 1334 1700 2112 2369 2451 2271 2017
667A Lytt  201206252 1716 1297  960  696  929 1160 1385 1858 2163 2370 2304 2037
667A Lytt  201206261 1682 1232  892  736  766  868 1455 1740 2083 2472 2412 2127
667A Lytt  201206262 1971 1501  976  813  811  768 1028 1599 1949 2224 2465 2415
667A Lytt  201206271 2067 1654 1341  814  747  751 1000 1486 1811 2281 2340 2420
667A Lytt  201206272 2291 1835 1559 1078  862  725  817 1276 1718 2061 2408 2586
667A Lytt  201206281 2401 2130 1586 1302 1136  664  974 1119 1352 1927 2309 2590
667A Lytt  201206282 2487 2358 1937 1447 1133  801  719  918 1313 1666 2121 2418
667A Lytt  201206291 2522 2416 2032 1697 1266  778  702  622 1108 1212 1774 2211
667A Lytt  201206292 2325 2283 2022 1656 1092  814  347  406  620 1015 1443 1936
667A Lytt  201206301 2288 2362 2072 1764 1478  807  488  363  362  589 1034 1591
667A Lytt  201206302 1897 2126 2181 1665 1339  945  346  166  107  412  888 1350
667A Lytt  201207011 1847 2181 2186 1963 1807 1169  690  324  309   38  517 1126
667A Lytt  201207012 1459 1905 2252 2079 1603 1411  765  232  166   75  400  849
667A Lytt  201207021 1463 1845 2251 2341 2217 1751 1286  781  348  105  330  490
667A Lytt  201207022 1171 1689 2028 2251 2142 1936 1364  817  482  181  252  399
667A Lytt  201207031 1017 1644 2015 2364 2717 2108 1909 1374  871  380  164  382
667A Lytt  201207032  739 1246 1780 2231 2303 2339 1924 1371  929  457  181  301
667A Lytt  201207041  625 1074 1671 2198 2573 2426 2330 1923 1276  762  317  322
667A Lytt  201207042  235  832 1364 1778 2175 2529 2178 1892 1366  805  427   96
667A Lytt  201207051  247  642 1031 1656 2309 2364 2467 2325 1762 1162  732  343
667A Lytt  201207052  195  380  818 1401 1836 2323 2317 2268 1922 1438  793  487
667A Lytt  201207061  314  352  627 1276 1789 2189 2572 2532 2235 1747 1248  652
667A Lytt  201207062  429  428  353  887 1619 1808 2148 2579 2220 1736 1557  904
667A Lytt  201207071  494  311  533  726 1317 1853 2284 2388 2472 2135 1470 1186
667A Lytt  201207072  735  346  414  552  924 1461 1876 2171 2434 2092 1837 1343
667A Lytt  201207081  852  545  386  480  865 1387 1761 2100 2374 2146 1897 1532
667A Lytt  201207082 1052  663  400  330  550 1041 1394 1807 2194 2246 2009 1635
667A Lytt  201207091 1287  890  490  440  650  888 1323 1747 2140 2087 2066 1887
667A Lytt  201207092 1318  996  567  475  354  683 1039 1420 1865 2072 2178 1935
667A Lytt  201207101 1548 1259  775  497  631  557 1047 1360 1683 2059 2004 2034
667A Lytt  201207102 1756 1285 1029  542  455  550  648 1092 1547 1811 2069 2086
667A Lytt  201207111 1797 1597 1071  853  675  551  756 1133 1385 1702 1982 1949
667A Lytt  201207112 2069 1651 1345  998  625  601  596  819 1281 1641 1901 2061
667A Lytt  201207121 2124 1867 1464 1189  993  564  783  784 1064 1482 1715 2052
667A Lytt  201207122 2040 2048 1615 1334  990  744  516  812  992 1269 1915 2063
667A Lytt  201207131 2025 2270 1862 1537 1299  875  743  805  986 1164 1596 1965
667A Lytt  201207132 2140 2050 2082 1646 1298  985  723  772  755 1087 1696 1798
667A Lytt  201207141 2073 2323 2089 1871 1637 1222  929  835  987  875 1385 1821
667A Lytt  201207142 1951 2208 2218 1988 1734 1403  884  982  918  889 1451 1774
667A Lytt  201207151 2045 2194 2340 2214 1862 1539 1211  872  822  877 1082 1490
667A Lytt  201207152 1927 2055 2201 2251 1890 1641 1197  933  841  756 1067 1443
667A Lytt  201207161 1821 2073 2339 2256 2131 1925 1438 1134  926  849  756 1142
667A Lytt  201207162 1534 2017 2112 2231 2181 1765 1539 1108  954  704  934 1172
667A Lytt  201207171 1431 1973 2222 2253 2123 2069 1625 1147  953  733  528  871
667A Lytt  201207172 1349 1479 1877 2197 2139 1843 1714 1264  804  653  725  740
667A Lytt  201207181 1065 1514 1957 2105 2236 2150 1890 1479 1067  812  571  653
667A Lytt  201207182  982 1315 1715 2015 2225 2042 1866 1526 1163  759  702  584
667A Lytt  201207191  815 1243 1682 1963 2273 2337 2071 1729 1344  898  502  655
667A Lytt  201207192  665  860 1447 1837 1939 2201 2135 1722 1307  971  738  364
667A Lytt  201207201  709  849 1258 1752 2169 2275 2223 2126 1531 1132  747  623
667A Lytt  201207202  452  715 1121 1502 1798 2098 2167 1891 1633 1188  889  404
667A Lytt  201207211  406  596  885 1336 1927 2091 2262 2298 1877 1342 1036  650
667A Lytt  201207212  412  524  714 1164 1553 1830 2148 2168 1932 1544 1194  669
667A Lytt  201207221  518  301  720 1026 1413 1969 2206 2225 2164 1723 1234  955
667A Lytt  201207222  513  390  475  852 1221 1646 1894 2285 2068 1782 1545  976
667A Lytt  201207231  520  438  376  659 1097 1585 1934 2202 2297 1966 1545 1255
667A Lytt  201207232  740  462  405  597  854 1355 1716 2122 2172 2124 1897 1379
667A Lytt  201207241  981  679  385  398  925 1201 1541 2173 2367 1976 2118 1634
667A Lytt  201207242 1121  817  488  409  589 1093 1386 1797 2269 2244 2133 1824
667A Lytt  201207251 1476  901  545  510  616  829 1330 1772 2047 2223 2082 2030
667A Lytt  201207252 1457 1058  690  372  426  658  931 1353 1969 2112 2284 2146
667A Lytt  201207261 1660 1422  815  542  521  500  903 1282 1708 1932 2163 2132
667A Lytt  201207262 1794 1512  938  555  298  519  525  959 1454 1871 2182 2190
667A Lytt  201207271 2047 1749 1223  703  607  398  506  827 1238 1632 1964 2241
667A Lytt  201207272 2044 1787 1466 1004  525  403  376  621 1078 1536 2018 2267
667A Lytt  201207281 2304 2108 1776 1330  942  531  467  587  868 1274 1740 2149
667A Lytt  201207282 2285 2237 1850 1514  947  602  360  478  758 1105 1805 2092
667A Lytt  201207291 2379 2460 2249 1852 1529  972  632  503  673  836 1396 1935
667A Lytt  201207292 2299 2376 2339 2041 1530 1179  645  522  525  897 1377 1791
667A Lytt  201207301 2358 2510 2618 2390 2049 1501 1108  792  704  665 1018 1713
667A Lytt  201207302 2036 2433 2696 2399 2184 1683 1109  735  468  666  924 1170
667A Lytt  201207311 1971 2343 2395 2583 2342 1831 1301 1011  567  208  526 1010
667A Lytt  201207312 1322 1816 2326 2406 2075 1942 1327  876  538  185  423  636
667A Lytt  201208011 1179 1699 2251 2387 2385 2176 1735 1253  704  353  277  396
667A Lytt  201208012  782 1425 1862 2125 2312 2212 1675 1273  735  338  252  201
667A Lytt  201208021  587 1225 1620 2068 2502 2342 2011 1687 1104  547  252  317
667A Lytt  201208022  425  874 1457 1918 2189 2401 2114 1766 1261  724  384  263
667A Lytt  201208031  350  710 1302 1722 2245 2422 2267 2057 1597  973  450  412
667A Lytt  201208032  215  464  977 1564 1811 2304 2345 1995 1691 1260  675  284
667A Lytt  201208041  314  365  803 1325 1886 2213 2363 2253 1999 1397  914  631
667A Lytt  201208042  305  293  686 1132 1558 1998 2252 2244 2013 1737 1174  675
667A Lytt  201208051  488  400  570  972 1567 1941 2235 2490 2219 1872 1405 1042
667A Lytt  201208052  485  489  584  783 1266 1786 2023 2385 2305 2092 1652 1191
667A Lytt  201208061  910  516  547  755 1389 1585 2084 2347 2275 2144 1847 1476
667A Lytt  201208062  953  743  655  599  983 1547 1698 2244 2451 2279 2070 1693
667A Lytt  201208071 1294  856  714  745  959 1323 1732 2108 2366 2272 2092 1842
667A Lytt  201208072 1429 1058  683  752  725 1149 1496 1883 2217 2355 2364 1965
667A Lytt  201208081 1622 1203 1039  685  830 1071 1340 1812 2044 2230 2178 2125
667A Lytt  201208082 1711 1229  983  758  657  830 1160 1497 1815 2158 2303 2136
667A Lytt  201208091 1823 1580 1183  760  834  937  967 1432 1848 1999 1960 2293
667A Lytt  201208092 1905 1521 1271 1033  586  705  978 1182 1401 1965 2186 2043
667A Lytt  201208101 2096 1739 1320 1028  914  628  868 1127 1268 1687 1823 2061
667A Lytt  201208102 1978 1651 1583 1026  642  754  706  764 1244 1597 1824 2024
667A Lytt  201208111 2143 1938 1564 1259 1125  671  660  934 1057 1249 1671 1949
667A Lytt  201208112 1907 1971 1767 1337  950  925  622  648 1001 1362 1575 1946
667A Lytt  201208121 2183 2124 1786 1666 1405  859  862  931  980 1218 1600 2011
667A Lytt  201208122 2147 2137 2161 1767 1337 1194  844  762  900 1211 1440 1793
667A Lytt  201208131 2221 2232 2170 2028 1743 1244 1053  960  859 1023 1416 1703
667A Lytt  201208132 1960 2195 2295 2043 1659 1395  974  822  730  964 1226 1520
667A Lytt  201208141 1941 2182 2206 2067 1957 1579  993 1000  785  625  893 1433
667A Lytt  201208142 1546 1861 2300 1898 1641 1604 1051  741  492  617  907  996
667A Lytt  201208151 1637 2007 1982 2089 2219 1609 1203 1037  757  436  659  937
667A Lytt  201208152 1403 1679 2109 2117 1891 1784 1335  929  615  636  558  780
667A Lytt  201208161 1288 1707 2070 2215 2350 1913 1674 1221  755  538  533  747
667A Lytt  201208162  963 1583 1921 2105 2165 2090 1687 1271  846  662  498  627
667A Lytt  201208171  924 1451 1876 2176 2473 2190 1994 1632 1098  640  623  640
667A Lytt  201208172  643 1200 1707 2053 2169 2259 1982 1568 1212  813  414  495
667A Lytt  201208181  576 1020 1491 1955 2289 2326 2152 1874 1307  911  490  422
667A Lytt  201208182  490  752 1282 1795 1935 2231 2189 1873 1441 1012  640  339
667A Lytt  201208191  406  674 1110 1614 2120 2336 2316 2197 1773 1309  721  583
667A Lytt  201208192  434  493 1022 1447 1900 2129 2409 2162 1919 1457 1010  598
667A Lytt  201208201  370  571  794 1283 1847 2251 2373 2420 2207 1644 1119  777
667A Lytt  201208202  552  388  667 1138 1559 1923 2300 2387 2120 1803 1479  800
667A Lytt  201208211  454  465  473  700 1369 1844 2096 2380 2257 1945 1461  948
667A Lytt  201208212  637  304  345  692 1030 1551 1943 2266 2280 2163 1777 1210
667A Lytt  201208221  833  567  317  461  966 1368 1702 2189 2349 2106 1862 1420
667A Lytt  201208222  885  565  344  403  643 1063 1568 1949 2202 2270 2182 1604
667A Lytt  201208231 1143  766  361  349  422  920 1308 1736 2064 2178 2019 1781
667A Lytt  201208232 1244  763  545  289  277  666 1095 1514 1882 2307 2223 1983
667A Lytt  201208241 1663 1173  633  465  386  389  927 1408 1664 2049 2242 1997
667A Lytt  201208242 1695 1370  882  490  321  475  690 1160 1597 2104 2345 2288
667A Lytt  201208251 2130 1677 1258  818  514  397  573 1044 1417 1769 2159 2296
667A Lytt  201208252 2117 1808 1428  867  537  445  511  779 1249 1740 2185 2324
667A Lytt  201208261 2371 2205 1724 1309  918  578  431  815 1101 1369 1914 2341
667A Lytt  201208262 2353 2223 1983 1521 1005  685  479  605  948 1388 1882 2193
667A Lytt  201208271 2514 2516 2166 1878 1403  926  549  659  673 1024 1520 1957
667A Lytt  201208272 2227 2425 2241 1907 1352  898  584  344  529  799 1311 1775
667A Lytt  201208281 2149 2520 2386 2062 1870 1249  734  643  431  562 1007 1511
667A Lytt  201208282 1896 2180 2361 2273 1735 1264  948  494  296  601  808 1273
667A Lytt  201208291 1690 2324 2408 2244 2256 1608 1062  792  436  304  549 1000
667A Lytt  201208292 1463 1819 2300 2362 1988 1768 1186  793  367  385  499  710
667A Lytt  201208301 1237 1894 2161 2218 2406 2058 1394 1058  714  271  283  636
667A Lytt  201208302  986 1433 1984 2317 2097 2036 1712 1064  564  542  290  293
667A Lytt  201208311  825 1457 1671 2074 2462 2165 1724 1436  936  286  278  375
667A Lytt  201208312  445  897 1643 1993 1918 2248 1923 1440  960  591  298  150
667A Lytt  201209011  487  798 1363 1839 2089 2238 2098 1731 1322  771  454  278
667A Lytt  201209012  407  565 1262 1706 1896 2241 2239 1820 1468 1054  685  355
667A Lytt  201209021  464  650 1057 1547 2022 2284 2283 2223 1794 1266  876  588
667A Lytt  201209022  491  653  958 1539 1907 2161 2463 2306 1943 1634 1194  736
667A Lytt  201209031  636  703  916 1358 1857 2184 2312 2486 2170 1710 1449  987
667A Lytt  201209032  698  623  985 1172 1670 2163 2357 2524 2444 2066 1644 1328
667A Lytt  201209041  899  791  967 1169 1620 1985 2310 2492 2388 2139 1672 1268
667A Lytt  201209042  935  708  598 1032 1471 1550 2146 2408 2361 2375 1981 1545
667A Lytt  201209051 1111  962  760  859 1267 1565 1949 2267 2269 2191 1993 1612
667A Lytt  201209052 1221  889  753  888 1077 1353 1863 2186 2122 2440 2206 1708
667A Lytt  201209061 1404 1159  822  742 1112 1286 1559 1992 2189 2128 2208 1874
667A Lytt  201209062 1532 1163  974  858  830 1236 1490 1866 2160 2384 2221 2007
667A Lytt  201209071 1763 1480  954  879  974 1125 1263 1706 2012 2016 2293 2100
667A Lytt  201209072 1751 1475 1222  960  901 1081 1295 1724 2087 2161 2438 2337
667A Lytt  201209081 1967 1678 1357 1045 1028  948 1164 1559 1729 1909 2214 2080
667A Lytt  201209082 2004 1703 1514 1068 1006  912  995 1349 1758 2027 2271 2429
667A Lytt  201209091 2221 1981 1707 1316 1092  971 1112 1147 1573 1863 1966 2223
667A Lytt  201209092 2144 1969 1694 1366 1053  878  885 1153 1343 1712 2087 2247
667A Lytt  201209101 2321 2157 1911 1593 1145 1048  765 1064 1209 1462 1814 2086
667A Lytt  201209102 2126 2157 1945 1575 1316 1015  846  930 1115 1542 1777 2104
667A Lytt  201209111 2201 2227 2089 1822 1490 1137  986  868 1018 1197 1538 1902
667A Lytt  201209112 2180 2184 2021 1939 1383 1153  863  759  867 1101 1466 1789
667A Lytt  201209121 2119 2222 2211 1988 1597 1268  800  702  650  809 1068 1486
667A Lytt  201209122 1874 1962 2100 1915 1543 1119  873  573  424  727 1015 1246
667A Lytt  201209131 1729 2199 2090 2060 1896 1350  960  685  578  345  780 1133
667A Lytt  201209132 1474 1851 2107 1972 1874 1336 1013  672  366  518  617 1034
667A Lytt  201209141 1467 1927 2133 2266 2052 1709 1228  865  564  331  550  774
667A Lytt  201209142 1279 1649 2042 2226 2152 1828 1441 1004  647  474  414  713
667A Lytt  201209151 1178 1637 2108 2281 2329 2170 1681 1203  719  406  389  437
667A Lytt  201209152  873 1386 1880 2181 2238 2124 1828 1304  793  619  276  377
667A Lytt  201209161  757 1268 1786 2117 2382 2385 2059 1602 1151  662  401  455
667A Lytt  201209162  545 1003 1645 2102 2288 2386 2269 1808 1266  918  499  327
667A Lytt  201209171  555  871 1456 1987 2300 2376 2309 1738 1782  794  578  337
667A Lytt  201209172  344  648 1141 1758 2120 2237 2467 2213 1624 1224  674  359
667A Lytt  201209181  191  445  828 1383 1861 2300 2354 2162 1929 1308  838  389
667A Lytt  201209182  259  319  566 1264 1792 2021 2437 2442 2110 1707 1194  674
667A Lytt  201209191  319  344  475 1003 1483 1989 2336 2322 2269 1832 1219  770
667A Lytt  201209192  452  213  331  816 1334 1670 2224 2512 2241 2184 1684 1066
667A Lytt  201209201  565  331  266  369  974 1498 1824 2231 2302 1998 1721 1149
667A Lytt  201209202  659  341  245  354  740 1215 1740 2122 2326 2323 2010 1539
667A Lytt  201209211  983  498  367  204  400  992 1306 1790 2119 2056 2012 1503
667A Lytt  201209212 1005  615  200  152  282  685 1092 1572 2024 2291 2073 1863
667A Lytt  201209221 1475  865  448  266  196  399  851 1299 1707 1972 2137 1918
667A Lytt  201209222 1394 1072  590  260  138  285  644 1036 1648 2093 2060 2227
667A Lytt  201209231 1980 1337  953  615  237  261  512  875 1264 1688 2106 2111
667A Lytt  201209232 1757 1649 1097  603  376  278  353  697 1232 1685 2062 2271
667A Lytt  201209241 2278 1872 1494 1119  545  403  353  517  893 1346 1829 2062
667A Lytt  201209242 2203 1946 1578 1200  776  332  374  478  764 1280 1732 2155
667A Lytt  201209251 2343 2198 2014 1612  975  668  525  405  597 1071 1537 1876
667A Lytt  201209252 2266 2321 1988 1782 1295  771  512  468  642  918 1449 1897
667A Lytt  201209261 2077 2450 2365 1906 1496 1154  707  427  464  744 1036 1654
667A Lytt  201209262 2065 2263 2275 2226 1759 1204  930  583  408  682 1006 1392
667A Lytt  201209271 1884 2223 2348 2208 1871 1516  954  569  451  433  625 1164
667A Lytt  201209272 1563 2003 2189 2275 2016 1646 1109  774  470  459  579 1031
667A Lytt  201209281 1455 1867 2262 2293 2087 1865 1437  850  554  477  408  730
667A Lytt  201209282 1218 1718 2019 2332 2222 1926 1549 1154  655  563  492  680
667A Lytt  201209291 1078 1562 2017 2208 2267 2100 1805 1311  849  517  480  592
667A Lytt  201209292  834 1415 1862 2281 2326 2264 2019 1544 1063  832  580  571
667A Lytt  201209301  982 1362 1768 2206 2417 2395 2146 1862 1356  922  730  585
667A Lytt  201209302  677 1182 1762 2066 2329 2518 2381 1998 1613 1294  870  682
667A Lytt  201210011  876 1151 1552 1908 2252 2502 2276 2125 1726 1236  881  677
667A Lytt  201210012  609  850 1272 1833 2064 2310 2502 2129 1958 1501 1044  818
667A Lytt  201210021  663  834 1134 1591 1942 2250 2346 2218 1931 1550 1022  843
667A Lytt  201210022  643  658  950 1484 1816 2063 2393 2393 2026 1958 1302  961
667A Lytt  201210031  872  782  954 1343 1673 2009 2376 2359 2178 1967 1530 1098
667A Lytt  201210032  863  745  871 1190 1558 1923 2196 2289 2378 1973 1654 1334
667A Lytt  201210041 1049  753  918 1083 1384 1840 2140 2256 2229 2198 1742 1266
667A Lytt  201210042 1039  817  728  865 1305 1654 1962 2207 2294 2338 1892 1621
667A Lytt  201210051 1334  987  839 1036 1033 1420 1926 2141 2146 2378 2044 1625
667A Lytt  201210052 1359 1151  839  913 1182 1527 1808 2200 2376 2224 2278 1851
667A Lytt  201210061 1473 1137  917  959  956 1275 1508 2001 2000 2192 2210 1771
667A Lytt  201210062 1500 1363  911  883  986 1185 1529 1902 2241 2339 2326 2099
667A Lytt  201210071 1675 1494 1192  867  833 1089 1278 1545 1865 2020 2215 2095
667A Lytt  201210072 1664 1425 1119  894  771  892  953 1584 1824 1963 2157 2142
667A Lytt  201210081 1886 1594 1371  998  761  891 1020 1199 1574 1944 2072 2131
667A Lytt  201210082 2000 1642 1361 1095  871  752  843 1223 1465 1887 2028 2166
667A Lytt  201210091 2174 1825 1587 1152  892  781  777  999 1208 1619 1942 1974
667A Lytt  201210092 2049 1979 1549 1332  939  797  670  867 1163 1587 1881 2096
667A Lytt  201210101 2224 1987 1814 1442 1013  721  723  727  812 1326 1674 1837
667A Lytt  201210102 2025 2101 1717 1514 1084  792  520  542  881 1093 1487 1898
667A Lytt  201210111 2102 2043 2043 1678 1158  887  662  434  524  996 1279 1567
667A Lytt  201210112 1996 2121 1929 1786 1325  960  648  542  573  782 1267 1630
667A Lytt  201210121 2014 2136 2264 1956 1666 1229  828  616  585  791 1144 1580
667A Lytt  201210122 1972 2301 2326 2222 1933 1541  993  702  691  731 1002 1447
667A Lytt  201210131 2044 2176 2611 2597 2037 1767 1304  976  798  668 1206 1400
667A Lytt  201210132 1891 2492 2507 2667 2526 1947 1554 1153  697  733  854 1047
667A Lytt  201210141 1677 2124 2395 2584 2419 2047 1729 1056  799  592  652  882
667A Lytt  201210142 1288 1826 2295 2427 2519 2235 1700 1235  830  537  450  633
667A Lytt  201210151 1083 1656 2093 2382 2541 2364 1930 1437  902  576  420  537
667A Lytt  201210152  851 1414 1942 2357 2530 2498 2230 1688 1168  814  458  488
667A Lytt  201210161  537 1239 1673 2137 2548 2498 2291 1923 1311  802  559  396
667A Lytt  201210162  468  992 1561 2068 2446 2704 2593 2221 1829 1274  754  468
667A Lytt  201210171  519  684 1231 1890 2302 2565 2733 2405 1897 1538  880  613
667A Lytt  201210172  485  701 1181 1598 2253 2671 2705 2620 2390 1768 1326  783
667A Lytt  201210181  521  478  807 1337 1883 2258 2706 2571 2255 1901 1376  728
667A Lytt  201210182  433  411  583 1136 1642 2203 2596 2736 2807 2237 1723 1286
667A Lytt  201210191  696  469  420  867 1267 1848 2303 2487 2496 2342 1747 1197
667A Lytt  201210192  779  384  410  553 1019 1594 2009 2471 2630 2467 2097 1612
667A Lytt  201210201 1090  652  387  517  758 1224 1810 2169 2405 2523 2198 1689
667A Lytt  201210202 1279  812  496  356  742 1083 1514 2206 2544 2594 2609 2199
667A Lytt  201210211 1663 1139  767  546  523  920 1354 1703 2241 2571 2421 2215
667A Lytt  201210212 1845 1304  874  551  536  812 1130 1550 2136 2444 2426 2527
667A Lytt  201210221 1988 1566 1013  792  473  438  911 1159 1617 2101 2458 2181
667A Lytt  201210222 2053 1769 1143  730  590  538  476 1150 1555 1898 2258 2493
667A Lytt  201210231 2231 1914 1550 1071  560  502  580  727 1201 1677 2045 2180
667A Lytt  201210232 2247 2080 1539 1138  888  516  360  688 1048 1458 1945 2242
667A Lytt  201210241 2373 2189 1871 1445  923  708  553  400  842 1312 1649 1996
667A Lytt  201210242 2393 2264 1996 1645 1276  793  458  695  796 1109 1626 2110
667A Lytt  201210251 2160 2448 2174 1874 1480  942  712  508  547  852 1334 1748
667A Lytt  201210252 2025 2286 2360 1971 1589 1317  850  563  703  875 1176 1650
667A Lytt  201210261 2184 2253 2330 2319 1758 1333 1075  687  420  775  975 1407
667A Lytt  201210262 1861 2169 2373 2250 2018 1641 1192  899  654  789  904 1296
667A Lytt  201210271 1816 2137 2242 2448 2146 1668 1367  972  552  641  749  991
667A Lytt  201210272 1555 1820 2237 2267 2204 2025 1387 1007  848  578  652  908
667A Lytt  201210281 1316 1738 1953 2282 2224 1826 1656 1083  674  637  532  583
667A Lytt  201210282 1045 1546 1845 2041 2226 2091 1639 1282  970  559  521  647
667A Lytt  201210291  863 1299 1671 2045 2089 2045 1836 1329  942  726  410  566
667A Lytt  201210292  780 1162 1600 1918 2186 2175 1994 1618 1239  829  641  588
667A Lytt  201210301  712 1030 1548 1796 2081 2202 2082 1738 1348  993  680  537
667A Lytt  201210302  704  922 1417 1781 2083 2312 2148 1961 1623 1237  884  694
667A Lytt  201210311  727  849 1193 1634 1987 2076 2153 2000 1573 1248  932  580
667A Lytt  201210312  479  828 1059 1436 1918 2238 2175 2106 1914 1439 1196  797
667A Lytt  201211011  685  704  947 1403 1688 1876 2209 2075 1830 1572 1254  810
667A Lytt  201211012  668  718  954 1214 1716 2171 2104 2284 2284 1726 1447 1208
667A Lytt  201211021  876  785  864 1181 1551 1683 2095 2162 1952 1859 1503 1061
667A Lytt  201211022  789  879  696 1047 1529 1882 2031 2252 2364 2025 1796 1478
667A Lytt  201211031 1096  900  919 1043 1348 1598 1959 2167 2128 2048 1751 1336
667A Lytt  201211032  990  757  775  766 1132 1548 1749 2047 2270 2113 1914 1580
667A Lytt  201211041 1248  965  723  846  998 1248 1656 1904 1943 2161 1875 1487
667A Lytt  201211042 1167  932  676  637  860 1230 1415 1806 2176 2066 2036 1812
667A Lytt  201211051 1340 1048  817  625  673  924 1296 1554 1781 2073 1946 1721
667A Lytt  201211052 1479 1082  820  616  748  871 1084 1587 1835 1989 2112 1905
667A Lytt  201211061 1564 1262  879  680  557  607  931 1275 1483 1864 1922 1828
667A Lytt  201211062 1566 1229  877  591  452  502  736 1080 1426 1715 1881 1853
667A Lytt  201211071 1648 1455 1156  693  457  467  687  827 1199 1661 1806 1761
667A Lytt  201211072 1782 1545 1005  764  601  387  478  826 1192 1490 1984 2145
667A Lytt  201211081 1935 1820 1511 1041  698  570  604  683 1012 1490 1792 1913
667A Lytt  201211082 2046 1825 1556 1148  847  603  417  668 1122 1338 1850 2183
667A Lytt  201211091 2150 2063 1881 1479  948  682  605  565  761 1269 1614 1830
667A Lytt  201211092 2252 2136 1818 1736 1224  775  622  620  869 1106 1619 2031
667A Lytt  201211101 2280 2348 2202 1899 1449 1050  773  588  666  952 1445 1937
667A Lytt  201211102 2225 2422 2385 2086 1797 1221  893  677  678  842 1350 1777
667A Lytt  201211111 2122 2494 2504 2251 1988 1467  933  618  554  745 1104 1567
667A Lytt  201211112 2019 2406 2574 2445 2198 1726 1208  829  666  533  879 1380
667A Lytt  201211121 1836 2246 2474 2566 2201 1810 1357  823  518  473  649 1042
667A Lytt  201211122 1570 2055 2467 2515 2364 2078 1493  999  672  425  406  762
667A Lytt  201211131 1272 1860 2137 2455 2545 2037 1718 1148  624  453  350  612
667A Lytt  201211132 1074 1652 2169 2460 2624 2504 1962 1455 1080  551  306  513
667A Lytt  201211141  784 1281 1911 2309 2470 2486 2185 1608 1083  678  359  292
667A Lytt  201211142  645 1073 1733 2217 2618 2719 2440 2124 1547  917  619  373
667A Lytt  201211151  374  851 1377 1957 2305 2571 2567 2127 1609 1172  568  345
667A Lytt  201211152  389  611 1200 1815 2309 2715 2760 2557 2177 1512 1117  585
667A Lytt  201211161  401  570  877 1480 2010 2407 2698 2574 2188 1690 1196  670
667A Lytt  201211162  429  375  721 1239 1872 2349 2775 2821 2610 2193 1711  964
667A Lytt  201211171  658  589  439 1007 1634 2056 2409 2833 2613 2230 1743 1279
667A Lytt  201211172  735  430  622  733 1373 1991 2396 2734 2904 2575 2220 1665
667A Lytt  201211181 1161  756  539  655 1094 1584 2080 2476 2703 2618 2235 1773
667A Lytt  201211182 1296  723  556  465  862 1389 1815 2264 2753 2655 2447 2115
667A Lytt  201211191 1539  942  644  523  547  888 1490 1881 2220 2540 2425 1983
667A Lytt  201211192 1652 1123  618  410  506  774 1158 1702 2231 2359 2511 2337
667A Lytt  201211201 1738 1406  898  506  472  531  905 1356 1796 2256 2390 2254
667A Lytt  201211202 2100 1520 1174  716  516  535  842 1205 1712 2150 2327 2473
667A Lytt  201211211 2178 1892 1363  874  684  511  583  971 1398 1889 2189 2392
667A Lytt  201211212 2291 1927 1599 1081  771  639  594  894 1331 1806 2070 2403
667A Lytt  201211221 2416 2199 1846 1359 1025  638  624  724 1024 1561 1930 2236
667A Lytt  201211222 2466 2228 1956 1702 1121  820  625  750  944 1224 1814 2107
667A Lytt  201211231 2208 2450 2098 1613 1387  936  616  646  756 1149 1567 1949
667A Lytt  201211232 2258 2298 2155 1980 1497 1100  875  603  769  977 1351 1790
667A Lytt  201211241 1982 2388 2283 1884 1774 1175  818  627  617  778 1155 1636
667A Lytt  201211242 1969 2201 2361 2137 1812 1515  988  864  751  708 1137 1563
667A Lytt  201211251 1723 2250 2413 2143 2087 1683 1152  835  757  781 1008 1357
667A Lytt  201211252 1842 2063 2353 2306 2139 2050 1422 1109  961  725  925 1259
667A Lytt  201211261 1517 1999 2262 2262 2252 1931 1560 1108  871  822  762 1088
667A Lytt  201211262 1545 1802 2162 2335 2351 2120 1772 1390 1079  856  904  988
667A Lytt  201211271 1250 1751 2023 2227 2342 2140 1862 1385 1076  938  734  977
667A Lytt  201211272 1289 1617 2051 2255 2384 2433 1971 1787 1323  987  881  808
667A Lytt  201211281 1060 1438 1771 2154 2363 2323 2050 1793 1380  998  938  823
667A Lytt  201211282 1056 1392 1833 2074 2425 2511 2245 2075 1622 1240  984  956
667A Lytt  201211291  991 1248 1704 1957 2169 2429 2329 1979 1787 1313 1008  802
667A Lytt  201211292 1051 1123 1549 1923 2288 2555 2381 2372 1989 1584 1250 1005
667A Lytt  201211301  891 1091 1364 1688 2113 2332 2288 2276 1981 1526 1148  988
667A Lytt  201211302  858  820 1300 1582 1934 2301 2394 2267 2166 1842 1346 1119
667A Lytt  201212011  852  920  955 1482 1780 1892 2239 2306 2075 1711 1340 1106
667A Lytt  201212012  888  921  930 1461 1832 2052 2334 2409 2290 2134 1770 1367
667A Lytt  201212021 1104  991 1003 1167 1585 1941 2113 2351 2274 2041 1641 1330
667A Lytt  201212022 1145  781  980 1185 1482 1802 2182 2417 2376 2262 1951 1613
667A Lytt  201212031 1154 1031  866  863 1298 1648 1867 2142 2308 2213 1894 1570
667A Lytt  201212032 1325  863  867 1025 1139 1594 1925 2220 2260 2407 2154 1698
667A Lytt  201212041 1449 1207  879  827 1190 1456 1648 2095 2359 2364 2238 2018
667A Lytt  201212042 1623 1178 1003 1041 1061 1444 1777 2161 2443 2593 2323 2228
667A Lytt  201212051 1814 1415 1154  919  961 1215 1426 1814 2236 2344 2384 2226
667A Lytt  201212052 1914 1425 1175 1052  788 1140 1455 1850 2065 2387 2553 2192
667A Lytt  201212061 2036 1710 1271  962  957 1012 1211 1587 1991 2243 2457 2517
667A Lytt  201212062 2112 1788 1548 1056  906 1025 1161 1392 1891 2226 2406 2368
667A Lytt  201212071 2202 1988 1510 1198  920  933 1018 1281 1713 2105 2332 2511
667A Lytt  201212072 2290 2015 1678 1204  882  682  826  938 1343 1782 2022 2287
667A Lytt  201212081 2234 2018 1595 1204  984  505  596  718 1004 1439 1833 2095
667A Lytt  201212082 2269 2088 1829 1356 1006  701  477  577  896 1254 1724 2007
667A Lytt  201212091 2218 2251 1874 1516 1150  682  459  460  651 1080 1529 1885
667A Lytt  201212092 2330 2226 2106 1872 1305  991  540  419  588  869 1272 1758
667A Lytt  201212101 2117 2331 2119 1881 1508 1028  551  435  352  627 1078 1589
667A Lytt  201212102 2041 2208 2353 2116 1761 1334  818  463  299  429  822 1267
667A Lytt  201212111 1686 2141 2253 2114 1817 1344  851  415  264  266  568 1066
667A Lytt  201212112 1605 2011 2341 2391 2126 1767 1185  766  375  277  378  769
667A Lytt  201212121 1275 1798 2186 2211 2142 1898 1174  637  426  142  154  533
667A Lytt  201212122 1227 1589 2084 2533 2368 2176 1846 1163  680  335  297  337
667A Lytt  201212131  660 1398 1870 2128 2447 2259 1780 1262  870  353   79  347
667A Lytt  201212132  654 1118 1832 2337 2473 2624 2319 1882 1228  816  432  280
667A Lytt  201212141  479  897 1480 2014 2412 2483 2292 1863 1359  928  274  233
667A Lytt  201212142  356  649 1226 1935 2431 2601 2597 2412 1792 1143  707  268
667A Lytt  201212151  205  308  854 1407 1933 2369 2423 2281 1907 1321  708  356
667A Lytt  201212152  272  191  609 1354 1874 2293 2641 2561 2284 1832 1205  694
667A Lytt  201212161  370  328  443  814 1589 2060 2305 2532 2408 1868 1348  848
667A Lytt  201212162  474  210  352  843 1274 1930 2377 2574 2647 2293 1734 1246
667A Lytt  201212171  745  424  367  469 1109 1523 2033 2407 2574 2419 1840 1356
667A Lytt  201212172 1078  510  310  534  860 1348 2049 2420 2478 2523 2368 1717
667A Lytt  201212181 1219  910  451  406  699 1125 1553 2076 2497 2552 2332 1962
667A Lytt  201212182 1502  997  655  516  659  999 1513 2011 2255 2567 2598 2220
667A Lytt  201212191 1681 1324  846  474  603  703 1103 1565 2027 2348 2319 2218
667A Lytt  201212192 1844 1308 1027  594  505  688  975 1423 1816 2223 2383 2317
667A Lytt  201212201 1979 1659 1139  654  597  544  744 1132 1608 1929 2304 2378
667A Lytt  201212202 2111 1823 1393 1014  676  760  738 1152 1531 1970 2265 2301
667A Lytt  201212211 2308 2007 1565 1127  784  657  529  764 1209 1631 2055 2273
667A Lytt  201212212 2336 2061 1797 1385 1028  802  678  886 1124 1481 1897 2106
667A Lytt  201212221 2181 2241 1783 1417 1120  699  591  593  879 1296 1556 1996
667A Lytt  201212222 2307 2075 1957 1783 1172  884  815  660  745 1127 1568 1766
667A Lytt  201212231 1968 2318 1947 1603 1409 1025  621  500  738  913 1179 1762
667A Lytt  201212232 2057 2007 2191 1899 1513 1247  901  697  560  911 1147 1526
667A Lytt  201212241 1761 2115 2133 1757 1681 1278  833  539  580  731  872 1373
667A Lytt  201212242 1855 1900 2167 2139 1777 1474 1129  918  587  719  936 1244
667A Lytt  201212251 1513 2017 2174 1891 2023 1677 1143  851  743  701  791 1183
667A Lytt  201212252 1669 1864 2153 2379 2084 1943 1450 1122  845  702  886  938
667A Lytt  201212261 1446 1771 1996 2132 2169 1851 1555 1184  790  751  653  880
667A Lytt  201212262 1319 1593 1982 2201 2235 1950 1796 1323  945  774  803  671
667A Lytt  201212271 1034 1502 1757 1891 2159 1994 1638 1393  969  690  527  731
667A Lytt  201212272 1030 1184 1766 2094 2088 2168 1957 1551 1165  846  703  557
667A Lytt  201212281  787 1135 1452 1800 1991 2008 1807 1512 1278  834  604  592
667A Lytt  201212282  764 1019 1412 1898 2106 2263 2058 1912 1506 1024  904  653
667A Lytt  201212291  622 1033 1368 1549 1985 2171 1976 1877 1689 1133  762  839
667A Lytt  201212292  764  804 1308 1812 2017 2234 2398 2121 1836 1489 1172  817
667A Lytt  201212301  706  991  999 1428 2003 2289 2142 2221 1922 1477 1179  922
667A Lytt  201212302  658  761 1067 1459 1855 2255 2270 2346 2158 1811 1436  960
667A Lytt  201212311  947  788  877 1316 1634 1964 2130 2125 2087 1813 1293 1058
667A Lytt  201212312  740  639  882 1126 1550 1929 2177 2348 2185 2042 1612 1203
