667A Lyttelton          New Zealand         2011 43360S 172430E 0000 3 00000R MM
667A Lytt  201101011 9999 9999 9999 9999 9999 9999 9999 9999 9999 9999 9999 9999
667A Lytt  201101012 9999 9999 9999 9999 9999 9999 9999 9999 9999 9999 9999 9999
667A Lytt  201101021 9999 9999 9999 9999 9999 9999 9999 9999 9999 9999 9999 9999
667A Lytt  201101022 9999 9999 9999 9999 9999 9999 9999 9999 9999 9999 9999 9999
667A Lytt  201101031 9999 9999 9999 9999 9999 9999 9999 9999 9999 9999 9999 9999
667A Lytt  201101032 9999 9999 9999 9999 9999 9999 9999 9999 9999 9999 9999 9999
667A Lytt  201101041 9999 9999 9999 9999 9999 9999 9999 9999 9999 9999 9999 9999
667A Lytt  201101042 9999 9999 9999 9999 9999 9999 9999 9999 9999 9999 9999 9999
667A Lytt  201101051 9999 9999 9999 9999 9999 9999 9999 9999 9999 9999 9999 9999
667A Lytt  201101052 9999 9999 9999 9999 9999 9999 9999 9999 9999 9999 9999 9999
667A Lytt  201101061 9999 9999 9999 9999 9999 9999 9999 9999 9999 9999 9999 9999
667A Lytt  201101062 9999 9999 9999 9999 9999 9999 9999 9999 9999 9999 9999 9999
667A Lytt  201101071 9999 9999 9999 9999 9999 9999 9999 9999 9999 9999 9999 9999
667A Lytt  201101072 9999 9999 9999 9999 9999 9999 9999 9999 9999 9999 9999 9999
667A Lytt  201101081 9999 9999 9999 9999 9999 9999 9999 9999 9999 9999 9999 9999
667A Lytt  201101082 9999 9999 9999 9999 9999 9999 9999 9999 9999 9999 9999 9999
667A Lytt  201101091 9999 9999 9999 9999 9999 9999 9999 9999 9999 9999 9999 9999
667A Lytt  201101092 9999 9999 9999 9999 9999 9999 9999 9999 9999 9999 9999 9999
667A Lytt  201101101 9999 9999 9999 9999 9999 9999 9999 9999 9999 9999 9999 9999
667A Lytt  201101102 9999 9999 9999 9999 9999 9999 9999 9999 9999 9999 9999 9999
667A Lytt  201101111 9999 9999 9999 9999 9999 9999 9999 9999 9999 9999 9999 9999
667A Lytt  201101112 9999 9999 9999 9999 9999 9999 9999 9999 9999 9999 9999 9999
667A Lytt  201101121 9999 9999 9999 9999 9999 9999 9999 9999 9999 9999 9999 9999
667A Lytt  201101122 9999 9999 9999 9999 9999 9999 9999 9999 9999 9999 9999 9999
667A Lytt  201101131 9999 9999 9999 9999 9999 9999 9999 9999 9999 9999 9999 9999
667A Lytt  201101132 9999 9999 9999 9999 9999 9999 9999 9999 9999 9999 9999 9999
667A Lytt  201101141 9999 9999 9999 9999 9999 9999 9999 9999 9999 9999 9999 9999
667A Lytt  201101142 9999 9999 9999 9999 9999 9999 9999 9999 9999 9999 9999 9999
667A Lytt  201101151 9999 9999 9999 9999 9999 9999 9999 9999 9999 9999 9999 9999
667A Lytt  201101152 9999 9999 9999 9999 9999 9999 9999 9999 9999 9999 9999 9999
667A Lytt  201101161 9999 9999 9999 9999 9999 9999 9999 9999 9999 9999 9999 9999
667A Lytt  201101162 9999 9999 9999 9999 9999 9999 9999 9999 9999 9999 9999 9999
667A Lytt  201101171 9999 9999 9999 9999 9999 9999 9999 9999 9999 9999 9999 9999
667A Lytt  201101172 9999 9999 9999 9999 9999 9999 9999 9999 9999 9999 9999 9999
667A Lytt  201101181 9999 9999 9999 9999 9999 9999 9999 9999 9999 9999 9999 9999
667A Lytt  201101182 9999 9999 9999 9999 9999 9999 9999 9999 9999 9999 9999 9999
667A Lytt  201101191 9999 9999 9999 9999 9999 9999 9999 9999 9999 9999 9999 9999
667A Lytt  201101192 9999 9999 9999 9999 9999 9999 9999 9999 9999 9999 9999 9999
667A Lytt  201101201 9999 9999 9999 9999 9999 9999 9999 9999 9999 9999 9999 9999
667A Lytt  201101202 9999 9999 9999 9999 9999 9999 9999 9999 9999 9999 9999 9999
667A Lytt  201101211 9999 9999 9999 9999 9999 9999 9999 9999 9999 9999 9999 9999
667A Lytt  201101212 9999 9999 9999 9999 9999 9999 9999 9999 9999 9999 9999 9999
667A Lytt  201101221 9999 9999 9999 9999 9999 9999 9999 9999 9999 9999 9999 9999
667A Lytt  201101222 9999 9999 9999 9999 9999 9999 9999 9999 9999 9999 9999 9999
667A Lytt  201101231 9999 9999 9999 9999 9999 9999 9999 9999 9999 9999 9999 9999
667A Lytt  201101232 9999 9999 9999 9999 9999 9999 9999 9999 9999 9999 9999 9999
667A Lytt  201101241 9999 9999 9999 9999 9999 9999 9999 9999 9999 9999 9999 9999
667A Lytt  201101242 9999 9999 9999 9999 9999 9999 9999 9999 9999 9999 9999 9999
667A Lytt  201101251 9999 9999 9999 9999 9999 9999 9999 9999 9999 9999 9999 9999
667A Lytt  201101252 9999 9999 9999 9999 9999 9999 9999 9999 9999 9999 9999 9999
667A Lytt  201101261 9999 9999 9999 9999 9999 9999 9999 9999 9999 9999 9999 9999
667A Lytt  201101262 9999 9999 9999 9999 9999 9999 9999 9999 9999 9999 9999 9999
667A Lytt  201101271 9999 9999 9999 9999 9999 9999 9999 9999 9999 9999 9999 9999
667A Lytt  201101272 9999 9999 9999 9999 9999 9999 9999 9999 9999 9999 9999 9999
667A Lytt  201101281 9999 9999 9999 9999 9999 9999 9999 9999 9999 9999 9999 9999
667A Lytt  201101282 9999 9999 9999 9999 9999 9999 9999 9999 9999 9999 9999 9999
667A Lytt  201101291 9999 9999 9999 9999 9999 9999 9999 9999 9999 9999 9999 9999
667A Lytt  201101292 9999 9999 9999 9999 9999 9999 9999 9999 9999 9999 9999 9999
667A Lytt  201101301 9999 9999 9999 9999 9999 9999 9999 9999 9999 9999 9999 9999
667A Lytt  201101302 9999 9999 9999 9999 9999 9999 9999 9999 9999 9999 9999 9999
667A Lytt  201101311 9999 9999 9999 9999 9999 9999 9999 9999 9999 9999 9999 9999
667A Lytt  201101312 9999 9999 9999 9999 9999 9999 9999 9999 9999 9999 9999 9999
667A Lytt  201102011 9999 9999 9999 9999 9999 9999 9999 9999 9999 9999 9999 9999
667A Lytt  201102012 9999 9999 9999 9999 9999 9999 9999 9999 9999 9999 9999 9999
667A Lytt  201102021 9999 9999 9999 9999 9999 9999 9999 9999 9999 9999 9999 9999
667A Lytt  201102022 9999 9999 9999 9999 9999 9999 9999 9999 9999 9999 9999 9999
667A Lytt  201102031 9999 9999 9999 9999 9999 9999 9999 9999 9999 9999 9999 9999
667A Lytt  201102032 9999 9999 9999 9999 9999 9999 9999 9999 9999 9999 9999 9999
667A Lytt  201102041 9999 9999 9999 9999 9999 9999 9999 9999 9999 9999 9999 9999
667A Lytt  201102042 9999 9999 9999 9999 9999 9999 9999 9999 9999 9999 9999 9999
667A Lytt  201102051 9999 9999 9999 9999 9999 9999 9999 9999 9999 9999 9999 9999
667A Lytt  201102052 9999 9999 9999 9999 9999 9999 9999 9999 9999 9999 9999 9999
667A Lytt  201102061 9999 9999 9999 9999 9999 9999 9999 9999 9999 9999 9999 9999
667A Lytt  201102062 9999 9999 9999 9999 9999 9999 9999 9999 9999 9999 9999 9999
667A Lytt  201102071 9999 9999 9999 9999 9999 9999 9999 9999 9999 9999 9999 9999
667A Lytt  201102072 9999 9999 9999 9999 9999 9999 9999 9999 9999 9999 9999 9999
667A Lytt  201102081 9999 9999 9999 9999 9999 9999 9999 9999 9999 9999 9999 9999
667A Lytt  201102082 9999 9999 9999 9999 9999 9999 9999 9999 9999 9999 9999 9999
667A Lytt  201102091 9999 9999 9999 9999 9999 9999 9999 9999 9999 9999 9999 9999
667A Lytt  201102092 9999 9999 9999 9999 9999 9999 9999 9999 9999 9999 9999 9999
667A Lytt  201102101 9999 9999 9999 9999 9999 9999 9999 9999 9999 9999 9999 9999
667A Lytt  201102102 9999 9999 9999 9999 9999 9999 9999 9999 9999 9999 9999 9999
667A Lytt  201102111 9999 9999 9999 9999 9999 9999 9999 9999 9999 9999 9999 9999
667A Lytt  201102112 9999 9999 9999 9999 9999 9999 9999 9999 9999 9999 9999 9999
667A Lytt  201102121 9999 9999 9999 9999 9999 9999 9999 9999 9999 9999 9999 9999
667A Lytt  201102122 9999 9999 9999 9999 9999 9999 9999 9999 9999 9999 9999 9999
667A Lytt  201102131 9999 9999 9999 9999 9999 9999 9999 9999 9999 9999 9999 9999
667A Lytt  201102132 9999 9999 9999 9999 9999 9999 9999 9999 9999 9999 9999 9999
667A Lytt  201102141 9999 9999 9999 9999 9999 9999 9999 9999 9999 9999 9999 9999
667A Lytt  201102142 9999 9999 9999 9999 9999 9999 9999 9999 9999 9999 9999 9999
667A Lytt  201102151 9999 9999 9999 9999 9999 9999 9999 9999 9999 9999 9999 9999
667A Lytt  201102152 9999 9999 9999 9999 9999 9999 9999 9999 9999 9999 9999 9999
667A Lytt  201102161 9999 9999 9999 9999 9999 9999 9999 9999 9999 9999 9999 9999
667A Lytt  201102162 9999 9999 9999 9999 9999 9999 9999 9999 9999 9999 9999 9999
667A Lytt  201102171 9999 9999 9999 9999 9999 9999 9999 9999 9999 9999 9999 9999
667A Lytt  201102172 9999 9999 9999 9999 9999 9999 9999 9999 9999 9999 9999 9999
667A Lytt  201102181 9999 9999 9999 9999 9999 9999 9999 9999 9999 9999 9999 9999
667A Lytt  201102182 9999 9999 9999 9999 9999 9999 9999 9999 9999 9999 9999 9999
667A Lytt  201102191 9999 9999 9999 9999 9999 9999 9999 9999 9999 9999 9999 9999
667A Lytt  201102192 9999 9999 9999 9999 9999 9999 9999 9999 9999 9999 9999 9999
667A Lytt  201102201 9999 9999 9999 9999 9999 9999 9999 9999 9999 9999 9999 9999
667A Lytt  201102202 9999 9999 9999 9999 9999 9999 9999 9999 9999 9999 9999 9999
667A Lytt  201102211 9999 9999 9999 9999 9999 9999 9999 9999 9999 9999 9999 9999
667A Lytt  201102212 9999 9999 9999 9999 9999 9999 9999 9999 9999 9999 9999 9999
667A Lytt  201102221 9999 9999 9999 9999 9999 9999 9999 9999 9999 9999 9999 9999
667A Lytt  201102222 9999 9999 9999 9999 9999 9999 9999 9999 9999 9999 9999 9999
667A Lytt  201102231 9999 9999 9999 9999 9999 9999 9999 9999 9999 9999 9999 9999
667A Lytt  201102232 9999 9999 9999 9999 9999 9999 9999 9999 9999 9999 9999 9999
667A Lytt  201102241 9999 9999 9999 9999 9999 9999 9999 9999 9999 9999 9999 9999
667A Lytt  201102242 9999 9999 9999 9999 9999 9999 9999 9999 9999 9999 9999 9999
667A Lytt  201102251 9999 9999 9999 9999 9999 9999 9999 9999 9999 9999 9999 9999
667A Lytt  201102252 9999 9999 9999 9999 9999 9999 9999 9999 9999 9999 9999 9999
667A Lytt  201102261 9999 9999 9999 9999 9999 9999 9999 9999 9999 9999 9999 9999
667A Lytt  201102262 9999 9999 9999 9999 9999 9999 9999 9999 9999 9999 9999 9999
667A Lytt  201102271 9999 9999 9999 9999 9999 9999 9999 9999 9999 9999 9999 9999
667A Lytt  201102272 9999 9999 9999 9999 9999 9999 9999 9999 9999 9999 9999 9999
667A Lytt  201102281 9999 9999 9999 9999 9999 9999 9999 9999 9999 9999 9999 9999
667A Lytt  201102282 9999 9999 9999 9999 9999 9999 9999 9999 9999 9999 9999 9999
667A Lytt  201103011 9999 9999 9999 9999 9999 9999 9999 9999 9999 9999 9999 9999
667A Lytt  201103012 9999 9999 9999 9999 9999 9999 9999 9999 9999 9999 9999 9999
667A Lytt  201103021 9999 9999 9999 9999 9999 9999 9999 9999 9999 9999 9999 9999
667A Lytt  201103022 9999 9999 9999 9999 9999 9999 9999 9999 9999 9999 9999 9999
667A Lytt  201103031 9999 9999 9999 9999 9999 9999 9999 9999 9999 9999 9999 9999
667A Lytt  201103032 9999 9999 9999 9999 9999 9999 9999 9999 9999 9999 9999 9999
667A Lytt  201103041 9999 9999 9999 9999 9999 9999 9999 9999 9999 9999 9999 9999
667A Lytt  201103042 9999 9999 9999 9999 9999 9999 9999 9999 9999 9999 9999 9999
667A Lytt  201103051 9999 9999 9999 9999 9999 9999 9999 9999 9999 9999 9999 9999
667A Lytt  201103052 9999 9999 9999 9999 9999 9999 9999 9999 9999 9999 9999 9999
667A Lytt  201103061 9999 9999 9999 9999 9999 9999 9999 9999 9999 9999 9999 9999
667A Lytt  201103062 9999 9999 9999 9999 9999 9999 9999 9999 9999 9999 9999 9999
667A Lytt  201103071 9999 9999 9999 9999 9999 9999 9999 9999 9999 9999 9999 9999
667A Lytt  201103072 9999 9999 9999 9999 9999 9999 9999 9999 9999 9999 9999 9999
667A Lytt  201103081 9999 9999 9999 9999 9999 9999 9999 9999 9999 9999 9999 9999
667A Lytt  201103082 9999 9999 9999 9999 9999 9999 9999 9999 9999 9999 9999 9999
667A Lytt  201103091 9999 9999 9999 9999 9999 9999 9999 9999 9999 9999 9999 9999
667A Lytt  201103092 9999 9999 9999 9999 9999 9999 9999 9999 9999 9999 9999 9999
667A Lytt  201103101 9999 9999 9999 9999 9999 9999 9999 9999 9999 9999 9999 9999
667A Lytt  201103102 9999 9999 9999 9999 9999 9999 9999 9999 9999 9999 9999 9999
667A Lytt  201103111 9999 9999 9999 9999 9999 9999 9999 9999 9999 9999 9999 9999
667A Lytt  201103112 9999 9999 9999 9999 9999 9999 9999 9999 9999 9999 9999 9999
667A Lytt  201103121 9999 9999 9999 9999 9999 9999 9999 9999 9999 9999 9999 9999
667A Lytt  201103122 9999 9999 9999 9999 9999 9999 9999 9999 9999 9999 9999 9999
667A Lytt  201103131 9999 9999 9999 9999 9999 9999 9999 9999 9999 9999 9999 9999
667A Lytt  201103132 9999 1458 1265  709  946  797  885 1411 1422 1510 1914 2044
667A Lytt  201103141 2352 1945 1534 1358  910  882  645  844 1388 1410 1929 2425
667A Lytt  201103142 2316 2161 2158 1647 1090  951  937  666 1007 1481 1611 2051
667A Lytt  201103151 2296 2343 1857 1806 1300  938  742  803  994 1223 1883 2214
667A Lytt  201103152 2300 2496 2378 1957 1568 1298  891  649  930 1123 1547 1907
667A Lytt  201103161 2301 2325 2336 2069 1627 1158  873  604  663  914 1359 1632
667A Lytt  201103162 2254 2447 2434 2416 1944 1390  918  698  560  851 1055 1483
667A Lytt  201103171 1969 2287 2382 2355 2010 1567 1107  776  419  568  860 1411
667A Lytt  201103172 1753 2404 2711 2484 2321 1968 1390  826  715  608  710 1217
667A Lytt  201103181 1640 2102 2527 2682 2469 2097 1567 1101  548  473  661  918
667A Lytt  201103182 1399 2060 2476 2640 2675 2462 1850 1282  909  526  459  732
667A Lytt  201103191 1142 1672 2218 2557 2600 2446 2076 1472  928  544  374  375
667A Lytt  201103192  881 1492 1985 2374 2753 2524 2227 1714 1117  635  405  253
667A Lytt  201103201  587 1063 1725 2273 2513 2633 2500 1935 1311  864  397  178
667A Lytt  201103202  422  746 1401 1937 2438 2613 2455 2106 1618  977  538  349
667A Lytt  201103211  250  518 1129 1705 2158 2505 2645 2301 1981 1340  748  486
667A Lytt  201103212  169  343  829 1475 1940 2316 2569 2352 2109 1506  995  410
667A Lytt  201103221  231  256  555 1137 1743 2211 2631 2488 2408 1925 1276  796
667A Lytt  201103222  347  212  421  872 1431 1864 2327 2494 2255 2110 1517  920
667A Lytt  201103231  472  329  341  601 1178 1687 2311 2437 2482 2383 1772 1264
667A Lytt  201103232  771  355  411  425  896 1275 1806 2268 2317 2240 1973 1409
667A Lytt  201103241  898  455  413  426  644 1181 1720 2122 2464 2411 2213 1879
667A Lytt  201103242 1303  771  468  431  518  882 1337 1868 2093 2350 2328 1807
667A Lytt  201103251 1439 1014  529  476  505  801 1265 1786 2163 2370 2516 2223
667A Lytt  201103252 1778 1392  936  628  561  687  993 1445 1863 2255 2482 2265
667A Lytt  201103261 1883 1651 1050  790  568  663  964 1393 1839 2182 2395 2472
667A Lytt  201103262 2261 1817 1475 1019  865  611  805 1229 1499 1978 2392 2390
667A Lytt  201103271 2277 2070 1649 1224  955  943  773  949 1527 1943 2314 2523
667A Lytt  201103272 2520 2331 1992 1575 1195  934  857 1007 1332 1734 2137 2345
667A Lytt  201103281 2442 2358 2022 1586 1224 1031  712  893 1185 1468 1869 2217
667A Lytt  201103282 2382 2288 2108 1828 1387 1625  698 1076 1333 1232 1830 1922
667A Lytt  201103291 2216 2417 2105 1852 1542 1196  855  755  952 1133 1423 1921
667A Lytt  201103292 2103 2237 2290 2014 1806 1302  901  767  761  950 1332 1604
667A Lytt  201103301 1919 2244 2223 2025 1827 1391 1037  861  687  913 1214 1492
667A Lytt  201103302 1972 2151 2256 2223 1961 1554 1169 1020  745  755 1062 1381
667A Lytt  201103311 1739 2067 2243 2127 2019 1694 1208 1023  785  812  966 1259
667A Lytt  201103312 1669 2029 2104 2518 2095 1867 1540 1100 1015  769 1010 1096
667A Lytt  201104011 1465 1878 2128 2228 2102 2027 1716 1131  990  866  909 1041
667A Lytt  201104012 1375 1847 1988 2251 2217 1982 1680 1373 1023  789  700  824
667A Lytt  201104021 1100 1644 1988 2104 2254 2168 1883 1396 1129  965  697  867
667A Lytt  201104022 1034 1358 1823 2087 2165 2133 1845 1615 1123  881  753  783
667A Lytt  201104031  967 1333 1853 2078 2206 2413 2167 1826 1497 1251  931  869
667A Lytt  201104032 1167 1318 1559 2156 2276 2141 2221 2048 1391 1171 1161  742
667A Lytt  201104041  890 1320 1637 1958 2232 2544 2286 2105 1904 1320 1124  992
667A Lytt  201104042 1030 1044 1508 1962 2161 2261 2325 2263 1791 1513 1268 1030
667A Lytt  201104051  929 1027 1323 1678 2027 2439 2370 2316 2081 1632 1372  997
667A Lytt  201104052 1021 1055 1105 1653 1952 2026 2238 2436 1963 1773 1475 1067
667A Lytt  201104061  907 1042 1267 1656 2052 2373 2362 2336 2415 1980 1518 1347
667A Lytt  201104062 1108  783 1003 1388 1689 1878 2231 2527 2442 2189 1840 1452
667A Lytt  201104071 1023 1116 1142 1210 1788 2197 2305 2412 2660 2282 1866 1708
667A Lytt  201104072 1302  961 1074 1292 1466 1752 2242 2291 2105 2302 2028 1453
667A Lytt  201104081 1257 1109  957 1043 1391 1744 1910 2262 2386 2236 2110 1748
667A Lytt  201104082 1238  891  815  934  980 1304 1597 1924 1936 2214 1858 1511
667A Lytt  201104091 1275  952  709  678  959 1193 1441 1853 2167 2007 1982 1832
667A Lytt  201104092 1413  900  749  718  581  911 1303 1567 1653 2103 2056 1615
667A Lytt  201104101 1464 1277  723  627  719  901 1093 1592 1972 1967 2167 2055
667A Lytt  201104102 1692 1341 1093  782  622  772 1034 1371 1554 1985 2173 1931
667A Lytt  201104111 1708 1592 1008  671  742  720  716 1251 1656 1791 2044 2205
667A Lytt  201104112 1926 1566 1327  927  526  524  723  959 1235 1792 1975 2011
667A Lytt  201104121 2023 1798 1383  984  742  632  507  867 1372 1573 1935 2294
667A Lytt  201104122 2239 1916 1691 1347  798  602  591  768  892 1457 1916 2009
667A Lytt  201104131 2147 2202 1711 1324 1030  787  390  643 1099 1213 1653 2242
667A Lytt  201104132 2350 2090 2113 1731 1104  764  616  548  655 1198 1632 1899
667A Lytt  201104141 2168 2481 2129 1807 1512  978  555  494  727  927 1386 1996
667A Lytt  201104142 2311 2346 2413 2206 1566 1117  816  566  409  781 1289 1624
667A Lytt  201104151 1993 2499 2337 2069 2007 1328  689  553  506  425  798 1522
667A Lytt  201104152 2033 2163 2461 2442 1991 1466  998  645  342  400  789 1192
667A Lytt  201104161 1714 2229 2547 2438 2203 2003 1403  856  474  316  493  990
667A Lytt  201104162 1579 2016 2446 2670 2417 1936 1593 1015  471  437  546  758
667A Lytt  201104171 1350 2043 2455 2603 2673 2508 1868 1366  975  467  408  751
667A Lytt  201104172 1166 1717 2357 2746 2770 2560 2212 1620 1041  696  593  454
667A Lytt  201104181  951 1631 2220 2578 2948 2961 2537 2064 1512  988  568  511
667A Lytt  201104182  807 1182 1764 2418 2551 2635 2577 2075 1411  984  653  387
667A Lytt  201104191  433 1008 1620 2026 2588 2860 2535 2430 1856 1254  756  461
667A Lytt  201104192  478  476 1146 1782 2127 2408 2689 2337 1835 1420  884  419
667A Lytt  201104201  249  493  849 1358 2019 2494 2554 2546 2325 1699 1148  694
667A Lytt  201104202  460  256  498 1177 1559 1978 2401 2503 2189 1835 1441  739
667A Lytt  201104211  451  471  479  847 1553 2033 2247 2620 2545 2116 1593 1222
667A Lytt  201104212  629  360  419  632 1040 1530 2069 2256 2280 2197 1829 1168
667A Lytt  201104221  694  509  407  431  993 1525 1861 2248 2563 2375 1948 1718
667A Lytt  201104222 1223  544  573  564  537 1108 1671 1954 2169 2419 2158 1650
667A Lytt  201104231 1247  906  444  398  796 1002 1393 1970 2295 2297 2343 2023
667A Lytt  201104232 1599 1021  801  633  464  801 1229 1638 1952 2348 2443 2078
667A Lytt  201104241 1762 1485  914  635  752  862 1046 1590 2103 2193 2313 2464
667A Lytt  201104242 2057 1505 1303  926  649  670 1018 1316 1640 2102 2420 2213
667A Lytt  201104251 1994 1866 1335  868  824  778  783 1242 1610 1938 2158 2373
667A Lytt  201104252 2258 1831 1595 1137  826  571  642 1011 1204 1587 2109 2182
667A Lytt  201104261 2125 2066 1661 1193  897  810  712  729 1264 1464 1729 2194
667A Lytt  201104262 2192 1914 1831 1432  972  648  690  621  751 1322 1676 1808
667A Lytt  201104271 2029 2160 1706 1404 1227  811  494  709  791 1081 1362 1808
667A Lytt  201104272 2056 1892 1875 1750 1063  787  738  533  460 1027 1292 1493
667A Lytt  201104281 1857 2108 1930 1567 1461 1080  537  625  684  711  979 1591
667A Lytt  201104282 1789 1791 1986 1850 1368  977  842  477  369  653 1001 1256
667A Lytt  201104291 1671 1955 1883 1791 1632 1269  873  687  611  524  836 1190
667A Lytt  201104292 1582 1688 2009 2031 1652 1276 1132  554  393  650  777  911
667A Lytt  201104301 1439 1826 1920 1877 1944 1602 1069  927  745  454  649 1061
667A Lytt  201104302 1348 1609 1959 2025 1826 1630 1358  815  609  657  599  765
667A Lytt  201105011 1204 1698 1906 1934 2134 1852 1445 1268  844  621  600  862
667A Lytt  201105012 1120 1467 1812 2168 1984 1867 1725 1202  960  728  743  768
667A Lytt  201105021 1014 1498 1807 1953 2273 2147 1710 1634 1157  694  708  846
667A Lytt  201105022  856 1239 1752 1920 1988 2152 1842 1415 1217  961  605  654
667A Lytt  201105031  944 1238 1560 1969 2300 2162 2025 1968 1333 1084  825  793
667A Lytt  201105032  851 1093 1567 1842 2041 2300 2094 1817 1625 1240  866  793
667A Lytt  201105041  860 1121 1478 1891 2335 2399 2385 2272 1808 1499 1198 1036
667A Lytt  201105042  772 1004 1473 1694 1945 2355 2360 2019 1897 1580 1091  927
667A Lytt  201105051  898  930 1286 1624 2055 2246 2436 2374 2022 1712 1327  956
667A Lytt  201105052  844  880 1019 1401 1793 1947 2261 2203 2059 1758 1271 1065
667A Lytt  201105061  782  728 1026 1284 1768 2061 2281 2382 2312 1989 1540 1357
667A Lytt  201105062  891  909  884 1168 1498 1783 2152 2273 2350 1985 1713 1432
667A Lytt  201105071  855  929  975  974 1687 1894 2106 2518 2513 2203 1928 1712
667A Lytt  201105072 1210  863 1015  956 1196 1713 2028 2164 2268 2345 1989 1620
667A Lytt  201105081 1227  989  729  847 1140 1589 1792 2170 2486 2272 2112 1896
667A Lytt  201105082 1422  901  863  777  720 1196 1543 1815 2015 2267 2238 1722
667A Lytt  201105091 1385 1290  643  581  993 1007 1369 1924 2238 2110 2269 2178
667A Lytt  201105092 1628 1214  860  692  523  799 1181 1416 1776 2154 2110 1893
667A Lytt  201105101 1707 1400  749  598  746  590  912 1494 1903 2037 2207 2356
667A Lytt  201105102 1931 1460 1266  853  389  605  866 1041 1490 2105 2216 2092
667A Lytt  201105111 2138 1759 1206  786  869  563  623 1296 1607 1829 2393 2543
667A Lytt  201105112 2137 1962 1748 1048  587  755  542  691 1346 1756 1966 2286
667A Lytt  201105121 2401 2062 1793 1334  901  567  604  863 1084 1502 2021 2322
667A Lytt  201105122 2351 2296 1993 1443 1052  644  570  491  972 1466 1856 2252
667A Lytt  201105131 2499 2493 2204 1899 1445  922  744  660  850 1232 1849 2262
667A Lytt  201105132 2533 2729 2462 2129 1651 1190  809  655  837 1133 1548 2104
667A Lytt  201105141 2533 2668 2644 2360 2011 1312  952  781  479  954 1315 1833
667A Lytt  201105142 2296 2590 2630 2526 1931 1542 1073  542  661  626 1021 1649
667A Lytt  201105151 2153 2571 2684 2693 2542 1910 1306 1103  631  545  938 1338
667A Lytt  201105152 1919 2428 2625 2742 2386 2142 1513 1002  815  538  860 1210
667A Lytt  201105161 1771 2302 2564 2791 2888 2424 1934 1430  922  651  632  978
667A Lytt  201105162 1348 2045 2418 2661 2737 2561 2006 1462 1103  799  587  844
667A Lytt  201105171 1256 1867 2285 2668 2997 2775 2391 1965 1381  898  553  701
667A Lytt  201105172  864 1367 2049 2388 2490 2795 2448 1747 1522 1019  596  616
667A Lytt  201105181  771 1303 1852 2355 2718 2888 2677 2331 1797 1150  771  532
667A Lytt  201105182  519  780 1407 1840 2166 2577 2476 2127 1717 1300  762  563
667A Lytt  201105191  400  626 1134 1587 2206 2448 2559 2550 2005 1435 1111  581
667A Lytt  201105192  332  496  768 1163 1763 2128 2331 2387 2089 1609 1090  757
667A Lytt  201105201  351  367  653 1066 1653 2135 2408 2521 2325 1860 1473  916
667A Lytt  201105202  626  393  398  773 1129 1657 2019 2142 2204 1898 1335 1001
667A Lytt  201105211  577  339  327  548 1064 1564 1915 2274 2380 2098 1794 1346
667A Lytt  201105212  821  539  379  474  781 1263 1595 1898 2258 2086 1739 1495
667A Lytt  201105221  951  626  367  356  805 1138 1538 1984 2275 2151 2070 1664
667A Lytt  201105222 1195  890  523  406  454  964 1232 1562 2026 2234 1976 1870
667A Lytt  201105231 1412 1005  689  525  658  828 1191 1696 2008 2114 2207 2067
667A Lytt  201105232 1667 1342  903  632  513  753 1057 1352 1745 2148 2206 2143
667A Lytt  201105241 1860 1523 1117  919  793  808 1061 1526 1832 9999 9999 9999
667A Lytt  201105242 9999 9999 9999 9999 9999 9999 9999 9999 9999 9999 9999 9999
667A Lytt  201105251 9999 9999 9999 9999 9999 9999 9999 9999 9999 9999 9999 9999
667A Lytt  201105252 9999 9999 9999 9999 9999 9999 9999 9999 9999 9999 9999 9999
667A Lytt  201105261 9999 9999 9999 9999 9999 9999 9999 9999 9999 9999 9999 9999
667A Lytt  201105262 2379 2341 1957 1780 1273  984  847  838 1163 1360 1813 2241
667A Lytt  201105271 2243 2237 2275 1846 1624 1211 1040  977 1084 1445 1643 1948
667A Lytt  201105272 2272 2337 2184 1888 1626 1144  907  796 1017 1091 1472 1980
667A Lytt  201105281 1967 2233 2316 2009 1740 1393 1108  983  877 1108 1225 1626
667A Lytt  201105282 1975 2080 2145 1922 1755 1357  952  786  762  835 1201 1595
667A Lytt  201105291 1792 2083 2270 2068 1979 1503 1209 1076  740  818 1061 1277
667A Lytt  201105292 1777 1971 2131 2146 1941 1604 1278  922  766  779  930 1295
667A Lytt  201105301 1486 1987 2166 2145 2133 1856 1368 1216  913  699  870 1024
667A Lytt  201105302 1480 1795 1927 2133 2090 1819 1386 1088  944  632  766 1100
667A Lytt  201105311 1287 1701 2091 2212 2248 2114 1682 1442 1002  839  654  951
667A Lytt  201105312 1208 1475 1914 2126 2072 2077 1791 1238 1137  668  677  789
667A Lytt  201106011  983 1381 1813 1946 2266 2207 1804 1678 1146  768  557  642
667A Lytt  201106012  851 1118 1555 1887 1900 2083 1890 1394 1244  787  540  675
667A Lytt  201106021  613 1025 1450 1898 2124 2158 2045 1867 1346  897  665  500
667A Lytt  201106022  590  824 1133 1538 1870 1929 1942 1743 1390  849  808  354
667A Lytt  201106031  477  727 1076 1480 1943 2116 2111 2016 1591 1231  742  504
667A Lytt  201106032  544  471  800 1260 1615 1945 1932 1948 1775 1184  954  613
667A Lytt  201106041  361  600  816 1160 1795 2058 2219 2288 2105 1657 1183  921
667A Lytt  201106042  575  608  692 1140 1546 1854 2293 2254 2103 1900 1466  939
667A Lytt  201106051  634  534  750  994 1555 1923 2295 2465 2361 2123 1612 1260
667A Lytt  201106052  890  549  701  806 1144 1748 1882 2176 2419 1940 1815 1386
667A Lytt  201106061  907  632  651  757 1181 1657 1996 2417 2514 2399 2050 1674
667A Lytt  201106062 1266  872  727  764  943 1431 1787 2098 2437 2394 2210 1835
667A Lytt  201106071 1358 1011  695  719  863 1245 1718 2185 2383 2456 2382 2023
667A Lytt  201106072 1596 1130  790  584  654  978 1307 1760 2155 2345 2362 2104
667A Lytt  201106081 1597 1277  847  469  679  795 1163 1698 2111 2197 2393 2258
667A Lytt  201106082 1797 1403 1020  607  382  659  854 1240 1790 2162 2273 2255
667A Lytt  201106091 1992 1533 1085  686  564  442  727 1245 1551 1965 2352 2353
667A Lytt  201106092 2096 1775 1341  884  547  472  536  894 1425 1839 2243 2430
667A Lytt  201106101 2311 2020 1578 1147  830  474  589  997 1232 1682 2255 2351
667A Lytt  201106102 2448 2326 1962 1291  977  736  523  661 1128 1538 1874 2525
667A Lytt  201106111 2517 2325 2145 1726 1248  729  667  720  850 1286 1840 2156
667A Lytt  201106112 2508 2480 2235 1772 1377  942  514  386  888 1069 1585 2231
667A Lytt  201106121 2388 2524 2521 2110 1742 1145  891  694  530  974 1338 1735
667A Lytt  201106122 2283 2553 2357 2238 1741 1376  855  448  609  712 1093 1717
667A Lytt  201106131 2139 2401 2645 2510 2160 1682 1181  784  575  597  881 1350
667A Lytt  201106132 1842 2239 2458 2434 2164 1713 1195  759  498  460  670 1249
667A Lytt  201106141 1766 2049 2467 2753 2391 2161 1627 1193  691  534  617  826
667A Lytt  201106142 1379 1933 2280 2427 2485 2097 1708 1158  882  473  482  872
667A Lytt  201106151 1246 1719 2232 2677 2577 2485 2110 1689 1076  700  601  551
667A Lytt  201106152  915 1597 1874 2202 2638 2506 2001 1694 1267  736  425  695
667A Lytt  201106161  785 1184 1856 2266 2393 2712 2341 1938 1429  999  638  401
667A Lytt  201106162  502  825 1324 1759 2223 2334 2221 1929 1560  933  674  407
667A Lytt  201106171  365  801 1266 1763 2179 2552 2455 2336 1876 1306  937  496
667A Lytt  201106172  451  619  950 1432 1903 2285 2280 2232 2089 1392  963  881
667A Lytt  201106181  374  518  949 1415 1826 2338 2545 2386 2302 1879 1314  875
667A Lytt  201106182  767  593  634 1250 1737 1909 2346 2591 2310 1949 1634 1152
667A Lytt  201106191  777  575  776  889 1481 2036 2409 2400 2568 2249 1712 1374
667A Lytt  201106192 1017  739  680  926 1329 1758 2042 2299 2545 2177 2022 1536
667A Lytt  201106201 1042  821  700  765 1242 1642 2015 2359 2470 2437 2120 1713
667A Lytt  201106202 1341  891  740  728  949 1366 1659 1951 2298 2314 2148 1720
667A Lytt  201106211 1377 1014  702  648  854 1170 1599 1951 2171 2287 2064 1948
667A Lytt  201106212 1576  991  912  692  668 1019 1326 1628 2022 2256 2192 1994
667A Lytt  201106221 1697 1255  966  758  862  930 1240 1676 2044 2173 2203 2182
667A Lytt  201106222 1835 1463 1178  795  757  949 1071 1392 1892 2046 2244 2194
667A Lytt  201106231 1997 1640 1268  978  900  783  980 1434 1681 1930 2134 2208
667A Lytt  201106232 2139 1794 1466 1135  814  858  826 1167 1456 1817 2198 2146
667A Lytt  201106241 2131 1976 1443 1310 1143  717  946 1131 1362 1612 1987 2149
667A Lytt  201106242 2051 2080 1676 1261 1086  962  751  936 1334 1573 1958 2247
667A Lytt  201106251 2244 2152 1891 1523 1290  898  913  986 1022 1430 1752 1935
667A Lytt  201106252 2126 2130 1870 1590 1218 1002  690  797  970 1244 1665 1967
667A Lytt  201106261 2154 2203 2109 1784 1481 1180  982  880  940 1103 1412 1855
667A Lytt  201106262 1996 2092 2184 1722 1421 1175  852  633  865 1035 1321 1789
667A Lytt  201106271 2060 2252 2159 2033 1848 1369 1169  840  857  939 1183 1562
667A Lytt  201106272 1900 2114 2094 2069 1839 1348 1016  884  731  759 1219 1524
667A Lytt  201106281 1781 2154 2288 2139 2065 1544 1330  995  745  794  924 1341
667A Lytt  201106282 1725 1937 2127 2276 1991 1774 1313  966  762  593  780 1176
667A Lytt  201106291 1410 1865 2129 2180 2089 1797 1428 1044  732  586  589  759
667A Lytt  201106292 1170 1685 1832 1950 2086 1816 1173 1079  750  323  669  735
667A Lytt  201106301  934 1491 1958 1983 2137 2036 1791 1169  903  732  245  639
667A Lytt  201106302  924 1255 1619 1973 2048 1945 1618 1319  847  469  519  463
667A Lytt  201107011  624 1261 1640 1857 2273 2255 1871 1571 1301  686  381  517
667A Lytt  201107012  582  904 1351 1808 1914 2114 1926 1498 1323  665  464  352
667A Lytt  201107021  464  817 1325 1718 2163 2258 2206 1981 1475 1055  479  401
667A Lytt  201107022  401  560  945 1438 1760 2125 2100 1837 1569 1100  646  397
667A Lytt  201107031  293  564  818 1381 2028 2236 2331 2306 1916 1424  841  626
667A Lytt  201107032  434  370  743 1207 1528 2002 2293 2123 1899 1600 1189  640
667A Lytt  201107041  418  454  604 1095 1765 2072 2369 2578 2346 1892 1409 1060
667A Lytt  201107042  691  543  619  931 1387 1954 2196 2457 2567 2069 1724 1257
667A Lytt  201107051  815  601  650  930 1509 1919 2380 2650 2654 2500 1991 1718
667A Lytt  201107052 1089  849  743  789 1312 1856 2123 2488 2879 2555 2406 1867
667A Lytt  201107061 1408 1069  775  892 1191 1636 2220 2571 2773 2867 2416 2122
667A Lytt  201107062 1599 1149  771  695  946 1260 1636 2165 2688 2649 2464 2422
667A Lytt  201107071 1747 1273 1010  745  921 1082 1671 2096 2605 2558 2806 2321
667A Lytt  201107072 1995 1580 1091  723  790  972 1254 1755 2341 2618 2768 2647
667A Lytt  201107081 2257 1726 1355  963  810  940 1104 1694 2080 2318 2617 2618
667A Lytt  201107082 2328 1924 1472 1046  699  783 1007 1254 1836 2305 2576 2781
667A Lytt  201107091 2542 2075 1784 1375  913  776  944 1181 1434 2088 2494 2607
667A Lytt  201107092 2596 2419 1876 1376 1029  710  745 1026 1349 1877 2338 2696
667A Lytt  201107101 2714 2500 2226 1767 1300  934  845  821 1119 1709 1933 2444
667A Lytt  201107102 2645 2471 2252 1862 1365  910  582  592 1043 1130 1819 2229
667A Lytt  201107111 2445 2554 2352 2073 1597 1219  799  634  810 1080 1594 1984
667A Lytt  201107112 2480 2645 2411 2383 1811 1309  954  592  766  902 1497 1919
667A Lytt  201107121 2343 2754 2714 2392 2157 1535 1308  880  659  702 1119 1534
667A Lytt  201107122 2062 2392 2552 2431 2180 1794 1091  970  783  591 1045 1508
667A Lytt  201107131 1859 2291 2689 2605 2566 2129 1653 1157  695  671  704 1189
667A Lytt  201107132 1587 2059 2374 2517 2475 2147 1616 1161  884  476  749 1043
667A Lytt  201107141 1348 2082 2444 2445 2655 2526 1925 1498 1230  693  427  943
667A Lytt  201107142 1090 1442 2218 2310 2331 2469 1933 1472 1029  749  556  590
667A Lytt  201107151 1033 1522 1778 2303 2693 2404 2323 2017 1315  929  711  552
667A Lytt  201107152  685 1221 1695 1933 2328 2545 2093 1844 1442  969  656  487
667A Lytt  201107161  667  941 1470 1908 2233 2540 2424 2111 1743 1137  795  602
667A Lytt  201107162  431  729 1167 1562 1947 2251 2139 2036 1733 1176  800  575
667A Lytt  201107171  413  590  907 1421 1927 2182 2291 2251 1929 1320  928  654
667A Lytt  201107172  384  405  694 1076 1430 1880 2150 1890 1838 1439  964  673
667A Lytt  201107181  392  361  432  997 1469 1794 1978 2261 1870 1601 1138  745
667A Lytt  201107182  542  279  466  670 1098 1529 1751 2084 1951 1560 1351  909
667A Lytt  201107191  555  316  414  614 1049 1449 1814 1962 2045 1915 1331 1137
667A Lytt  201107192  741  362  323  602  674 1265 1568 1791 1991 1898 1554 1250
667A Lytt  201107201  859  630  351  490  825 1129 1468 1814 2016 1813 1659 1395
667A Lytt  201107202  876  733  519  360  543 1043 1236 1527 1980 1907 1739 1582
667A Lytt  201107211 1224  763  574  574  553  872 1316 1536 1844 1961 1756 1764
667A Lytt  201107212 1237  993  732  439  523  801  950 1342 1845 1825 1898 1871
667A Lytt  201107221 1427 1171  790  634  666  647 1076 1375 1638 1932 1837 1893
667A Lytt  201107222 1708 1328 1001  798  587  689  888 1241 1605 1824 2152 2060
667A Lytt  201107231 1781 1632 1290  874  909  832  995 1157 1710 1830 1987 2192
667A Lytt  201107232 1958 1744 1496 1114  929  834  853 1112 1476 1781 2089 2251
667A Lytt  201107241 2198 2001 1685 1408 1209 1041 1079 1287 1594 1778 2110 2380
667A Lytt  201107242 2256 2213 2058 1494 1312  964  882 1091 1363 1806 2185 2224
667A Lytt  201107251 2388 2241 1977 1760 1452 1143  922 1118 1240 1320 1829 2108
667A Lytt  201107252 2120 2201 2023 1648 1233 1128  869  654 1106 1270 1608 1925
667A Lytt  201107261 2193 2207 2025 1776 1535  995  849  769  724 1021 1200 1669
667A Lytt  201107262 1993 1931 1933 1890 1463 1096  864  664  702 1000 1378 1630
667A Lytt  201107271 2017 2304 2142 1992 1869 1443  865  795  891  620  968 1653
667A Lytt  201107272 1732 1886 2334 2073 1641 1495 1067  663  598  804  972 1219
667A Lytt  201107281 1885 2134 2136 2271 2249 1629 1305 1096  723  589  867 1233
667A Lytt  201107282 1471 1919 2260 2239 1994 1876 1346  880  783  510  753 1215
667A Lytt  201107291 1494 1963 2345 2360 2425 2129 1697 1256  965  620  594  977
667A Lytt  201107292 1206 1631 2080 2277 2133 2221 1641 1136  801  535  317  595
667A Lytt  201107301 1113 1557 2030 2385 2474 2312 2107 1538 1006  741  427  466
667A Lytt  201107302  773 1244 1698 2035 2269 2269 1851 1508  998  579  397  317
667A Lytt  201107311  519 1133 1553 1881 2408 2394 2117 1859 1303  705  361  358
667A Lytt  201107312  271  692 1266 1743 1968 2277 2195 1788 1336  799  554  137
667A Lytt  201108011  244  656 1044 1543 2180 2373 2347 2239 1657 1105  566  389
667A Lytt  201108012  189  359  796 1352 1804 2170 2271 2146 1848 1268  785  397
667A Lytt  201108021  189  281  609 1119 1782 2155 2364 2436 2152 1499  944  678
667A Lytt  201108022  213  124  497  878 1300 1892 2240 2204 2261 1742 1183  707
667A Lytt  201108031  375  101  249  638 1241 1690 2117 2452 2271 1943 1424  993
667A Lytt  201108032  410  240  195  444  870 1510 1940 2167 2335 2187 1752 1139
667A Lytt  201108041  819  362  146  311  791 1251 1768 2256 2396 2164 1898 1452
667A Lytt  201108042  886  475  310  222  527  977 1497 1943 2288 2341 2172 1694
667A Lytt  201108051 1177  813  344  227  449  879 1270 1923 2268 2198 2232 1936
667A Lytt  201108052 1421  858  645  388  323  641 1128 1611 2014 2496 2475 2200
667A Lytt  201108061 1771 1473  809  522  677  569 1002 1570 2001 2173 2483 2352
667A Lytt  201108062 1910 1579 1053  770  440  611  719 1368 1766 2192 2531 2570
667A Lytt  201108071 2127 1926 1416 1134  489  596  735 1217 1499 1975 2289 2540
667A Lytt  201108072 2314 2099 1678 1201  691  602  608  847 1341 1743 2279 2537
667A Lytt  201108081 2424 2397 1911 1438 1094  777  545  836 1152 1340 1847 2272
667A Lytt  201108082 2411 2203 2000 1636  984  703  523  550  747 1259 1819 2098
667A Lytt  201108091 2351 2510 2044 1788 1545  884  582  540  737  912 1242 1955
667A Lytt  201108092 2223 2098 2301 1883 1304 1048  595  414  508  892 1214 1613
667A Lytt  201108101 2137 2405 2270 2124 1931 1353  727  688  567  484  882 1547
667A Lytt  201108102 1677 1996 2383 1956 1625 1419  839  445  364  481  844 1121
667A Lytt  201108111 1689 2131 2255 2173 2079 1721 1041  873  570  408  530 1058
667A Lytt  201108112 1434 1828 2187 2305 1970 1752 1333  854  581  510  630  816
667A Lytt  201108121 1345 1844 2055 2261 2386 2030 1544 1180  855  407  452  782
667A Lytt  201108122  993 1459 2023 2259 2108 2035 1707 1117  793  639  405  570
667A Lytt  201108131 1025 1485 1864 2117 2459 2223 1910 1644 1066  687  478  658
667A Lytt  201108132  807 1144 1796 2089 2161 2376 2029 1669 1286  885  734  566
667A Lytt  201108141  862 1202 1675 2038 2407 2552 2234 2094 1616 1075  790  701
667A Lytt  201108142  900  995 1622 2056 2270 2365 2533 2151 1668 1466 1180  725
667A Lytt  201108151  924 1172 1447 1716 2369 2466 2585 2384 2022 1473  985  939
667A Lytt  201108152  689  886 1234 1782 2032 2293 2445 2380 1980 1551 1234  901
667A Lytt  201108161  733  859 1187 1225 2094 2283 2256 2301 2160 1619 1136 1046
667A Lytt  201108162  609  545  846 1173 1394 1800 2118 2076 1972 1733 1327  845
667A Lytt  201108171  714  554  653  750 1515 1635 1851 2185 2084 1699 1343 1016
667A Lytt  201108172  571  457  683  828 1083 1469 1794 2024 1884 1935 1451  910
667A Lytt  201108181  919  477  470  602 1134 1383 1555 2088 1992 1678 1482 1215
667A Lytt  201108182  720  440  457  605  723 1125 1513 1764 1879 1924 1739 1196
667A Lytt  201108191 1024  551  514  441  808  990 1356 1755 1894 1736 1625 1521
667A Lytt  201108192 1000  592  603  463  552  904 1161 1553 1830 1903 1715 1538
667A Lytt  201108201 1264  912  653  442  727  855 1060 1497 1770 1708 1839 1656
667A Lytt  201108202 1115 1201  637  478  548  744  958 1276 1646 1912 1943 1730
667A Lytt  201108211 1634 1200  938  591  674  708  858 1274 1513 1758 1769 1763
667A Lytt  201108212 1532 1261  890  711  480  550  797 1061 1366 1760 1913 1866
667A Lytt  201108221 1805 1448 1202  905  771  609  714 1113 1203 1499 1761 1839
667A Lytt  201108222 1841 1423 1162  964  546  412  639  761 1018 1461 1799 1820
667A Lytt  201108231 1828 1801 1380 1060  851  727  519  834 1048 1275 1608 1957
667A Lytt  201108232 1938 1777 1641 1425  822  606  754  756  872 1292 1886 1843
667A Lytt  201108241 2035 2176 1784 1437 1351  837  496  580  829 1033 1335 1765
667A Lytt  201108242 1928 1990 1771 1544 1182  757  641  486  683 1055 1448 1694
667A Lytt  201108251 2068 2308 2089 1746 1573 1207  706  652  670  869 1216 1598
667A Lytt  201108252 1910 2083 2064 1861 1525 1118  747  529  512  693 1041 1468
667A Lytt  201108261 1867 2285 2371 1962 1920 1573  856  724  705  520  860 1328
667A Lytt  201108262 1789 1947 2278 2302 1744 1492 1120  724  397  537  833 1093
667A Lytt  201108271 1607 2179 2335 2173 2333 1813 1192  878  620  404  344  975
667A Lytt  201108272 1426 1651 2171 2472 2070 1812 1486  926  417  423  510  604
667A Lytt  201108281 1150 1846 2064 2242 2539 2056 1481 1219  809  230  261  597
667A Lytt  201108282  792 1349 2036 2293 2144 2303 1803 1214  732  492  221  204
667A Lytt  201108291  759 1326 1755 2209 2587 2430 1980 1694 1238  453  242  475
667A Lytt  201108292  424  935 1754 2166 2227 2460 2393 1713 1171  961  465   79
667A Lytt  201108301  485  974 1411 1963 2507 2608 2463 2221 1573  849  510  423
667A Lytt  201108302  184  475 1312 1796 2093 2546 2597 2182 1831 1290  760  307
667A Lytt  201108311  307  517  855 1512 2195 2464 2516 2593 2105 1377  936  681
667A Lytt  201108312  256  297  807 1371 1755 2220 2734 2440 2249 1993 1209  703
667A Lytt  201109011  417  385  383 1009 1721 2052 2397 2669 2363 1895 1426  854
667A Lytt  201109012  404  231  365  747 1219 1781 2328 2511 2393 2340 1801 1091
667A Lytt  201109021  741  399  235  545 1043 1616 2032 2469 2634 2280 1883 1380
667A Lytt  201109022  901  352  281  512  675 1233 1876 2265 2388 2519 2339 1567
667A Lytt  201109031 1165  902  328  300  664 1045 1406 2105 2386 2207 2323 1888
667A Lytt  201109032 1249  793  561  324  360  828 1262 1771 2091 2455 2411 2030
667A Lytt  201109041 1605 1264  660  398  369  653  909 1420 1986 2076 2197 2215
667A Lytt  201109042 1581 1130  786  501  118  259  860 1096 1516 2143 2380 2134
667A Lytt  201109051 2014 1679 1012  586  600  334  424  938 1472 1625 2010 2274
667A Lytt  201109052 1856 1532 1299  732  303  318  415  637 1048 1694 2013 2036
667A Lytt  201109061 2227 2026 1371 1048  744  359  291  670  933 1174 1812 2053
667A Lytt  201109062 2057 1854 1656 1211  653  449  355  367  674 1275 1624 1915
667A Lytt  201109071 2214 2240 1815 1521 1154  702  360  516  684  776 1373 1891
667A Lytt  201109072 2005 2061 2055 1645 1164  810  549  400  485  983 1313 1631
667A Lytt  201109081 2152 2332 2112 2071 1590 1082  790  594  530  697 1134 1540
667A Lytt  201109082 1904 2189 2262 2061 1747 1275  825  680  459  676 1122 1408
667A Lytt  201109091 1846 2269 2392 2211 2042 1680 1059  787  663  570  711 1221
667A Lytt  201109092 1696 1894 2260 2316 1949 1634 1256  964  493  661  867  985
667A Lytt  201109101 1519 2045 2258 2293 2330 1977 1486 1011  889  526  624 1062
667A Lytt  201109102 1308 1780 2196 2406 2125 1936 1794 1197  833  862  773  798
667A Lytt  201109111 1439 1721 2146 2461 2412 2239 1982 1489 1019  730  757  764
667A Lytt  201109112 1160 1577 2014 2328 2424 2297 1962 1751 1206  883  883  844
667A Lytt  201109121 1056 1596 1947 2215 2510 2625 2190 1817 1471 1005  740  793
667A Lytt  201109122  928 1278 1791 2183 2350 2410 2351 1990 1605 1277  874  842
667A Lytt  201109131  953 1287 1611 2088 2329 2595 2404 2208 1905 1299 1141  743
667A Lytt  201109132  850 1161 1463 1903 2286 2305 2400 2298 1718 1521 1195  814
667A Lytt  201109141  895 1055 1309 1776 2104 2382 2441 2220 1967 1480 1181  800
667A Lytt  201109142  730  921 1167 1532 1969 2144 2284 2312 2032 1772 1311 1032
667A Lytt  201109151  668  769 1070 1288 1793 2117 2323 2298 2139 1865 1351 1029
667A Lytt  201109152  894  718  873 1303 1642 1769 2242 2330 2006 1935 1591 1073
667A Lytt  201109161  794  920  848  934 1514 1883 1882 2196 2270 1765 1546 1251
667A Lytt  201109162  946  603  800 1031 1176 1549 1982 2145 1966 2133 1731 1190
667A Lytt  201109171 1119  777  689  772 1183 1509 1624 2051 2230 1756 1706 1574
667A Lytt  201109172  991  683  706  842  777 1258 1792 1787 1933 2272 1836 1376
667A Lytt  201109181 1341  993  622  700  968 1155 1379 1878 2052 1904 1986 1605
667A Lytt  201109182 1208  922  820  707  648 1139 1450 1582 2026 2265 1955 1739
667A Lytt  201109191 1643 1226  795  766  800  890 1240 1603 1775 1833 2082 1834
667A Lytt  201109192 1382 1268  942  656  681  878 1151 1355 1806 2147 2010 2032
667A Lytt  201109201 1846 1373 1072  932  655  689 1027 1255 1544 1789 2055 1913
667A Lytt  201109202 1723 1489 1208  781  758  646  760 1186 1450 1881 2115 2030
667A Lytt  201109211 2015 1759 1268 1012  838  600  741  961 1339 1438 1912 2019
667A Lytt  201109212 1788 1641 1436  983  707  524  560  719 1150 1551 1760 1986
667A Lytt  201109221 2138 1731 1556 1249  778  538  559  483  856 1175 1588 1804
667A Lytt  201109222 1879 1904 1482 1224  905  492  361  496  673 1097 1544 1844
667A Lytt  201109231 2026 2070 1894 1506 1073  816  422  444  669  847 1319 1739
667A Lytt  201109232 1964 2141 1963 1659 1290  803  607  399  518  951 1346 1726
667A Lytt  201109241 2240 2361 2215 2037 1700 1105  642  600  539  657 1073 1613
667A Lytt  201109242 2008 2213 2367 2123 1762 1301  807  531  387  605  979 1375
667A Lytt  201109251 1903 2264 2429 2370 1968 1578 1014  552  459  281  690 1125
667A Lytt  201109252 1650 2047 2231 2378 2160 1550 1165  741  347  298  570  919
667A Lytt  201109261 1462 1954 2408 2476 2232 1966 1492  795  466  308  282  644
667A Lytt  201109262 1181 1734 2081 2443 2411 1989 1562 1031  551  247  281  436
667A Lytt  201109271  920 1595 2100 2365 2478 2397 1907 1203  775  327  157  284
667A Lytt  201109272  632 1225 1869 2250 2494 2365 2094 1511  895  568  117   56
667A Lytt  201109281  577  955 1569 2150 2437 2497 2344 1704 1266  683  274  186
667A Lytt  201109282  318  751 1342 1938 2290 2438 2499 1975 1434 1005  436   55
667A Lytt  201109291  189  436  962 1610 2147 2417 2506 2207 1693 1081  650  205
667A Lytt  201109292   22  375  729 1343 1900 2341 2458 2441 2041 1522  905  468
667A Lytt  201109301  160  228  480 1020 1669 2059 2510 2382 2144 1725 1016  580
667A Lytt  201109302  156   91  285  743 1384 1836 2343 2581 2374 2020 1503  902
667A Lytt  201110011  502  219  294  529 1033 1572 2026 2360 2380 2069 1624 1054
667A Lytt  201110012  552  244  271  355  920 1389 1916 2333 2526 2477 2038 1508
667A Lytt  201110021 1103  581  366  425  695 1122 1686 2029 2418 2285 2135 1652
667A Lytt  201110022 1133  738  347  379  550  884 1410 1933 2209 2503 2356 1920
667A Lytt  201110031 1596 1043  611  527  395  802 1271 1570 2150 2361 2330 2062
667A Lytt  201110032 1729 1220  744  619  468  613 1051 1503 1979 2327 2471 2354
667A Lytt  201110041 1966 1646 1178  650  531  564  795 1104 1681 2031 2167 2406
667A Lytt  201110042 1968 1629 1247  843  534  433  733  930 1386 1918 2143 2205
667A Lytt  201110051 2220 1874 1379  955  690  345  552  664 1037 1475 1923 2108
667A Lytt  201110052 2025 1818 1628 1006  700  486  435  559  961 1380 1769 2009
667A Lytt  201110061 2280 2080 1751 1416  902  624  435  560  709 1101 1569 1900
667A Lytt  201110062 2089 2077 1926 1427 1146  701  490  423  631 1083 1331 1759
667A Lytt  201110071 2127 2164 1944 1763 1295  910  633  453  544  778 1241 1577
667A Lytt  201110072 1907 2151 2046 1821 1474 1092  658  546  537  747 1021 1567
667A Lytt  201110081 1873 2062 2211 2030 1604 1276  917  573  439  666  925 1223
667A Lytt  201110082 1644 2035 2040 2096 1818 1349  960  715  546  547  834 1148
667A Lytt  201110091 1601 1927 2131 2161 1925 1555 1188  770  549  506  691  969
667A Lytt  201110092 1412 1808 2004 2098 2033 1687 1324  908  665  570  621  854
667A Lytt  201110101 1275 1710 1885 2155 2138 1693 1521 1099  682  561  598  682
667A Lytt  201110102  994 1429 1934 1986 2078 1910 1536 1009  772  549  351  619
667A Lytt  201110111  844 1268 1675 1895 1994 1867 1701 1139  803  615  524  396
667A Lytt  201110112  795 1190 1576 1891 2111 2094 1909 1413 1115  894  508  610
667A Lytt  201110121  844 1136 1505 1871 2072 2123 1968 1529 1250  823  638  486
667A Lytt  201110122  683  962 1500 1811 1983 2308 1984 1768 1512 1098  801  672
667A Lytt  201110131  762 1019 1347 1773 2075 2166 2249 1996 1570 1263  926  661
667A Lytt  201110132  719  876 1229 1753 1979 2163 2264 2139 1794 1342 1085  807
667A Lytt  201110141  628  828 1074 1434 1831 2026 2188 2069 1817 1500 1103  777
667A Lytt  201110142  675  693 1006 1400 1770 1969 2238 2223 1903 1664 1328  921
667A Lytt  201110151  680  685  907 1164 1542 1822 2075 2056 1910 1797 1239  906
667A Lytt  201110152  738  651  671 1082 1461 1690 1965 2213 1977 1860 1619  996
667A Lytt  201110161  754  737  667  898 1208 1627 1668 1981 2028 1834 1457 1108
667A Lytt  201110162  911  542  578  816 1138 1481 1760 2121 2162 1952 1859 1390
667A Lytt  201110171  925  857  689  642 1074 1386 1589 1843 2194 2049 1778 1611
667A Lytt  201110172 1163  762  639  740  874 1349 1556 1975 2162 2211 1983 1830
667A Lytt  201110181 1355 1031  826  624  826 1246 1526 1736 2065 2291 2020 1903
667A Lytt  201110182 1530 1230  923  841  969 1140 1476 1795 2180 2300 2244 2115
667A Lytt  201110191 1783 1422 1073  920  860 1042 1310 1612 1877 2237 2240 2047
667A Lytt  201110192 1771 1460 1060  804  740  807  961 1324 1797 2018 2088 2103
667A Lytt  201110201 1868 1461 1167  863  577  708  897 1091 1353 1945 2058 2021
667A Lytt  201110202 1917 1701 1241  935  728  611  740 1053 1482 1752 2110 2240
667A Lytt  201110211 2022 1830 1492 1111  703  529  618  740 1115 1584 1858 2048
667A Lytt  201110212 2142 1927 1509 1182  823  596  495  669 1067 1396 1789 2155
667A Lytt  201110221 2178 2037 1756 1426  942  546  500  536  700 1226 1583 1876
667A Lytt  201110222 2127 2087 1818 1500 1003  676  340  331  580  940 1400 1795
667A Lytt  201110231 2156 2170 1953 1690 1183  679  451  292  316  675 1237 1591
667A Lytt  201110232 1930 2185 2185 1788 1464  967  538  276  353  604 1011 1551
667A Lytt  201110241 2063 2193 2368 2187 1695 1148  798  462  243  577  988 1285
667A Lytt  201110242 1904 2351 2459 2319 1949 1678 1019  472  390  417  667 1043
667A Lytt  201110251 1761 2260 2293 2538 2271 1695 1234  682  376  262  557  964
667A Lytt  201110252 1564 2075 2507 2497 2491 2130 1480 1048  637  373  301  690
667A Lytt  201110261 1268 1839 2163 2518 2540 2030 1642 1052  551  184  239  401
667A Lytt  201110262  756 1547 2083 2293 2552 2399 1845 1331  805  372   67  211
667A Lytt  201110271  499 1091 1682 2110 2406 2309 2027 1483  817  393  139    7
667A Lytt  201110272  280  749 1517 1962 2332 2596 2251 1738 1270  759  196    2
667A Lytt  201110281  184  439  960 1729 2112 2164 2359 1974 1265  826  436  -40
667A Lytt  201110282    0  357  883 1470 2043 2447 2434 2225 1941 1220  700  362
667A Lytt  201110291  141  176  564 1208 1762 2063 2499 2356 1869 1441  941  398
667A Lytt  201110292   97  119  489  882 1567 2169 2301 2419 2425 1775 1190  761
667A Lytt  201110301  337   95  202  686 1144 1561 2222 2327 2098 1937 1387  823
667A Lytt  201110302  422  167  200  432 1099 1679 1955 2448 2537 2128 1928 1361
667A Lytt  201110311  811  487  292  382  782 1252 1746 2155 2341 2319 1901 1444
667A Lytt  201110312  957  514  274  346  685 1181 1627 2110 2450 2440 2288 1854
667A Lytt  201111011 1433  935  548  440  480  888 1384 1813 2142 2483 2347 1899
667A Lytt  201111012 1610 1134  693  471  672  970 1302 1826 2292 2560 2578 2442
667A Lytt  201111021 2016 1646 1070  904  746  792 1186 1605 2024 2352 2600 2434
667A Lytt  201111022 2006 1731 1277  809  667  848  958 1375 1910 2106 2403 2524
667A Lytt  201111031 2289 1793 1466  991  659  573  804  977 1443 1926 2175 2317
667A Lytt  201111032 2227 1924 1566 1146  914  702  790  992 1482 1898 2138 2377
667A Lytt  201111041 2319 2214 1523 1430  903  498  537  711 1080 1339 1941 2174
667A Lytt  201111042 2299 2241 2079 1561 1219 1120  757  879 1261 1495 1855 2184
667A Lytt  201111051 2341 2313 2080 1820 1316  974  764  783  727 1229 1637 1846
667A Lytt  201111052 2160 2326 2076 1800 1486 1105  869  704  940 1123 1463 1941
667A Lytt  201111061 2075 2297 2239 1904 1605 1160  865  720  665  873 1257 1584
667A Lytt  201111062 1934 2101 2145 2036 1683 1317  921  725  719  746  995 1482
667A Lytt  201111071 1831 2039 2083 2096 1811 1362 1080  807  574  708  891 1289
667A Lytt  201111072 1750 1942 2104 2198 1868 1660 1242  849  809  712  851 1062
667A Lytt  201111081 1590 1899 1974 2149 2059 1543 1266  952  569  577  677  833
667A Lytt  201111082 1293 1708 1907 2063 2038 1680 1412 1073  676  670  594  816
667A Lytt  201111091 1119 1718 1864 1908 2182 1848 1494 1218  894  646  624  788
667A Lytt  201111092 1092 1387 1875 2069 2010 2093 1736 1240  986  720  615  561
667A Lytt  201111101 1008 1239 1577 1858 2159 1876 1661 1459  868  750  547  491
667A Lytt  201111102  843 1030 1597 1872 1969 2110 1858 1629 1185  724  661  541
667A Lytt  201111111  543 1011 1373 1580 1876 1969 1676 1533 1065  730  545  371
667A Lytt  201111112  608  784 1264 1789 2009 2131 2156 1904 1476 1094  945  600
667A Lytt  201111121  560  852 1220 1576 1929 1944 2105 1981 1548 1318  838  628
667A Lytt  201111122  620  790 1056 1490 1833 2191 2220 2087 1958 1339 1114  900
667A Lytt  201111131  546  797 1014 1324 1666 1957 2091 2001 1778 1534  944  707
667A Lytt  201111132  634  555  820 1168 1704 1877 2096 2233 2058 1597 1295  974
667A Lytt  201111141  570  567  722 1003 1338 1663 1980 1986 1864 1793 1240  961
667A Lytt  201111142  699  535  626  896 1302 1674 1960 2142 2223 1840 1654 1212
667A Lytt  201111151  804  701  621  774 1129 1456 1877 2053 2010 2062 1663 1147
667A Lytt  201111152 1106  609  582  673 1038 1403 1765 2159 2195 2104 1984 1574
667A Lytt  201111161 1123  836  732  595  894 1278 1608 1811 2152 2140 1878 1483
667A Lytt  201111162 1301  727  634  560  751 1143 1459 1850 2169 2248 2251 1843
667A Lytt  201111171 1492 1242  754  617  737  950 1283 1685 1983 2083 2275 1860
667A Lytt  201111172 1543 1213  779  709  625  966 1211 1588 2058 2186 2248 2074
667A Lytt  201111181 1666 1431 1128  680  738  815 1112 1443 1911 2136 2313 2261
667A Lytt  201111182 1975 1635 1216  880  734  779  922 1361 1780 2094 2424 2325
667A Lytt  201111191 2100 1988 1344  961  817  566  759 1070 1440 1871 2185 2305
667A Lytt  201111192 2253 1829 1556 1106  680  684  612  923 1294 1775 2068 2221
667A Lytt  201111201 2304 2095 1705 1171  905  526  416  712 1070 1458 1939 2282
667A Lytt  201111202 2335 2187 1915 1494 1019  724  469  642  891 1286 1883 2215
667A Lytt  201111211 2332 2371 2179 1622 1230  796  482  470  615 1163 1519 1935
667A Lytt  201111212 2289 2339 2141 1769 1407  898  406  466  544  717 1359 1878
667A Lytt  201111221 2088 2330 2386 1874 1527 1008  614  276  306  688 1023 1499
667A Lytt  201111222 2075 2283 2424 2245 1798 1363  775  510  441  328  924 1435
667A Lytt  201111231 1835 2300 2473 2372 1973 1512 1043  624  262  615  603 1170
667A Lytt  201111232 1910 2163 2386 2678 2265 1818 1425  817  581  351  495  886
667A Lytt  201111241 1341 1979 2440 2546 2495 2193 1527  969  627  395  382  704
667A Lytt  201111242 1302 1763 2363 2693 2621 2437 1989 1423 1014  531  500  561
667A Lytt  201111251  934 1573 2171 2341 2653 2490 1973 1647 1005  696  380  509
667A Lytt  201111252  843 1289 2026 2462 2701 2829 2532 2114 1534 1093  681  461
667A Lytt  201111261  668 1167 1628 2049 2555 2600 2449 2087 1547 1063  549  331
667A Lytt  201111262  499  689 1408 1955 2345 2738 2660 2364 1889 1401  851  505
667A Lytt  201111271  364  582  877 1521 2113 2355 2440 2412 1960 1402  901  522
667A Lytt  201111272  365  447  844 1386 1952 2441 2693 2651 2407 1903 1337  812
667A Lytt  201111281  500  474  602 1043 1638 2035 2330 2438 2335 1921 1381  825
667A Lytt  201111282  506  285  377  853 1331 1800 2269 2478 2321 2107 1672 1050
667A Lytt  201111291  626  411  315  419 1011 1387 1813 2188 2290 2028 1645 1174
667A Lytt  201111292  707  235  244  321  673 1188 1727 2009 2254 2248 1944 1490
667A Lytt  201111301  965  622  312  287  492  855 1357 1667 2009 2191 1884 1490
667A Lytt  201111302 1173  621  369  263  326  797 1189 1638 2089 2120 2040 1858
667A Lytt  201112011 1335  962  566  256  388  475  952 1344 1735 2032 2059 1800
667A Lytt  201112012 1521 1030  655  348  450  547  851 1246 1785 1911 2052 2163
667A Lytt  201112021 1725 1359  947  692  352  452  805 1014 1464 1959 2013 2058
667A Lytt  201112022 2035 1432 1191  821  616  537  693 1130 1366 1781 2131 2058
667A Lytt  201112031 2021 1896 1305  952  789  534  564  851 1244 1672 1939 2140
667A Lytt  201112032 2206 1928 1710 1280  969  738  796  901 1168 1566 1934 1996
667A Lytt  201112041 2178 2088 1686 1369 1020  745  594  715 1023 1359 1708 2065
667A Lytt  201112042 2120 2150 1935 1551 1250  895  734  715  894 1260 1573 1858
667A Lytt  201112051 2050 2191 1853 1614 1411  903  620  725  774  935 1485 1831
667A Lytt  201112052 1997 2109 2143 1851 1564 1136  939  871  769 1045 1386 1652
667A Lytt  201112061 1979 2173 2129 1895 1715 1284  829  783  822  883 1203 1647
667A Lytt  201112062 1953 2081 2270 2111 1817 1565 1214  923  817  933 1104 1473
667A Lytt  201112071 1794 2118 2194 2068 2006 1592 1168  905  861  722  926 1399
667A Lytt  201112072 1662 1927 2174 2207 1955 1740 1374  956  783  727  797 1048
667A Lytt  201112081 1407 1785 1897 1923 1975 1677 1138  927  716  484  578  918
667A Lytt  201112082 1251 1534 1972 2008 1915 1882 1435 1094  767  674  575  665
667A Lytt  201112091 1056 1415 1719 1912 1947 1804 1426 1094  744  577  381  619
667A Lytt  201112092  976 1203 1692 2022 1996 1871 1741 1308  909  662  469  561
667A Lytt  201112101  621 1111 1469 1700 1864 1886 1612 1244 1002  588  334  506
667A Lytt  201112102  657  804 1440 1817 1890 2074 1875 1561 1223  795  560  479
667A Lytt  201112111  467  823 1176 1568 1813 1938 1915 1496 1243  900  436  411
667A Lytt  201112112  507  651 1109 1552 1945 2019 2088 1925 1489 1120  803  521
667A Lytt  201112121  460  705  911 1373 1749 1980 1955 1903 1609 1168  790  576
667A Lytt  201112122  486  531  916 1340 1733 2063 2249 2045 1871 1518 1045  672
667A Lytt  201112131  556  618  729 1144 1554 1877 1957 2030 1965 1512 1082  834
667A Lytt  201112132  575  389  764 1095 1475 1879 2235 2308 2106 1946 1513 1014
667A Lytt  201112141  675  726  547  822 1340 1733 1861 2158 2228 1808 1423 1190
667A Lytt  201112142  798  417  591  844 1099 1513 2125 2231 2203 2190 1797 1231
667A Lytt  201112151  930  708  499  588 1098 1380 1738 2104 2258 2183 1818 1500
667A Lytt  201112152 1166  645  563  746  876 1304 1895 2220 2360 2432 2230 1790
667A Lytt  201112161 1358 1067  712  709  794 1207 1628 1875 2302 2394 2253 1966
667A Lytt  201112162 1569 1079  799  620  803 1029 1393 1896 2211 2321 2393 2043
667A Lytt  201112171 1642 1236  795  582  513  760 1074 1463 1898 2217 2188 2111
667A Lytt  201112172 1797 1241  904  553  529  611  921 1440 1744 2137 2354 2148
667A Lytt  201112181 1992 1492 1081  599  468  428  701 1063 1530 1971 2185 2178
667A Lytt  201112182 2159 1615 1248  822  537  418  570  985 1293 1807 2173 2270
667A Lytt  201112191 2081 1918 1406  882  648  449  380  697 1161 1537 2006 2243
667A Lytt  201112192 2232 2004 1582 1268  692  469  419  537  923 1390 1803 2101
667A Lytt  201112201 2239 2135 1800 1242  894  505  246  337  675 1099 1527 1979
667A Lytt  201112202 2254 2115 1995 1641 1007  735  390  330  401  862 1319 1731
667A Lytt  201112211 1981 2261 1953 1558 1290  695  334  213  261  602 1054 1630
667A Lytt  201112212 1971 2118 2215 1962 1452 1092  555  324  200  412  812 1231
667A Lytt  201112221 1764 2109 2150 2008 1645 1194  616  316  202  268  585 1131
667A Lytt  201112222 1689 1986 2269 2343 1908 1539 1117  638  275  333  405  831
667A Lytt  201112231 1428 1849 2124 2264 2087 1660 1162  655  345  226  277  727
667A Lytt  201112232 1279 1735 2124 2473 2305 2072 1693 1089  613  404  278  426
667A Lytt  201112241  897 1542 1891 2131 2379 2111 1642 1165  672  352  166  347
667A Lytt  201112242  785 1258 1843 2241 2390 2448 2088 1584 1065  577  405  201
667A Lytt  201112251  475 1003 1552 1876 2285 2334 2012 1692 1082  628  283  233
667A Lytt  201112252  378  729 1330 1902 2236 2433 2401 2069 1504 1072  621  279
667A Lytt  201112261  324  566 1049 1523 1995 2319 2310 2064 1640 1164  591  414
667A Lytt  201112262  247  431  892 1454 1853 2265 2503 2290 1977 1572 1044  515
667A Lytt  201112271  403  405  737 1087 1664 2129 2275 2302 2122 1629 1069  760
667A Lytt  201112272  452  299  587 1136 1458 2034 2460 2331 2307 1970 1496  948
667A Lytt  201112281  575  578  468  684 1298 1744 2001 2261 2362 1986 1584 1182
667A Lytt  201112282  756  446  506  699 1158 1674 2092 2371 2320 2344 1943 1369
667A Lytt  201112291 1039  700  481  601  977 1334 1773 2182 2374 2245 2025 1620
667A Lytt  201112292 1136  793  533  544  849 1320 1706 2110 2306 2402 2183 1801
667A Lytt  201112301 1384 1019  662  477  672 1011 1308 1701 2152 2166 2117 1919
667A Lytt  201112302 1432 1042  780  536  665  984 1280 1638 2073 2182 2074 2101
667A Lytt  201112311 1599 1213  920  555  565  720 1011 1362 1779 2030 2135 2055
667A Lytt  201112312 1781 1425 1031  747  649  785 1066 1378 1775 2021 2132 2154
