667A Lyttelton          New Zealand         2017 43360S 172430E 0000 3 00000R MM
667A Lytt  201701011  827  779  818 1219 1581 1945 2125 2251 2127 1823 1369 1134
667A Lytt  201701012  808  604  774 1008 1530 1966 2200 2416 2324 2100 1714 1258
667A Lytt  201701021  985  727  759  846 1306 1725 1893 2147 2200 2041 1648 1290
667A Lytt  201701022 1009  729  698  795 1253 1658 1936 2238 2353 2301 1994 1508
667A Lytt  201701031 1135  857  707  702  903 1352 1696 1934 2362 2254 2083 1679
667A Lytt  201701032 1261  867  754  780  906 1361 1718 2186 2254 2354 2415 1792
667A Lytt  201701041 1357 1124  771  681  702 1102 1467 1723 2205 2255 2323 2127
667A Lytt  201701042 1756 1204  928  920  731 1053 1518 1808 2143 2478 2540 2303
667A Lytt  201701051 1920 1598 1049  709  827  869 1069 1476 2047 2190 2346 2353
667A Lytt  201701052 2013 1556 1242  947  645  802  942 1390 1743 2155 2406 2325
667A Lytt  201701061 2171 1848 1416  823  761  620  671 1012 1536 1977 2178 2441
667A Lytt  201701062 2172 1922 1535 1077  701  604  646  967 1375 1731 2209 2285
667A Lytt  201701071 2273 2198 1696 1241  938  616  469  748 1103 1534 1990 2311
667A Lytt  201701072 2427 2349 1963 1581 1140  923  600  669 1018 1399 1847 2221
667A Lytt  201701081 2469 2445 2233 1803 1271  926  676  570  775 1223 1691 2092
667A Lytt  201701082 2502 2610 2392 2070 1659 1214  736  685  717  918 1476 1927
667A Lytt  201701091 2293 2441 2526 2169 1712 1302  958  501  636  781 1190 1741
667A Lytt  201701092 2192 2530 2638 2423 2093 1646  932  724  576  481  915 1479
667A Lytt  201701101 1830 2279 2588 2327 2109 1733 1084  701  420  454  590 1128
667A Lytt  201701102 1762 2114 2403 2718 2369 2030 1487  949  672  465  482  880
667A Lytt  201701111 1356 1993 2279 2493 2589 2273 1593 1076  752  380  375  769
667A Lytt  201701112 1298 1793 2370 2783 2729 2630 2135 1631 1055  823  523  580
667A Lytt  201701121 1104 1565 1974 2519 2751 2624 2303 1676 1145  764  396  408
667A Lytt  201701122  842 1171 1874 2475 2619 2816 2585 2131 1555 1043  692  543
667A Lytt  201701131  677 1100 1643 2144 2530 2705 2585 2195 1659 1129  714  474
667A Lytt  201701132  506  867 1430 2003 2481 2782 2810 2544 2059 1596  933  625
667A Lytt  201701141  547  635  947 1590 2207 2441 2649 2667 2104 1634 1081  782
667A Lytt  201701142  544  452  858 1464 1985 2483 2802 2834 2556 2048 1438  997
667A Lytt  201701151  657  690  632 1126 1858 2142 2410 2782 2451 2111 1652 1013
667A Lytt  201701152  696  434  541  944 1369 2013 2436 2628 2496 2359 1798 1245
667A Lytt  201701161  920  611  423  618 1245 1534 1940 2469 2479 2348 1886 1522
667A Lytt  201701162 1064  547  589  604 1035 1546 2045 2438 2604 2592 2217 1831
667A Lytt  201701171 1368  931  692  584  859 1326 1629 2146 2447 2432 2392 1927
667A Lytt  201701172 1497 1117  796  634  850 1315 1554 2132 2473 2520 2458 2163
667A Lytt  201701181 1743 1361  891  853  804 1044 1411 2031 2233 2567 2589 2433
667A Lytt  201701182 2080 1650 1271  944  717 1211 1137 1846 2311 2387 2481 2396
667A Lytt  201701191 2228 1649 1335 1047  767  982 1343 1645 1975 2386 2597 2625
667A Lytt  201701192 2344 2063 1538 1230  969  984 1072 1404 1928 2093 2300 2408
667A Lytt  201701201 2331 1915 1570 1233  954  819  838 1124 1529 1732 2218 2378
667A Lytt  201701202 2147 2002 1718 1197  979  831  776 1000 1366 1763 1949 2125
667A Lytt  201701211 2347 2002 1756 1401 1110  786  809 1018 1090 1704 1988 2223
667A Lytt  201701212 2363 2425 2125 1692 1590 1256  958 1104 1308 1481 1717 1970
667A Lytt  201701221 2319 2240 1896 1609 1396 1040  850 1010  901 1485 1786 2055
667A Lytt  201701222 2453 2528 2538 2084 1719 1677 1221  988 1182 1521 1662 2050
667A Lytt  201701231 2372 2410 2427 2178 1778 1472 1069 1013  914 1098 1523 1781
667A Lytt  201701232 2003 2211 2312 2034 1788 1552 1051  929  782  906 1256 1421
667A Lytt  201701241 1873 2073 2146 2089 1793 1502 1209  790  880  859 1091 1501
667A Lytt  201701242 1882 2094 2329 2262 2102 1847 1394 1110  991  985 1015 1334
667A Lytt  201701251 1677 2015 2203 2322 2208 1760 1536 1109  861  801  832 1163
667A Lytt  201701252 1438 1849 2141 2205 2127 2040 1506 1255 1029  807  821 1049
667A Lytt  201701261 1489 1753 2032 2260 2289 1967 1729 1395  921  920  723 1014
667A Lytt  201701262 1342 1686 2116 2309 2396 2415 1960 1585 1284  944  849  907
667A Lytt  201701271 1183 1536 1903 2142 2336 2194 1920 1629 1079  883  720  582
667A Lytt  201701272  998 1276 1738 2028 2254 2264 2086 1755 1280  960  724  606
667A Lytt  201701281  721 1130 1478 1820 2118 2161 2106 1717 1335  949  714  591
667A Lytt  201701282  600  983 1429 1768 2109 2390 2176 1943 1688 1217  816  693
667A Lytt  201701291  672  799 1195 1679 1934 2205 2334 2058 1637 1235  856  515
667A Lytt  201701292  549  725  964 1427 1903 2226 2254 2179 1887 1489  982  688
667A Lytt  201701301  537  576  776 1336 1711 1965 2322 2188 1865 1613 1238  777
667A Lytt  201701302  483  582  792 1138 1700 2148 2283 2483 2321 1913 1491  971
667A Lytt  201701311  790  612  607 1031 1494 1786 2126 2341 2143 1984 1613 1122
667A Lytt  201701312  731  594  730  895 1411 1790 2193 2245 2304 2239 1848 1368
667A Lytt  201702011 1119  696  467  872 1164 1460 2027 2397 2256 2267 2046 1433
667A Lytt  201702012  999  718  560  547 1016 1375 1844 2138 2369 2451 2146 1683
667A Lytt  201702021 1340  941  522  591  869 1185 1586 2065 2341 2370 2285 1955
667A Lytt  201702022 1445 1095  770  602  704 1165 1440 1878 2347 2469 2377 2213
667A Lytt  201702031 1739 1288  853  615  748  781 1093 1643 2075 2306 2312 2314
667A Lytt  201702032 1854 1355 1071  680  451  768 1054 1439 1830 2298 2366 2286
667A Lytt  201702041 2072 1612 1116  842  631  458  789 1184 1558 2030 2424 2423
667A Lytt  201702042 2174 1837 1502  879  598  727  571 1007 1441 1862 2259 2299
667A Lytt  201702051 2332 2093 1551 1204  833  480  550  815 1130 1665 2169 2355
667A Lytt  201702052 2446 2226 1884 1393  955  805  527  783 1063 1574 1823 2264
667A Lytt  201702061 2510 2321 2143 1760 1208  687  657  654  729 1292 1937 2186
667A Lytt  201702062 2415 2665 2344 1882 1594 1114  530  625  646 1117 1464 1787
667A Lytt  201702071 2274 2358 2327 2038 1569 1080  592  496  441  702 1241 1783
667A Lytt  201702072 2213 2464 2506 2158 1806 1393  752  507  457  497  812 1364
667A Lytt  201702081 1836 2098 2336 2170 2007 1383  826  705  202  323  785 1090
667A Lytt  201702082 1621 2108 2425 2333 2099 1888 1272  641  447  363  476  752
667A Lytt  201702091 1410 1864 2175 2361 2270 1766 1424  960  425  233  397  727
667A Lytt  201702092 1095 1774 2283 2340 2504 2262 1752 1098  809  488  266  443
667A Lytt  201702101  929 1431 1845 2324 2437 2218 1865 1346  841  471  309  332
667A Lytt  201702102  756 1289 1845 2234 2508 2619 2138 1696 1200  750  402  444
667A Lytt  201702111  582 1080 1595 2140 2439 2431 2434 1992 1325  898  711  295
667A Lytt  201702112  482 1046 1500 1922 2494 2756 2484 2293 1837 1316  892  687
667A Lytt  201702121  703  794 1291 1927 2332 2623 2683 2526 1840 1493 1146  771
667A Lytt  201702122  478  822 1264 1804 2215 2717 2788 2556 2490 1796 1347  913
667A Lytt  201702131  701  678  958 1673 1943 2438 2678 2547 2438 1830 1420  927
667A Lytt  201702132  641  629  794 1224 1746 2240 2505 2602 2456 2191 1631 1149
667A Lytt  201702141  880  617  749 1031 1516 1896 2257 2382 2364 2170 1609 1279
667A Lytt  201702142  815  478  557  774 1190 1688 2066 2271 2398 2233 1816 1405
667A Lytt  201702151 1093  799  664  778 1118 1522 1895 2214 2381 2312 2029 1622
667A Lytt  201702152 1201  865  674  695  956 1348 1735 2060 2267 2281 2083 1728
667A Lytt  201702161 1317  907  616  662  811 1046 1522 1929 2034 2270 2292 1835
667A Lytt  201702162 1374 1197  840  545  734 1114 1303 1654 2099 2199 2061 1929
667A Lytt  201702171 1592 1179  841  726  671  703 1197 1549 1768 2090 2211 1994
667A Lytt  201702172 1654 1347 1055  590  562  905  931 1204 1793 1965 1909 2065
667A Lytt  201702181 1782 1337 1024  773  646  573  866 1209 1469 1763 2093 2116
667A Lytt  201702182 1813 1532 1350  779  653  753  705  968 1352 1724 1836 1938
667A Lytt  201702191 1899 1531 1204 1036  676  481  755  791 1119 1532 1799 1964
667A Lytt  201702192 1884 1690 1499 1038  799  689  597  637 1063 1431 1558 1789
667A Lytt  201702201 1959 1731 1449 1225  906  531  630  692  835 1240 1630 1818
667A Lytt  201702202 1949 1897 1645 1462 1009  859  705  539  895 1188 1411 1740
667A Lytt  201702211 2039 1932 1696 1569 1259  789  678  802  668 1013 1544 1697
667A Lytt  201702212 1936 2086 2018 1703 1498 1165  876  645  812 1160 1228 1504
667A Lytt  201702221 1992 2097 1866 1947 1652 1064 1012  873  653  908 1345 1575
667A Lytt  201702222 1728 2177 2223 1836 1857 1470  977  752  870  807  900 1498
667A Lytt  201702231 1723 1862 2074 2069 1739 1351 1116  797  552  703  957 1221
667A Lytt  201702232 1592 1981 2195 2092 1945 1668 1232  881  701  730  731 1106
667A Lytt  201702241 1575 1762 2025 2234 1945 1682 1405  995  627  698  752  906
667A Lytt  201702242 1403 1818 2008 2194 2251 1949 1560 1119  889  615  654  857
667A Lytt  201702251 1198 1674 1887 2248 2280 1869 1743 1213  810  711  626  678
667A Lytt  201702252 1105 1594 1904 2196 2385 2222 1874 1584 1049  675  648  514
667A Lytt  201702261  749 1340 1665 1875 2259 2128 1851 1514 1041  655  528  457
667A Lytt  201702262  630 1072 1596 1949 2215 2311 2088 1699 1293  879  600  380
667A Lytt  201702271  487  796 1349 1717 2020 2170 2118 1787 1281  924  528  349
667A Lytt  201702272  330  674 1050 1583 1962 2206 2221 1947 1589 1173  645  382
667A Lytt  201702281  390  523  920 1433 1876 2186 2310 2181 1824 1348  861  480
667A Lytt  201702282  292  413  689 1174 1735 2029 2242 2207 1999 1558 1026  661
667A Lytt  201703011  388  364  482 1026 1568 1856 2162 2397 1983 1743 1381  727
667A Lytt  201703012  474  382  522  700 1406 1837 2079 2340 2205 2034 1432 1049
667A Lytt  201703021  638  396  381  649 1134 1637 2041 2320 2383 2160 1873 1168
667A Lytt  201703022  819  535  424  529 1009 1488 1925 2216 2514 2333 2004 1571
667A Lytt  201703031 1069  737  423  611  817 1328 1819 2173 2509 2456 2403 1896
667A Lytt  201703032 1394  959  672  527  672 1107 1593 1877 2341 2553 2361 1940
667A Lytt  201703041 1657 1106  581  549  670  788 1305 1874 2149 2456 2527 2266
667A Lytt  201703042 1754 1358 1026  536  575  869 1162 1475 2085 2421 2510 2454
667A Lytt  201703051 2159 1703 1072  900  689  628  914 1542 1786 2206 2643 2629
667A Lytt  201703052 2193 1966 1602  900  676  777  799 1027 1684 2048 2255 2528
667A Lytt  201703061 2446 1942 1546 1255  768  552  617 1124 1309 1832 2463 2588
667A Lytt  201703062 2461 2398 2075 1342  991  795  685  704 1206 1732 1899 2347
667A Lytt  201703071 2648 2248 1930 1718 1032  589  604  628  808 1290 1934 2283
667A Lytt  201703072 2390 2630 2293 1804 1394 1054  551  497  840 1086 1472 2038
667A Lytt  201703081 2389 2374 2189 2084 1497  924  682  503  432  794 1363 1724
667A Lytt  201703082 2129 2500 2392 2086 1757 1221  731  371  492  536  884 1431
667A Lytt  201703091 1912 2081 2285 2246 1803 1234  817  500  241  410  811 1199
667A Lytt  201703092 1636 2168 2373 2201 2142 1609 1074  621  449  571  471  996
667A Lytt  201703101 1599 1925 2137 2509 2249 1636 1452  864  394  373  599  821
667A Lytt  201703102 1281 1947 2306 2334 2438 2204 1536  992  849  540  420  744
667A Lytt  201703111 1219 1621 2067 2432 2455 2161 1958 1353  815  647  527  675
667A Lytt  201703112  975 1599 2153 2321 2639 2584 2038 1687 1276  804  582  692
667A Lytt  201703121  939 1266 1835 2390 2413 2427 2391 1906 1269 1004  722  570
667A Lytt  201703122  754 1304 1709 2150 2595 2568 2359 2141 1606 1092  816  609
667A Lytt  201703131  640 1000 1383 1945 2301 2378 2447 2119 1614 1223  880  590
667A Lytt  201703132  472  830 1236 1658 2091 2487 2399 2185 1973 1373  966  646
667A Lytt  201703141  571  651  913 1617 1865 2124 2458 2205 1893 1552 1085  645
667A Lytt  201703142  425  568  798 1242 1696 2081 2144 2223 1991 1585 1163  831
667A Lytt  201703151  553  452  694 1098 1504 1774 2207 2234 1935 1789 1358  906
667A Lytt  201703152  547  550  574  853 1299 1760 1944 2092 2169 1859 1472 1093
667A Lytt  201703161  780  536  646  841 1236 1595 1993 2144 2198 2008 1703 1376
667A Lytt  201703162  871  680  669  659 1147 1576 1692 2070 2245 2024 1830 1441
667A Lytt  201703171 1118  774  672  878  970 1415 1794 2022 2166 2258 2029 1633
667A Lytt  201703172 1265 1031  759  717  901 1242 1466 1843 2074 2121 2098 1627
667A Lytt  201703181 1371 1024  724  824  844 1039 1566 1736 1989 2136 2135 1882
667A Lytt  201703182 1432 1197  842  759  773  952 1220 1509 1830 2131 2005 1880
667A Lytt  201703191 1657 1236  950  743  859  842 1261 1467 1781 2105 2157 2075
667A Lytt  201703192 1764 1606 1203 1001  872 1064 1136 1403 1813 1951 2181 2219
667A Lytt  201703201 1875 1600 1410 1012  808  992 1125 1285 1677 1908 2177 2213
667A Lytt  201703202 2071 1776 1580 1138  934 1036  892 1146 1505 1849 1960 2112
667A Lytt  201703211 2188 1746 1525 1289 1037  874  991 1229 1419 1688 2088 2265
667A Lytt  201703212 2225 2093 1863 1508 1211 1035 1007  983 1380 1704 1839 2126
667A Lytt  201703221 2282 2093 1736 1636 1197  996  974  878 1222 1443 1815 2047
667A Lytt  201703222 2150 2116 1930 1736 1299 1012  861  834  894 1285 1659 1850
667A Lytt  201703231 2046 2232 1819 1778 1433 1061  953  824  931 1175 1510 1914
667A Lytt  201703232 2140 2149 2245 1903 1614 1240 1013  752  823 1004 1348 1739
667A Lytt  201703241 2070 2273 2286 2110 1797 1399 1027  799  753  890 1195 1592
667A Lytt  201703242 1973 2247 2335 2087 1914 1433 1044  857  638  782 1001 1369
667A Lytt  201703251 1738 2077 2146 2138 1940 1569 1156  875  753  642  934 1338
667A Lytt  201703252 1663 2057 2341 2301 2103 1898 1362  977  740  638  823  984
667A Lytt  201703261 1428 2002 2044 2194 2323 1820 1395 1102  738  558  567  979
667A Lytt  201703262 1339 1680 2167 2417 2263 2169 1667 1237  843  605  625  653
667A Lytt  201703271 1065 1609 1985 2136 2418 2138 1795 1371  991  604  455  703
667A Lytt  201703272  870 1427 1985 2176 2448 2482 1980 1668 1184  745  630  536
667A Lytt  201703281  677 1189 1823 2100 2316 2500 2160 1807 1343  848  508  534
667A Lytt  201703282  587  940 1461 2011 2315 2363 2348 2050 1466  992  727  367
667A Lytt  201703291  481  699 1320 1781 2182 2497 2390 2226 1809 1181  759  593
667A Lytt  201703292  380  573 1062 1633 2064 2331 2491 2315 2002 1476 1044  631
667A Lytt  201703301  334  525  799 1369 1859 2341 2570 2444 2248 1797 1185  749
667A Lytt  201703302  499  395  574 1074 1591 2013 2310 2503 2325 1897 1455  863
667A Lytt  201703311  554  477  458  730 1471 1884 2299 2577 2472 2185 1760 1172
667A Lytt  201703312  722  529  317  654 1167 1556 2023 2432 2485 2270 2020 1490
667A Lytt  201704011  856  594  520  466  895 1566 1950 2360 2693 2610 2256 1786
667A Lytt  201704012 1326  836  520  477  839 1181 1556 2182 2434 2466 2428 2025
667A Lytt  201704021 1351  968  646  397  520 1073 1484 1861 2399 2541 2370 2184
667A Lytt  201704022 1780 1170  691  540  423  607 1098 1539 1979 2248 2447 2167
667A Lytt  201704031 1801 1446  874  499  428  580  862 1321 1945 2340 2432 2449
667A Lytt  201704032 2195 1625 1200  805  478  411  664 1119 1500 1935 2361 2288
667A Lytt  201704041 2206 1853 1334  917  535  390  555  862 1350 1800 2258 2468
667A Lytt  201704042 2320 2152 1651 1210  739  453  447  662 1058 1542 1911 2361
667A Lytt  201704051 2311 2157 1763 1385  893  459  494  562  875 1490 1831 2272
667A Lytt  201704052 2517 2349 2067 1849 1257  797  696  525  680 1259 1667 2069
667A Lytt  201704061 2411 2484 2265 1962 1442 1072  789  456  874 1081 1530 2085
667A Lytt  201704062 2552 2621 2539 2443 1884 1281  965  770  593  937 1362 1677
667A Lytt  201704071 2084 2479 2399 2183 1813 1328  893  546  477  619  947 1411
667A Lytt  201704072 2014 2180 2290 2411 1983 1366 1078  663  396  450  898 1086
667A Lytt  201704081 1600 2129 2303 2110 2084 1818 1021  790  643  325  561 1033
667A Lytt  201704082 1490 1801 2207 2348 2135 1758 1336  918  493  403  620  727
667A Lytt  201704091 1191 1809 2066 2095 2309 1979 1495 1064  827  431  328  745
667A Lytt  201704092 1128 1488 1968 2267 2241 2044 1790 1262  835  592  575  606
667A Lytt  201704101  866 1448 1924 2054 2265 2385 1868 1467 1140  727  468  632
667A Lytt  201704102  910 1169 1744 2207 2218 2244 2098 1712 1066  934  696  497
667A Lytt  201704111  714 1164 1594 1929 2223 2463 2064 1833 1641  923  721  693
667A Lytt  201704112  827  870 1429 2053 2109 2148 2374 2013 1489 1236 9999 9999
667A Lytt  201704121 9999 9999 9999 9999 9999 9999 9999 9999 9999 9999 9999 9999
667A Lytt  201704122 9999 9999 9999 9999 9999 9999 9999 9999 9999 9999 9999 9999
667A Lytt  201704131 9999 9999 9999 9999 2050 2209 2210 2389 2187 1630 1307 1107
667A Lytt  201704132  769  713 1107 1393 1708 1985 2394 2279 2165 1885 1540 1025
667A Lytt  201704141  849 1049 1050 1219 1804 2054 2162 2362 2425 1987 1473 1574
667A Lytt  201704142  905  742  919 1243 1398 1810 2093 2173 2163 2164 1748 1212
667A Lytt  201704151 1160  877  850 1059 1403 1778 1866 2304 2343 2112 1831 1654
667A Lytt  201704152 1207  797  923  940 1125 1407 1888 2076 2085 2206 2030 1513
667A Lytt  201704161 1216 1145  869  816 1235 1536 1650 2167 2346 2184 2061 1859
667A Lytt  201704162 1508 1056  983 1018  995 1240 1633 1877 2042 2240 2106 1763
667A Lytt  201704171 1551 1294  932  817 1092 1255 1344 1871 2110 2085 2151 1969
667A Lytt  201704172 1671 1328 1017  824  787  929 1212 1532 1824 2049 2120 1991
667A Lytt  201704181 1722 1398 1092  876  803  908 1174 1504 1818 2074 2191 2114
667A Lytt  201704182 1894 1338 1228 1093  631  762 1110 1186 1458 1946 2085 1876
667A Lytt  201704191 1903 1763 1201  921  952  887  841 1309 1599 1747 1998 2276
667A Lytt  201704192 1982 1693 1628 1184  720  781  954  891 1304 1752 1884 2024
667A Lytt  201704201 2063 1847 1588 1199 1074  848  761 1088 1305 1571 1911 2129
667A Lytt  201704202 2143 1936 1739 1469  896  787  754  769  919 1478 1794 1816
667A Lytt  201704211 2057 2058 1640 1398 1145  830  598  840  987 1144 1633 1961
667A Lytt  201704212 2027 1975 1977 1551 1104  834  667  481  612 1099 1422 1611
667A Lytt  201704221 1985 2096 1788 1600 1398  865  579  621  607  776 1254 1705
667A Lytt  201704222 1861 2029 2171 1832 1369 1136  685  457  512  761 1014 1491
667A Lytt  201704231 1914 2029 2180 1901 1732 1273  790  705  506  556  990 1408
667A Lytt  201704232 1831 2059 2245 2205 1753 1467  994  619  493  508  773 1126
667A Lytt  201704241 1663 2005 2144 2299 2034 1621 1213  811  468  498  628  972
667A Lytt  201704242 1525 2014 2170 2357 2228 1879 1395  906  702  340  559  840
667A Lytt  201704251 1302 1823 2212 2398 2333 2125 1635 1101  759  474  427  612
667A Lytt  201704252 1128 1662 2001 2346 2488 2176 1804 1352  884  432  419  583
667A Lytt  201704261  823 1458 2024 2324 2478 2495 2132 1615 1084  741  285  451
667A Lytt  201704262  622 1097 1705 2162 2345 2393 2182 1738 1239  689  452  424
667A Lytt  201704271  368  904 1603 2008 2366 2707 2463 2099 1627 1096  534  387
667A Lytt  201704272  477  708 1263 1874 2171 2511 2643 2246 1843 1408  898  463
667A Lytt  201704281  436  725 1087 1672 2221 2616 2741 2634 2276 1616 1113  711
667A Lytt  201704282  449  456  791 1413 1948 2236 2647 2632 2276 1912 1392  781
667A Lytt  201704291  511  434  599 1059 1836 2291 2446 2919 2709 2201 1814 1214
667A Lytt  201704292  812  461  671  897 1426 2039 2456 2732 2719 2471 2068 1410
667A Lytt  201704301  925  725  515  690 1380 1846 2171 2866 2908 2681 2389 1973
667A Lytt  201704302 1362  872  638  772  927 1442 2022 2299 2641 2620 2421 1908
667A Lytt  201705011 1281  922  631  337  779 1201 1574 2152 2660 2551 2428 2324
667A Lytt  201705012 1646  971  785  525  313  813 1352 1706 2082 2581 2432 2083
667A Lytt  201705021 1867 1291  769  431  526  685  973 1577 2085 2434 2391 2400
667A Lytt  201705022 2182 1496 1092  769  448  412  885 1250 1689 2263 2566 2447
667A Lytt  201705031 2165 1914 1374  772  723  601  604 1167 1821 1906 2301 2600
667A Lytt  201705032 2499 2012 1624 1317  575  525  669  994 1163 1834 2464 2406
667A Lytt  201705041 2483 2330 1799 1333 1004  769  392  894 1287 1478 2111 2588
667A Lytt  201705042 2471 2331 2243 1761  996  882  757  565  921 1552 1845 2138
667A Lytt  201705051 2519 2430 2077 1711 1448  843  507  657  876  947 1569 2126
667A Lytt  201705052 2218 2271 2326 1919 1318  890  794  322  507 1041 1324 1620
667A Lytt  201705061 2243 2400 2122 2055 1749 1161  621  685  600  496 1078 1756
667A Lytt  201705062 1809 2116 2461 2012 1543 1320  941  388  363  724  850 1234
667A Lytt  201705071 1819 2170 2144 1998 2091 1416  875  872  543  328  740 1216
667A Lytt  201705072 1543 1890 2198 2232 1742 1580 1185  554  491  482  590  879
667A Lytt  201705081 1444 1843 2000 2177 2201 1754 1244 1070  679  405  544  827
667A Lytt  201705082 1273 1659 1965 2245 2011 1831 1585  915  675  591  513  660
667A Lytt  201705091 1160 1572 1870 2045 2326 2025 1627 1443  852  576  542  717
667A Lytt  201705092  888 1390 1871 2034 2030 2135 1725 1284  974  696  532  596
667A Lytt  201705101  833 1292 1670 1932 2248 2172 1901 1715 1165  831  680  639
667A Lytt  201705102  825 1164 1559 1958 2039 2324 2048 1620 1521  986  796  757
667A Lytt  201705111  829 1041 1567 1975 2255 2319 2250 2010 1610 1202 1006  737
667A Lytt  201705112  782 1077 1389 1768 2046 2195 2144 1943 1633 1215  990  746
667A Lytt  201705121  716  856 1301 1616 1947 2295 2204 2146 1918 1426 1011  875
667A Lytt  201705122  724  822 1091 1528 1757 1974 2194 2013 1874 1505 1214  926
667A Lytt  201705131  750  752 1118 1281 1779 2089 2095 2277 2080 1570 1314 1063
667A Lytt  201705132  755  644  975 1209 1367 1796 2059 1990 1967 1774 1248 1083
667A Lytt  201705141  821  665  781 1109 1437 1759 2013 2161 2066 1839 1530 1163
667A Lytt  201705142  922  683  721  928 1201 1529 1793 2005 1990 1899 1577 1235
667A Lytt  201705151  939  801  727  822 1228 1548 1784 2027 2213 1927 1726 1460
667A Lytt  201705152 1098  760  731  814  904 1290 1628 1816 1895 2016 1785 1443
667A Lytt  201705161 1130  911  753  722  998 1361 1517 1881 2174 2036 1953 1759
667A Lytt  201705162 1356 1144  817  742  899 1143 1475 1700 1904 2179 2012 1853
667A Lytt  201705171 1524 1275  963  840 1028 1177 1388 1855 2205 2057 2188 2133
667A Lytt  201705172 1646 1441 1194  889  749 1022 1387 1517 1849 2174 2217 2112
667A Lytt  201705181 1790 1662 1211  973 1026 1136 1264 1735 2057 2176 1962 2228
667A Lytt  201705182 1959 1743 1499  979  989  864 1253 1361 1737 2042 2250 2390
667A Lytt  201705191 2081 1939 1541 1193 1188  821 1060 1422 1748 1969 2188 2311
667A Lytt  201705192 2324 2102 1807 1427 1151  967  945 1125 1544 2100 2150 2409
667A Lytt  201705201 2399 2138 1800 1401 1386  963  949 1214 1467 1747 2188 2418
667A Lytt  201705202 2519 2422 2209 1681 1382 1067 1005  828 1201 1641 2144 2332
667A Lytt  201705211 2598 2359 2062 1734 1395  928  670  920  927 1262 1617 1956
667A Lytt  201705212 2223 2169 2219 1803 1193 1029  645  389  681 1073 1315 1720
667A Lytt  201705221 2091 2202 2020 1791 1584  999  638  611  550  568 1104 1605
667A Lytt  201705222 1945 2156 2137 1999 1635 1171  805  355  380  597  981 1407
667A Lytt  201705231 1787 2276 2203 2211 1989 1345  990  701  467  424  744 1285
667A Lytt  201705232 1663 2051 2356 2294 1866 1676 1134  486  382  378  485  871
667A Lytt  201705241 1548 1932 2246 2381 2344 1780 1381 1050  455  323  489  742
667A Lytt  201705242 1218 1841 2197 2415 2389 2050 1650  991  693  372  267  615
667A Lytt  201705251 1039 1678 2038 2400 2713 2291 1928 1538  885  436  288  467
667A Lytt  201705252  750 1275 1890 2240 2411 2488 2004 1531 1081  582  285  339
667A Lytt  201705261  620 1128 1728 2159 2691 2615 2410 2112 1418  937  499  358
667A Lytt  201705262  467  840 1479 1971 2230 2742 2461 2032 1721 1029  502  361
667A Lytt  201705271  361  501 1139 1847 2285 2535 2838 2444 2040 1381  905  435
667A Lytt  201705272  212  472  774 1311 1849 2378 2409 2382 2139 1441 1031  582
667A Lytt  201705281  234  245  632 1169 1825 2233 2674 2710 2394 1953 1377  866
667A Lytt  201705282  454  277  438  686 1428 1935 2170 2444 2491 1959 1431 1133
667A Lytt  201705291  438  166  322  549 1227 1655 2273 2579 2547 2360 1899 1336
667A Lytt  201705292  819  443  283  431  862 1394 1885 2283 2486 2389 2023 1624
667A Lytt  201705301 1046  540  312  446  717 1238 1779 2287 2573 2596 2301 1973
667A Lytt  201705302 1425  860  484  453  497  893 1354 1852 2337 2407 2406 2126
667A Lytt  201705311 1551 1026  608  498  406  734 1271 1759 2176 2465 2468 2213
667A Lytt  201705312 1938 1286  884  576  379  559  950 1310 1885 2282 2465 2325
667A Lytt  201706011 1889 1604 1113  622  546  573  801 1223 1815 2118 2309 2494
667A Lytt  201706012 2221 1735 1357  873  502  462  621  882 1392 1845 2308 2310
667A Lytt  201706021 2220 2005 1455 1055  820  475  497  936 1247 1608 2080 2358
667A Lytt  201706022 2230 2127 1745 1146  815  670  336  587 1080 1392 1794 2324
667A Lytt  201706031 2208 2167 1991 1415 1173  762  644  642  965 1382 1704 2143
667A Lytt  201706032 2382 2339 1985 1745 1242  859  634  566  803 1066 1607 2061
667A Lytt  201706041 2175 2284 2374 1881 1572 1159  876  664  788 1127 1330 1838
667A Lytt  201706042 2189 2294 2238 1995 1567 1212  745  610  691  814 1228 1702
667A Lytt  201706051 1974 2241 2253 2089 1882 1301 1060  813  582  743 1018 1429
667A Lytt  201706052 1846 2144 2195 2135 1830 1493  997  699  686  605  966 1314
667A Lytt  201706061 1671 2001 2227 2193 2131 1614 1243 1030  673  563  767 1116
667A Lytt  201706062 1509 1915 2060 2204 2024 1675 1249  947  764  528  677 1007
667A Lytt  201706071 1367 1797 2016 2226 2243 1899 1608 1139  924  678  584  923
667A Lytt  201706072 1182 1643 1939 2091 2175 1998 1536 1184  920  642  672  842
667A Lytt  201706081 1078 1619 1863 2067 2433 2073 1839 1577 1132  771  600  820
667A Lytt  201706082  922 1373 1831 1949 2065 2205 1770 1443 1216  872  702  738
667A Lytt  201706091  963 1290 1774 2054 2310 2321 2101 1902 1464 1075  822  801
667A Lytt  201706092  945 1159 1625 1905 2122 2297 2065 1917 1521 1153  878  790
667A Lytt  201706101  977 1082 1563 1956 2253 2339 2334 2197 1701 1341 1024  881
667A Lytt  201706102  784  973 1364 1627 1924 2245 2061 1966 1897 1320 1064  900
667A Lytt  201706111  859  913 1222 1699 2086 2228 2358 2283 2027 1516 1185  982
667A Lytt  201706112  871  895 1061 1557 1770 2071 2228 2125 2034 1640 1313 1080
667A Lytt  201706121  797  892 1085 1368 1776 2124 2261 2323 2182 1773 1481 1190
667A Lytt  201706122  844  857  975 1154 1533 2017 2069 2202 2260 2022 1696 1320
667A Lytt  201706131 1095  982  918 1199 1730 1849 2174 2580 2417 2167 1940 1420
667A Lytt  201706132 1178  943 1011 1045 1313 1899 1724 2001 2418 1968 1792 1639
667A Lytt  201706141 1216  760  815 1149 1438 1761 2251 2430 2500 2624 2118 1690
667A Lytt  201706142 1529 1127  845  902 1218 1465 1634 2086 2271 2065 2119 1847
667A Lytt  201706151 1219 1064 1048  722 1031 1400 1717 1980 2309 2192 2145 1892
667A Lytt  201706152 1551 1183  885  741  784 1010 1265 1683 1978 1975 2052 1959
667A Lytt  201706161 1449 1091  951  659  681  894 1240 1591 1910 2034 2069 1960
667A Lytt  201706162 1712 1321  932  704  590  718  749 1307 1700 1774 2083 2020
667A Lytt  201706171 1655 1413  955  737  573  614  914 1228 1541 1858 2036 2011
667A Lytt  201706172 1902 1623 1116  819  604  519  517  977 1335 1599 2044 2094
667A Lytt  201706181 1874 1797 1302  879  761  626  600  834 1310 1646 1938 2252
667A Lytt  201706182 2131 1959 1543 1250  705  608  534  651 1017 1503 1893 2104
667A Lytt  201706191 2171 2103 1666 1237 1042  590  491  632  920 1236 1631 2040
667A Lytt  201706192 2229 2114 1930 1449 1102  677  376  446  640 1014 1480 1993
667A Lytt  201706201 2150 2250 2142 1688 1369  838  653  477  628  906 1266 1813
667A Lytt  201706202 2208 2232 2216 1986 1499 1124  505  464  447  750 1175 1749
667A Lytt  201706211 2096 2389 2448 2236 1981 1337 1010  571  534  569 1033 1434
667A Lytt  201706212 1926 2308 2473 2297 1993 1576  932  534  378  442  791 1260
667A Lytt  201706221 1823 2243 2463 2543 2343 1916 1342  868  560  270  622  915
667A Lytt  201706222 1428 2103 2369 2405 2413 2094 1405  989  654  332  400  919
667A Lytt  201706231 1303 1939 2392 2719 2734 2438 2114 1378  856  649  420  646
667A Lytt  201706232 1174 1729 2259 2572 2770 2638 2158 1613 1200  562  572  553
667A Lytt  201706241  852 1625 2102 2571 2989 2930 2550 2176 1606  904  531  645
667A Lytt  201706242  580 1187 1738 2207 2607 2771 2462 2098 1601  905  539  361
667A Lytt  201706251  434  847 1465 2048 2537 2901 2748 2489 1997 1227  837  435
667A Lytt  201706252  343  573 1027 1569 2178 2511 2564 2426 2014 1491  928  490
667A Lytt  201706261  257  375  842 1460 1979 2461 2893 2674 2399 1888 1189  777
667A Lytt  201706262  372  350  439 1079 1615 2061 2394 2545 2319 1951 1450  791
667A Lytt  201706271  361  305  376  693 1428 1971 2345 2661 2776 2087 1788 1257
667A Lytt  201706272  554  317  417  361 1054 1712 1857 2332 2681 2131 1851 1322
667A Lytt  201706281  874  442  185  390  874 1301 1915 2378 2568 2470 2124 1624
667A Lytt  201706282 1094  643  348  303  564 1015 1488 1920 2238 2308 2092 1672
667A Lytt  201706291 1170  699  352  220  526  939 1435 1830 2353 2357 2324 2078
667A Lytt  201706292 1581 1034  711  475  382  689 1016 1606 2020 2205 2424 2188
667A Lytt  201706301 1717 1315  891  576  458  682 1099 1411 1919 2258 2269 2316
667A Lytt  201706302 2055 1508 1131  654  551  665  692 1149 1792 2079 2277 2482
667A Lytt  201707011 2193 1751 1282  950  753  549  849 1152 1519 1902 2245 2325
667A Lytt  201707012 2173 2063 1504 1015  860  706  452 1005 1431 1666 2159 2420
667A Lytt  201707021 2325 2087 1808 1414  988  795  839  848 1265 1653 1880 2239
667A Lytt  201707022 2455 2154 1940 1470 1079  864  588  754 1010 1461 1738 2161
667A Lytt  201707031 2391 2293 2001 1811 1415  923  885  747 1029 1294 1633 2115
667A Lytt  201707032 2216 2376 2159 1789 1437 1150  684  703  820 1007 1516 1932
667A Lytt  201707041 2253 2433 2291 2033 1893 1247 1032 1039  739 1003 1550 1751
667A Lytt  201707042 1978 2313 2336 2112 1768 1560  880  873  916  942 1303 1666
667A Lytt  201707051 1976 2266 2324 2224 1994 1582 1249  959  810  812 1073 1339
667A Lytt  201707052 1814 2071 2167 2103 1918 1562 1113  824  812  645  945 1347
667A Lytt  201707061 1662 1941 2201 2216 2000 1853 1435 1006  894  666  686 1149
667A Lytt  201707062 1489 1732 2004 2140 2014 1696 1405 1032  758  560  845  945
667A Lytt  201707071 1296 1804 1989 2156 2256 1990 1739 1278  949  780  667  898
667A Lytt  201707072 1191 1584 1831 1970 2198 2012 1579 1307  943  726  665  855
667A Lytt  201707081  972 1528 1834 2020 2269 2259 1874 1532 1294  821  649  807
667A Lytt  201707082  988 1261 1706 2030 2048 2135 1963 1565 1243  841  802  630
667A Lytt  201707091  904 1260 1585 1941 2352 2285 2164 1909 1531 1045  708  820
667A Lytt  201707092  861 1008 1479 1845 2068 2238 2161 1860 1486 1209  947  670
667A Lytt  201707101  832 1063 1360 1834 2133 2286 2440 2011 1805 1374  919  827
667A Lytt  201707102  681  863 1235 1592 1928 2134 2188 2096 1705 1513 1046  784
667A Lytt  201707111  804  888 1117 1545 2037 2142 2346 2327 2042 1629 1250 1014
667A Lytt  201707112  801  829 1055 1297 1718 2135 2265 2113 2075 1718 1367  977
667A Lytt  201707121  695  793  790 1199 1790 1945 2305 2476 2131 1857 1497 1049
667A Lytt  201707122  888  701  769 1100 1235 1829 1974 2098 2220 1818 1554 1159
667A Lytt  201707131  832  590  729  891 1294 1711 1990 2216 2284 1932 1653 1383
667A Lytt  201707132  852  666  628  590  935 1433 1657 1890 2056 2047 1694 1321
667A Lytt  201707141 1037  656  495  670  910 1258 1696 1970 2193 2098 1825 1558
667A Lytt  201707142 1117  780  520  460  636  964 1329 1714 1998 1976 1985 1636
667A Lytt  201707151 1185  880  523  554  612  919 1312 1773 1995 2138 2059 1766
667A Lytt  201707152 1520 1076  738  516  485  780 1000 1453 1831 2080 2071 2012
667A Lytt  201707161 1533 1171  845  439  529  680  996 1288 1852 1984 2148 2065
667A Lytt  201707162 1808 1509  986  728  417  488  790 1161 1577 1958 2206 2195
667A Lytt  201707171 2033 1686 1207  880  672  601  709 1049 1510 1888 2100 2264
667A Lytt  201707172 2209 1839 1571  885  736  612  491  820 1342 1641 2046 2358
667A Lytt  201707181 2277 2050 1648 1257  837  543  632  679 1044 1487 1907 2139
667A Lytt  201707182 2377 2214 1780 1473 1059  616  431  560  880 1266 1823 2254
667A Lytt  201707191 2409 2394 2186 1716 1395  887  688  561  832 1116 1565 2087
667A Lytt  201707192 2338 2486 2313 1939 1583 1095  612  576  723  967 1550 2074
667A Lytt  201707201 2409 2646 2630 2293 2031 1475 1017  725  725  842 1202 1807
667A Lytt  201707202 2284 2544 2670 2615 2140 1621 1188  837  647  964 1413 1752
667A Lytt  201707211 2489 2881 2966 2985 2717 2348 1639 1208  856  954  966 1441
667A Lytt  201707212 2043 2422 2856 2899 2608 2328 1671 1054  779  645  868 1254
667A Lytt  201707221 1862 2360 2773 3101 2991 2620 2089 1569 1095  650  651  944
667A Lytt  201707222 1445 2029 2487 2831 2835 2547 2119 1528  932  576  571  559
667A Lytt  201707231 1081 1658 2130 2690 2880 2744 2436 1794 1244  744  381  445
667A Lytt  201707232  648 1252 1817 2223 2586 2641 2407 1852 1343  838  445  273
667A Lytt  201707241  557 1036 1606 2240 2610 2829 2746 2361 1850 1092  725  490
667A Lytt  201707242  334  755 1284 1855 2325 2616 2690 2226 1872 1358  788  381
667A Lytt  201707251  384  558  961 1574 2298 2594 2622 2771 2165 1542 1050  669
667A Lytt  201707252  344  386  789 1285 1832 2344 2613 2566 2312 1796 1364  790
667A Lytt  201707261  476  405  637 1103 1789 2308 2488 2890 2665 1985 1659 1165
667A Lytt  201707262  631  403  630  926 1282 1978 2386 2551 2567 2402 1886 1293
667A Lytt  201707271  874  627  458  714 1417 1716 2164 2686 2639 2314 2148 1585
667A Lytt  201707272  949  774  455  544  922 1474 1912 2191 2560 2416 2151 1698
667A Lytt  201707281 1182  739  440  554  786 1213 1798 2144 2534 2366 2201 1991
667A Lytt  201707282 1253  919  591  441  464 1057 1297 1730 2135 2290 2239 1925
667A Lytt  201707291 1490 1084  704  305  579  840 1119 1622 2005 2165 2135 1995
667A Lytt  201707292 1648 1208  750  524  459  540  852 1336 1682 2082 2189 2044
667A Lytt  201707301 1812 1323 1087  556  553  610  840 1249 1661 1876 2005 2136
667A Lytt  201707302 1852 1491 1143  782  392  475  647  964 1303 1659 2130 2060
667A Lytt  201707311 1983 1907 1309  927  829  637  660  991 1431 1581 1852 2191
667A Lytt  201707312 2040 1877 1529 1126  779  585  486  835 1080 1433 1823 2066
667A Lytt  201708011 2119 1951 1745 1272 1016  811  630  643 1142 1309 1428 2095
667A Lytt  201708012 2062 1844 1868 1507  978  740  649  544  829 1224 1544 1869
667A Lytt  201708021 2049 2189 1880 1627 1349  928  763  627  901  962 1350 1781
667A Lytt  201708022 1918 2019 2012 1760 1235 1086  786  630  630  992 1336 1504
667A Lytt  201708031 2006 2142 1955 1945 1647 1129  960  692  711  696 1065 1408
667A Lytt  201708032 1694 1909 2025 1884 1461 1246  862  660  500  715  939 1280
667A Lytt  201708041 1727 1951 2006 1982 1924 1351 1031  933  603  495  885 1141
667A Lytt  201708042 1363 1898 1991 1867 1788 1468 1001  730  598  496  609 1041
667A Lytt  201708051 1389 1735 1984 2023 2021 1626 1294  992  738  496  486  957
667A Lytt  201708052 1187 1540 1965 1871 1944 1752 1278 1105  664  526  644  823
667A Lytt  201708061 1209 1612 1984 2109 2279 2043 1587 1354 1029  627  546  826
667A Lytt  201708062 1097 1426 1923 2115 2057 2185 1635 1333 1038  736  697  617
667A Lytt  201708071 1046 1363 1865 2003 2254 2238 1928 1649 1232  765  549  752
667A Lytt  201708072  759 1167 1640 2047 2092 2178 2058 1603 1264 1100  698  564
667A Lytt  201708081  933 1171 1545 2020 2385 2277 2261 2021 1562 1126  908  802
667A Lytt  201708082  750  989 1505 1879 2045 2296 2311 1932 1684 1208  977  709
667A Lytt  201708091  783  930 1355 1712 2296 2371 2439 2384 1939 1416 1093  964
667A Lytt  201708092  644  828 1205 1642 1980 2340 2315 2273 2057 1498 1237  911
667A Lytt  201708101  734  792 1090 1396 1980 2321 2400 2471 2211 1877 1225 1043
667A Lytt  201708102  777  644  805 1293 1621 2004 2339 2284 2306 1853 1515 1073
667A Lytt  201708111  775  770  806 1097 1639 2144 2298 2547 2512 2110 1744 1363
667A Lytt  201708112  946  758  771  978 1389 1793 2244 2367 2383 2351 1884 1379
667A Lytt  201708121 1134  891  742  806 1429 1762 2042 2456 2566 2280 2048 1731
667A Lytt  201708122 1194  797  786  821  840 1498 1814 2101 2314 2465 2242 1642
667A Lytt  201708131 1475 1063  650  728 1021 1290 1668 2214 2371 2373 2255 2026
667A Lytt  201708132 1489  998  944  677  585 1089 1464 1803 2244 2461 2434 2090
667A Lytt  201708141 1668 1416  865  636  759  749 1234 1789 2192 2180 2332 2411
667A Lytt  201708142 1770 1422 1122  793  474  801 1138 1396 1946 2410 2434 2447
667A Lytt  201708151 2168 1731 1307  855  818  677  886 1321 1752 1921 2344 2378
667A Lytt  201708152 2060 1773 1429  837  572  574  498  938 1381 1914 2195 2385
667A Lytt  201708161 2334 2071 1568 1122  900  537  534  946 1235 1563 2028 2494
667A Lytt  201708162 2283 2205 1996 1342  827  747  598  552 1083 1575 1962 2275
667A Lytt  201708171 2616 2401 2036 1700 1167  754  507  672  715 1175 1731 2118
667A Lytt  201708172 2329 2468 2272 1770 1449  864  525  571  589 1042 1667 2063
667A Lytt  201708181 2451 2715 2512 2201 1754 1271  749  638  619  762 1265 1863
667A Lytt  201708182 2191 2502 2577 2316 1875 1345  934  566  438  715 1170 1675
667A Lytt  201708191 2233 2621 2794 2548 2345 1777 1242  827  584  538  803 1309
667A Lytt  201708192 1869 2336 2552 2676 2291 1831 1363  860  447  474  736 1009
667A Lytt  201708201 1679 2341 2615 2608 2730 2262 1500 1243  711  330  531  865
667A Lytt  201708202 1276 1870 2395 2616 2517 2279 1821 1230  783  452  385  667
667A Lytt  201708211 1111 1719 2208 2576 2767 2486 2075 1681  860  432  395  342
667A Lytt  201708212  620 1295 1883 2163 2461 2425 2039 1542 1034  557  195  234
667A Lytt  201708221  464 1025 1543 2134 2478 2505 2271 1897 1326  650  321  308
667A Lytt  201708222  231  689 1336 1753 2207 2463 2294 1991 1513  853  498  176
667A Lytt  201708231  225  573 1029 1655 2187 2320 2525 2247 1671 1210  624  372
667A Lytt  201708232  210  348  811 1379 1801 2151 2373 2218 1883 1464  862  475
667A Lytt  201708241  220  382  651 1149 1743 2195 2336 2373 2123 1585 1068  657
667A Lytt  201708242  395  230  446  981 1451 1780 2222 2422 2096 1810 1493  738
667A Lytt  201708251  502  454  381  678 1405 1791 1976 2513 2271 1802 1491 1189
667A Lytt  201708252  522  285  547  568  891 1545 1929 2088 2305 2144 1672 1155
667A Lytt  201708261  909  453  282  555  942 1243 1706 2202 2169 1997 1967 1358
667A Lytt  201708262  977  585  563  467  583 1236 1530 1883 2215 2260 2040 1632
667A Lytt  201708271 1302  946  594  616  731 1091 1386 1945 2121 2130 2145 1801
667A Lytt  201708272 1336 1059  786  552  716  888 1322 1711 2010 2310 2288 1935
667A Lytt  201708281 1711 1418  794  835  780  797 1221 1666 1897 2114 2309 2097
667A Lytt  201708282 1794 1388 1185  838  616  888 1040 1339 1774 2114 2234 2197
667A Lytt  201708291 1989 1696 1284  914  836  822  848 1377 1551 1795 2177 2156
667A Lytt  201708292 1889 1676 1396 1007  788  621  895 1123 1330 1839 2082 2148
667A Lytt  201708301 2149 1850 1545 1268  905  805  896 1001 1350 1603 1865 2124
667A Lytt  201708302 2111 1872 1659 1338  995  781  681  922 1191 1469 1908 2096
667A Lytt  201708311 2136 2135 1899 1383 1173 1064  706  824 1114 1338 1523 1974
667A Lytt  201708312 2194 1917 1875 1644 1122  877  840  707  847 1384 1577 1858
667A Lytt  201709011 2187 2242 2022 1756 1494 1252  840  765  990 1045 1445 1784
667A Lytt  201709012 2051 2088 2095 1978 1441 1147 1006  803  784 1073 1419 1700
667A Lytt  201709021 1966 2274 2180 2021 1717 1383 1052  806  811  797 1166 1515
667A Lytt  201709022 1832 1970 2295 2013 1701 1368 1074  798  614  851 1087 1336
667A Lytt  201709031 1789 2105 2133 2195 2012 1505 1266  928  679  634  928 1161
667A Lytt  201709032 1608 1897 2120 2123 1947 1642 1205  900  687  659  778 1149
667A Lytt  201709041 1505 1834 2120 2368 2067 1847 1510 1060  771  616  621  960
667A Lytt  201709042 1227 1727 2038 2159 2219 1914 1418 1216  772  578  625  828
667A Lytt  201709051 1152 1626 2069 2165 2276 2244 1779 1350 1000  708  555  666
667A Lytt  201709052 1033 1398 1908 2229 2340 2174 1929 1439 1080  822  742  634
667A Lytt  201709061  890 1393 1798 2167 2369 2476 2033 1710 1351  920  452  734
667A Lytt  201709062  885 1093 1730 2266 2343 2347 2520 1941 1515 1183  888  614
667A Lytt  201709071  842 1260 1643 2085 2518 2649 2443 2351 1818 1275 1015  752
667A Lytt  201709072  700  924 1460 1944 2202 2561 2484 2294 1868 1564  999  707
667A Lytt  201709081  771  935 1148 1856 2200 2551 2495 2495 2177 1592 1192  828
667A Lytt  201709082  693  603 1072 1572 1865 2356 2714 2465 2282 2030 1310  922
667A Lytt  201709091  737  947  800 1513 1879 2221 2595 2820 2218 2155 1669  895
667A Lytt  201709092  782  930  602 1126 1723 2016 2386 2725 2411 2249 1984 1233
667A Lytt  201709101  877  779  795  783 1470 2021 2148 2546 2723 2167 1941 1498
667A Lytt  201709102 1046  600  618  871 1141 1547 2130 2503 2505 2556 2238 1567
667A Lytt  201709111 1289  897  603  718 1043 1402 1910 2353 2527 2503 2264 1896
667A Lytt  201709112 1372  957  734  639  803 1186 1711 2141 2495 2611 2473 2167
667A Lytt  201709121 1619 1261  849  570  795 1048 1345 1925 2328 2344 2474 2228
667A Lytt  201709122 1698 1290  922  618  484  701 1156 1544 2003 2545 2603 2378
667A Lytt  201709131 2024 1579 1129  730  545  611  913 1346 1774 2134 2357 2333
667A Lytt  201709132 2054 1632 1257  794  416  486  742  917 1513 2145 2339 2394
667A Lytt  201709141 2393 1930 1443 1110  687  322  549  905 1170 1669 2173 2337
667A Lytt  201709142 2203 2093 1624 1168  761  410  454  683  929 1614 2015 2253
667A Lytt  201709151 2604 2259 1872 1614 1019  574  480  606  747 1184 1845 2186
667A Lytt  201709152 2377 2308 2148 1696 1255  682  552  374  718 1089 1593 2078
667A Lytt  201709161 2479 2588 2325 2035 1505  980  626  422  498  669 1311 1788
667A Lytt  201709162 2097 2359 2428 2077 1568 1108  812  334  462  847 1093 1604
667A Lytt  201709171 2262 2485 2441 2509 2029 1550 1008  727  386  597 1016 1316
667A Lytt  201709172 1909 2434 2543 2422 2265 1683 1168  835  459  534  705 1320
667A Lytt  201709181 1876 2303 2604 2749 2436 2038 1523 1034  595  497  667  814
667A Lytt  201709182 1430 2070 2250 2492 2561 1919 1560 1045  572  366  356  683
667A Lytt  201709191 1146 1765 2104 2518 2518 2178 1826 1240  718  391  377  399
667A Lytt  201709192  825 1505 1903 2187 2497 2205 1859 1436  838  580  182  378
667A Lytt  201709201  655 1177 1706 2225 2349 2375 2137 1613 1070  585  375  222
667A Lytt  201709202  495  919 1538 1920 2319 2350 2207 1833 1227  827  417  291
667A Lytt  201709211  362  746 1314 1765 2120 2367 2305 1972 1523  920  650  318
667A Lytt  201709212  279  549 1130 1617 1966 2272 2348 2017 1670 1206  689  431
667A Lytt  201709221  305  409  872 1376 1723 2172 2329 2109 1824 1328  858  537
667A Lytt  201709222  352  398  678 1246 1641 1897 2303 2239 1861 1624 1077  690
667A Lytt  201709231  393  414  580  940 1503 1884 2084 2283 2050 1686 1295  887
667A Lytt  201709232  515  471  581  961 1280 1764 2193 2229 2192 2086 1566 1083
667A Lytt  201709241  840  599  605  759 1331 1667 1980 2368 2231 2074 1715 1332
667A Lytt  201709242  937  604  661  842 1066 1519 1990 2155 2331 2372 1959 1564
667A Lytt  201709251 1227  940  541  801 1040 1393 1783 2113 2264 2140 2139 1540
667A Lytt  201709252 1278 1063  645  842 1093 1219 1705 2033 2219 2386 2229 1987
667A Lytt  201709261 1557 1168  984  802  907 1185 1610 1718 2161 2195 2168 1913
667A Lytt  201709262 1612 1343  912  874  868  986 1376 1730 1966 2215 2349 2149
667A Lytt  201709271 1682 1578 1121  793  854  939 1125 1414 1759 2007 2071 1976
667A Lytt  201709272 1717 1483 1050  885  766  729 1056 1257 1544 2003 2096 2034
667A Lytt  201709281 1921 1618 1364  908  804  802  890 1165 1546 1701 1997 2103
667A Lytt  201709282 1856 1683 1371 1096  856  743  886 1108 1401 1721 2025 2163
667A Lytt  201709291 2152 1899 1697 1356  983  904  912  988 1250 1566 1847 2016
667A Lytt  201709292 2112 1804 1669 1430  999  859  792  856 1169 1534 1748 2016
667A Lytt  201709301 2283 2083 1872 1658 1216 1017  860  836 1085 1357 1755 2008
667A Lytt  201709302 2199 2203 1998 1740 1376 1122  891  844 1043 1400 1658 1943
667A Lytt  201710011 2298 2366 2081 2053 1534 1196 1057  828  859 1133 1538 1772
667A Lytt  201710012 2106 2344 2228 1989 1709 1236  985  861  932 1053 1375 1751
667A Lytt  201710021 2196 2186 2353 2235 1792 1423 1120  895  629  870 1156 1402
667A Lytt  201710022 1770 2126 2266 2032 1904 1414 1053  824  626  805 1021 1268
667A Lytt  201710031 1879 2020 2200 2329 1999 1682 1270  850  641  659  769 1118
667A Lytt  201710032 1581 1871 2131 2289 2046 1698 1368  907  707  570  725 1044
667A Lytt  201710041 1461 1853 2253 2335 2251 2094 1604 1111  777  585  534  732
667A Lytt  201710042 1159 1701 2085 2241 2355 2062 1708 1180  821  658  468  636
667A Lytt  201710051 1056 1499 1928 2185 2331 2141 1804 1371  852  562  472  429
667A Lytt  201710052  708 1297 1759 2031 2221 2244 1924 1417 1047  689  362  308
667A Lytt  201710061  636 1004 1551 2015 2224 2323 2041 1837 1188  621  572  227
667A Lytt  201710062  360  830 1290 1751 2161 2327 2194 1781 1426  925  429  337
667A Lytt  201710071  365  529 1071 1614 1970 2214 2305 2026 1589 1095  688  331
667A Lytt  201710072  190  533  761 1453 1910 2206 2331 2089 1875 1367  722  429
667A Lytt  201710081  241  224  592 1149 1537 1961 2382 2214 1785 1650 1047  451
667A Lytt  201710082  269  275  366  889 1487 1950 2108 2389 2267 1697 1300  874
667A Lytt  201710091  409  174  405  743 1128 1702 2249 2220 2172 2057 1478  958
667A Lytt  201710092  502  353  180  524 1133 1469 1968 2375 2440 2232 1869 1475
667A Lytt  201710101  792  486  477  366  788 1480 1813 2149 2498 2326 2052 1546
667A Lytt  201710102 1085  757  320  515  755 1116 1623 2210 2366 2556 2391 1896
667A Lytt  201710111 1481  908  654  382  699  991 1454 1873 2298 2537 2349 2113
667A Lytt  201710112 1623 1132  728  532  525  799 1217 1666 2181 2526 2555 2261
667A Lytt  201710121 1968 1514  915  639  526  554  964 1378 1804 2276 2451 2300
667A Lytt  201710122 2063 1665 1110  758  540  500  790 1182 1701 2244 2532 2522
667A Lytt  201710131 2361 1948 1471 1013  654  387  581  926 1296 1793 2289 2357
667A Lytt  201710132 2321 2036 1598 1133  673  466  410  718 1121 1661 2170 2424
667A Lytt  201710141 2454 2258 1957 1305  858  622  378  529  862 1314 1778 2190
667A Lytt  201710142 2399 2245 2023 1599 1060  641  395  445  726 1142 1716 2189
667A Lytt  201710151 2408 2464 2345 1834 1388  933  590  358  580  890 1356 1877
667A Lytt  201710152 2278 2470 2213 2131 1557 1049  703  418  554  801 1163 1674
667A Lytt  201710161 2181 2372 2391 2229 1665 1235  848  397  294  601  931 1289
667A Lytt  201710162 1930 2268 2347 2341 2041 1475  903  633  426  525  862 1253
667A Lytt  201710171 1753 2251 2422 2504 2085 1673 1221  719  459  411  623 1016
667A Lytt  201710172 1513 2020 2240 2355 2249 1851 1340  916  602  330  437  871
667A Lytt  201710181 1276 1739 2198 2382 2199 2045 1617  975  537  429  413  515
667A Lytt  201710182  986 1563 1968 2172 2300 2051 1663 1164  798  400  318  410
667A Lytt  201710191  809 1290 1734 2092 2269 2196 1838 1395  884  540  294  338
667A Lytt  201710192  624 1079 1556 1998 2156 2247 1969 1569 1167  783  420  379
667A Lytt  201710201  609 1024 1417 1915 2281 2189 2092 1844 1237  886  605  386
667A Lytt  201710202  505  835 1331 1754 2097 2410 2227 1973 1741 1117  847  604
667A Lytt  201710211  614  765 1227 1708 2039 2303 2389 2076 1884 1368  923  667
667A Lytt  201710212  564  757 1061 1533 1959 2258 2338 2196 2073 1533 1159  843
667A Lytt  201710221  619  757  998 1395 1816 2144 2358 2196 2045 1741 1224  881
667A Lytt  201710222  662  702  841 1314 1757 2061 2296 2468 2193 1963 1479 1185
667A Lytt  201710231  773  711  909 1060 1477 1956 2181 2183 2187 2048 1519 1198
667A Lytt  201710232  921  709  759 1129 1474 1700 2121 2419 2142 2137 1854 1299
667A Lytt  201710241 1020  832  752  772 1221 1571 1744 2056 2160 2016 1744 1414
667A Lytt  201710242 1053  674  749  782  980 1487 1772 2053 2224 2189 1993 1546
667A Lytt  201710251 1363  967  719  868  999 1289 1587 2015 2047 2168 2039 1664
667A Lytt  201710252 1350 1033  771  839  866 1223 1569 1784 2180 2273 2114 1923
667A Lytt  201710261 1655 1196  916  898  888  935 1379 1623 1791 2140 2109 1840
667A Lytt  201710262 1520 1292  950  672  853  959 1122 1529 1916 2019 2051 2015
667A Lytt  201710271 1659 1395  957  844  727  638 1035 1311 1507 1840 2036 1845
667A Lytt  201710272 1677 1449 1064  727  734  766  775 1170 1617 1712 1979 2075
667A Lytt  201710281 1841 1508 1260 1021  603  580  781  918 1151 1636 1836 1847
667A Lytt  201710282 1774 1594 1282  970  766  635  655  907 1213 1521 1833 2061
667A Lytt  201710291 1903 1857 1473 1168  878  542  681  635 1007 1359 1639 1842
667A Lytt  201710292 1984 1808 1526 1274  994  652  583  753  947 1246 1719 1926
667A Lytt  201710301 2008 2061 1764 1454 1090  659  630  510  744 1058 1461 1741
667A Lytt  201710302 1965 1985 1809 1514 1181  849  565  535  702  949 1405 1695
667A Lytt  201710311 1945 2137 2006 1641 1393  972  514  486  548  768 1064 1500
667A Lytt  201710312 1905 1923 2019 1836 1405 1016  650  522  430  608 1000 1389
667A Lytt  201711011 1748 2101 2104 1943 1638 1230  819  430  415  517  719 1203
667A Lytt  201711012 1702 1923 2081 2082 1825 1350  959  660  422  474  747 1089
667A Lytt  201711021 1564 2033 2231 2205 2145 1708 1170  755  511  428  489  955
667A Lytt  201711022 1444 1887 2256 2375 2217 1959 1499  990  653  507  546  780
667A Lytt  201711031 1312 1834 2130 2401 2460 2038 1713 1151  751  492  436  636
667A Lytt  201711032 1059 1650 2169 2340 2454 2470 1928 1447 1040  572  512  546
667A Lytt  201711041  906 1422 1952 2306 2571 2415 2198 1688 1104  652  483  315
667A Lytt  201711042  634 1233 1787 2126 2541 2694 2267 1868 1558  846  546  508
667A Lytt  201711051  513  864 1505 2019 2298 2399 2435 2018 1581 1043  580  347
667A Lytt  201711052  376  695 1262 1874 2317 2714 2573 2411 2160 1392  879  621
667A Lytt  201711061  396  514 1049 1573 2058 2356 2663 2456 1978 1722 1002  512
667A Lytt  201711062  332  371  605 1246 1867 2349 2555 2642 2505 1823 1419  861
667A Lytt  201711071  506  382  588  980 1592 2059 2521 2629 2435 2306 1626 1009
667A Lytt  201711072  673  577  524  865 1605 1994 2093 2769 2708 2333 2147 1412
667A Lytt  201711081 1033  547  664  793 1131 1749 2280 2452 2588 2616 2043 1519
667A Lytt  201711082  959  632  335  426  861 1270 1789 2399 2668 2551 2437 1855
667A Lytt  201711091 1383  877  444  482  582 1044 1579 2054 2345 2647 2363 2006
667A Lytt  201711092 1543 1021  620  325  573  826 1293 1888 2427 2484 2591 2478
667A Lytt  201711101 1800 1306  880  485  419  562 1048 1432 1845 2400 2512 2122
667A Lytt  201711102 1901 1453  885  426  454  437  717 1327 1820 2161 2602 2548
667A Lytt  201711111 2128 1931 1300  767  495  386  597  931 1385 1969 2306 2366
667A Lytt  201711112 2346 1823 1445  959  583  393  453  831 1295 1702 2289 2467
667A Lytt  201711121 2306 2245 1674 1198  794  431  346  569  938 1421 1879 2243
667A Lytt  201711122 2386 2101 1854 1367  892  544  331  460  872 1183 1740 2123
667A Lytt  201711131 2269 2323 1985 1598 1080  660  368  325  491  880 1374 1870
667A Lytt  201711132 2116 2139 2081 1716 1194  816  422  275  422  726 1168 1683
667A Lytt  201711141 1970 2270 2087 1800 1423  867  514  278  252  495  900 1389
667A Lytt  201711142 1870 2025 2149 1994 1577 1187  672  380  367  483  792 1245
667A Lytt  201711151 1750 2014 2088 2185 1793 1276  857  556  216  367  653  939
667A Lytt  201711152 1541 1911 2053 2165 1990 1588 1082  769  542  340  553  968
667A Lytt  201711161 1395 1837 2084 2224 2138 1670 1404  856  524  487  494  785
667A Lytt  201711162 1236 1735 2089 2173 2274 2055 1536 1104  841  477  471  777
667A Lytt  201711171 1053 1549 1933 2120 2301 2010 1684 1245  784  587  416  563
667A Lytt  201711172  888 1304 1689 1992 2197 2271 1778 1485 1088  653  529  606
667A Lytt  201711181  716 1169 1708 1946 2095 2228 1906 1476 1083  865  451  437
667A Lytt  201711182  798  908 1508 1910 2118 2218 2068 1868 1382  941  848  496
667A Lytt  201711191  616 1050 1296 1689 2040 2106 2071 1836 1446 1068  674  567
667A Lytt  201711192  659  646 1219 1712 1961 2194 2205 2035 1725 1219 1071  650
667A Lytt  201711201  507  872  906 1422 1870 1973 2117 2009 1658 1281  965  745
667A Lytt  201711202  544  629 1008 1341 1684 2097 2211 2112 1966 1602 1183  843
667A Lytt  201711211  712  588  793 1128 1535 1719 2036 2040 1790 1628 1158  857
667A Lytt  201711212  671  530  776 1012 1437 1824 2025 2134 2029 1827 1468  996
667A Lytt  201711221  863  696  602  902 1282 1541 1838 2020 1895 1785 1475 1015
667A Lytt  201711222  848  528  694  733 1181 1599 1809 2031 2147 1934 1658 1381
667A Lytt  201711231  931  741  665  663  988 1254 1669 1809 1897 1989 1604 1289
667A Lytt  201711232 1097  731  594  714  971 1290 1613 1966 1999 2077 1958 1514
667A Lytt  201711241 1250  996  683  629  843 1103 1366 1622 1960 1991 1775 1580
667A Lytt  201711242 1408  846  736  703  789 1002 1354 1758 1849 2106 2041 1740
667A Lytt  201711251 1533 1198  813  689  699  846 1052 1477 1698 1901 1951 1785
667A Lytt  201711252 1462 1141  945  670  619  815 1032 1378 1656 1921 1991 1836
667A Lytt  201711261 1752 1417  978  731  730  590  820 1198 1471 1681 1984 1926
667A Lytt  201711262 1647 1462 1153  765  597  784  735 1102 1501 1724 1910 2039
667A Lytt  201711271 1956 1623 1265 1064  639  532  702  847 1170 1666 1810 1938
667A Lytt  201711272 2011 1631 1381 1013  834  560  661  917 1108 1602 1852 1956
667A Lytt  201711281 2126 1925 1553 1256  901  595  510  622  919 1291 1675 1889
667A Lytt  201711282 2000 1894 1736 1299  912  783  511  636  864 1197 1646 1911
667A Lytt  201711291 2088 2085 1873 1531 1164  748  594  482  653 1041 1436 1721
667A Lytt  201711292 2157 2093 1916 1719 1347  833  638  555  624  861 1354 1692
667A Lytt  201711301 1983 2268 2064 1875 1466 1045  649  384  482  651  984 1532
667A Lytt  201711302 1895 2125 2124 2053 1641 1214  793  578  373  588  981 1253
667A Lytt  201712011 1777 2178 2237 2077 1875 1364  924  537  399  472  620 1168
667A Lytt  201712012 1660 2035 2303 2329 2067 1730 1157  789  510  383  553 1006
667A Lytt  201712021 1428 1944 2298 2307 2299 1956 1334  893  540  315  428  746
667A Lytt  201712022 1326 1787 2198 2421 2483 2204 1751 1232  757  415  454  497
667A Lytt  201712031  997 1639 1995 2335 2553 2241 1825 1360  803  476  243  400
667A Lytt  201712032  812 1274 1924 2327 2575 2591 2227 1721 1230  630  496  328
667A Lytt  201712041  467 1212 1566 2074 2518 2553 2314 1954 1396  841  363  234
667A Lytt  201712042  386  845 1473 2058 2501 2731 2668 2322 1794 1221  752  365
667A Lytt  201712051  380  582 1126 1615 2196 2544 2536 2247 1965 1318  654  457
667A Lytt  201712052  209  233  876 1444 2023 2515 2780 2645 2263 1727 1187  614
667A Lytt  201712061  348  306  556  983 1648 2094 2376 2507 2246 1866 1207  661
667A Lytt  201712062  395  128  301  861 1365 1949 2539 2620 2493 2280 1677 1010
667A Lytt  201712071  588  308  208  451 1027 1597 1916 2425 2584 2119 1769 1331
667A Lytt  201712072  676  299  226  410  746 1466 2003 2401 2645 2598 2212 1649
667A Lytt  201712081 1114  737  298  301  694 1081 1544 2127 2453 2400 2259 1871
667A Lytt  201712082 1330  672  356  286  519  966 1513 2008 2463 2694 2584 2189
667A Lytt  201712091 1684 1210  695  423  446  644 1186 1608 2144 2497 2471 2328
667A Lytt  201712092 1921 1297  915  630  424  618 1054 1570 1977 2455 2633 2437
667A Lytt  201712101 2188 1657 1176  669  516  487  693 1216 1805 2155 2419 2628
667A Lytt  201712102 2222 1836 1476  883  575  589  712 1082 1525 2031 2368 2549
667A Lytt  201712111 2426 2083 1786 1131  781  691  539  865 1283 1811 2155 2480
667A Lytt  201712112 2506 2177 1821 1396 1021  627  700  886 1156 1685 2142 2366
667A Lytt  201712121 2485 2462 2028 1605 1168  757  597  655  975 1336 1819 2210
667A Lytt  201712122 2458 2431 2205 1891 1399  985  780  682  855 1217 1628 2089
667A Lytt  201712131 2333 2401 2298 1908 1506 1043  688  615  565  989 1348 1785
667A Lytt  201712132 2157 2317 2263 2053 1705 1227  900  639  594  934 1129 1592
667A Lytt  201712141 1945 2267 2307 2019 1780 1375  914  608  576  657  947 1392
667A Lytt  201712142 1838 2054 2222 2261 1860 1480 1205  772  545  734  896 1242
667A Lytt  201712151 1674 2065 2158 2145 2086 1664 1138  835  670  628  630 1053
667A Lytt  201712152 1533 1845 2135 2259 2131 1849 1461 1114  802  709  717  975
667A Lytt  201712161 1405 1804 2061 2166 2273 1945 1489 1222  877  767  661  994
667A Lytt  201712162 1331 1629 2037 2278 2268 2175 1854 1448 1111  844  832  827
667A Lytt  201712171 1144 1632 1993 2087 2206 2372 1761 1488 1248  865  638  883
667A Lytt  201712172 1099 1291 1839 2293 2204 2323 2253 1829 1375 1134  886  756
667A Lytt  201712181  946 1367 1703 1933 2225 2268 2038 1740 1478 1058  861  814
667A Lytt  201712182  957 1192 1681 2106 2203 2437 2345 2023 1634 1345  999  851
667A Lytt  201712191  842 1198 1464 1727 2237 2340 2230 1962 1919 1377  994 1080
667A Lytt  201712192  900  915 1447 1976 2052 2494 2660 2330 2203 1845 1443 1064
667A Lytt  201712201  993 1157 1226 1698 2042 2226 2384 2233 1991 1752 1210 1081
667A Lytt  201712202  906  868 1249 1611 1914 2144 2540 2364 2109 2005 1538 1116
667A Lytt  201712211  871  935  986 1238 1641 1916 2033 2148 2056 1694 1385 1068
667A Lytt  201712212  730  751  808 1151 1423 1805 2135 2193 2128 1940 1578 1209
667A Lytt  201712221  965  701  725  914 1288 1649 1820 1984 2043 1948 1430 1198
667A Lytt  201712222  996  556  511  673 1016 1417 1775 2048 2162 2075 1825 1481
667A Lytt  201712231 1114  822  673  703  940 1306 1661 1954 2029 2101 1756 1537
667A Lytt  201712232 1182  778  792  837  854 1343 1738 1897 2119 2286 2061 1669
667A Lytt  201712241 1483 1184  724  841  995 1106 1454 1889 2110 2120 2119 1884
667A Lytt  201712242 1514 1133  975  802  925 1215 1470 1765 2128 2378 2210 1988
667A Lytt  201712251 1905 1381 1005  974  877  902 1282 1663 1857 2110 2242 2072
667A Lytt  201712252 2003 1444 1187 1013  853 1129 1299 1678 1960 2278 2383 2218
667A Lytt  201712261 1974 1770 1225  992  822  792  977 1291 1688 2029 2126 2305
667A Lytt  201712262 2067 1653 1418 1104  793  814  976 1289 1608 1963 2199 2321
667A Lytt  201712271 2203 1963 1606 1151  949  745  767 1021 1384 1725 2042 2337
667A Lytt  201712272 2219 1949 1722 1303  930  777  710  894 1135 1606 1915 2090
667A Lytt  201712281 2335 2106 1782 1452 1064  649  602  628  878 1354 1701 2050
667A Lytt  201712282 2291 2116 1941 1570 1095  815  582  622  719 1204 1552 1904
667A Lytt  201712291 2184 2327 2031 1670 1362  886  496  436  579  913 1348 1817
667A Lytt  201712292 2202 2256 2199 2037 1513 1054  793  566  436  803 1238 1528
667A Lytt  201712301 1981 2377 2312 1968 1881 1265  744  462  478  569  899 1563
667A Lytt  201712302 1975 2214 2474 2340 1983 1624 1154  727  459  519  921 1236
667A Lytt  201712311 1683 2342 2471 2322 2323 1906 1271  758  532  352  534 1198
667A Lytt  201712312 9999 9999 9999 9999 9999 9999 9999 9999 9999 9999 9999 9999
