667A Lyttelton          New Zealand         2007 43360S 172430E 0000 3 00000R MM
667A Lytt  200701011 1599 2041 2205 2127 1997 1531 1033  653  354  408  520  993
667A Lytt  200701012 1590 1918 2257 2466 2255 1932 1473 1007  577  403  497  640
667A Lytt  200701021 1153 1730 1913 2112 2223 1907 1396  976  501  365  225  575
667A Lytt  200701022 1084 1538 1919 2296 2324 2154 1913 1316  773  585  334  358
667A Lytt  200701031  627 1291 1670 1799 2185 2211 1723 1297  894  506  187  304
667A Lytt  200701032  562  988 1511 1993 2211 2348 2195 1690 1192  794  552  271
667A Lytt  200701041  384  841 1211 1612 2059 2180 2024 1676 1358  851  349  424
667A Lytt  200701042  355  583 1167 1740 1933 2325 2428 2112 1672 1273  860  457
667A Lytt  200701051  411  655  947 1367 1926 2148 2174 2228 1794 1282  829  638
667A Lytt  200701052  400  431  955 1335 1753 2286 2497 2324 2134 1790 1246  770
667A Lytt  200701061  645  579  704 1114 1613 1904 2095 2447 2020 1670 1317  994
667A Lytt  200701062  570  428  731 1004 1431 1967 2268 2373 2259 2059 1554 1067
667A Lytt  200701071  809  612  588  730 1321 1607 1871 2293 2206 1951 1717 1128
667A Lytt  200701072  945  494  580  752 1101 1558 1955 2255 2207 2288 1850 1417
667A Lytt  200701081 1061  779  617  599 1022 1286 1653 1987 2185 2170 1833 1595
667A Lytt  200701082 1221  722  653  637  814 1281 1676 1926 2179 2227 2010 1586
667A Lytt  200701091 1309  966  625  519  733  996 1243 1702 1875 2154 2046 1714
667A Lytt  200701092 1463 1095  781  645  813  960 1341 1816 2003 2115 2159 1940
667A Lytt  200701101 1581 1313  943  610  728  879 1049 1421 1899 1986 1982 2147
667A Lytt  200701102 1660 1284 1064  871  672  838 1060 1407 1717 1972 2129 1952
667A Lytt  200701111 1789 1495 1120  794  741  747  735 1212 1532 1725 1900 2134
667A Lytt  200701112 1829 1447 1310  970  612  782  844  952 1484 1782 1824 1964
667A Lytt  200701121 1927 1603 1289 1021  803  605  673  966 1070 1610 1845 1894
667A Lytt  200701122 2041 1744 1494 1181  905  755  741  911 1087 1522 1740 1865
667A Lytt  200701131 2009 1862 1574 1305  983  858  649  809 1094 1359 1736 1991
667A Lytt  200701132 2111 1940 1857 1486 1145 1025  807  804 1015 1334 1559 1799
667A Lytt  200701141 2026 2106 1822 1515 1351 1001  767  826  861 1123 1563 1754
667A Lytt  200701142 2050 2191 1925 1758 1586 1186  841  854  896 1007 1403 1586
667A Lytt  200701151 1896 2124 1957 1794 1507 1182  912  642  726  883 1180 1580
667A Lytt  200701152 1811 2062 2119 1896 1664 1496  943  778  775  836  993 1285
667A Lytt  200701161 1593 1959 1995 1889 1792 1426  956  744  649  662  886 1208
667A Lytt  200701162 1663 1912 2166 2181 1908 1758 1276  993  695  718  800 1042
667A Lytt  200701171 1390 1752 1918 2009 1901 1645 1298  806  711  586  598  980
667A Lytt  200701172 1328 1594 1991 2240 1996 1938 1554 1138  771  616  659  648
667A Lytt  200701181 1001 1526 1770 1857 2087 1928 1429 1081  838  497  367  654
667A Lytt  200701182 1011 1289 1798 2131 2111 2068 1942 1408 1028  741  610  434
667A Lytt  200701191  665 1233 1530 1788 2118 2183 1766 1398 1104  672  469  392
667A Lytt  200701192  668  967 1478 1922 2190 2290 2237 1918 1354  895  758  458
667A Lytt  200701201  380  904 1280 1635 2016 2360 2189 1869 1585 1108  559  536
667A Lytt  200701202  569  605 1212 1753 2031 2359 2488 2237 1921 1423  982  606
667A Lytt  200701211  379  593  888 1264 1824 2099 2266 2186 1889 1493  921  685
667A Lytt  200701212  414  396  667 1312 1756 2120 2458 2434 2302 1834 1370  959
667A Lytt  200701221  504  498  533  911 1448 1994 2147 2421 2397 1837 1423 1087
667A Lytt  200701222  553  352  554  932 1259 1878 2224 2472 2484 2200 1720 1213
667A Lytt  200701231  754  486  299  522  984 1509 1845 2213 2406 2184 1844 1400
667A Lytt  200701232  956  418  426  469  741 1295 1868 2075 2393 2501 2047 1661
667A Lytt  200701241 1238  760  457  480  547 1026 1549 1898 2268 2490 2287 1820
667A Lytt  200701242 1482  965  594  453  571  905 1359 1737 2133 2486 2283 2110
667A Lytt  200701251 1641 1236  661  550  517  535 1113 1663 1940 2264 2531 2241
667A Lytt  200701252 1849 1480 1022  594  594  697  901 1401 1882 2225 2347 2420
667A Lytt  200701261 2147 1566 1230  863  458  432  771 1129 1497 2028 2425 2410
667A Lytt  200701262 2260 1903 1477 1001  710  588  636  895 1402 1834 2083 2256
667A Lytt  200701271 2350 1989 1555 1246  713  469  519  707 1040 1591 2038 2321
667A Lytt  200701272 2413 2242 1858 1457  947  740  472  579  933 1344 1721 2075
667A Lytt  200701281 2371 2293 1866 1659 1143  710  586  543  616 1163 1657 2094
667A Lytt  200701282 2373 2430 2385 1807 1473 1127  792  575  706 1079 1431 1769
667A Lytt  200701291 2264 2423 2261 2032 1668 1130  696  674  471  789 1341 1696
667A Lytt  200701292 2086 2426 2490 2218 1891 1605 1061  658  624  794  946 1386
667A Lytt  200701301 1956 2208 2254 2369 2050 1460 1092  752  441  508  846 1223
667A Lytt  200701302 1615 2134 2317 2322 2203 1840 1281  919  748  465  721  988
667A Lytt  200701311 1406 1839 2128 2267 2194 1813 1503  992  671  523  540  927
667A Lytt  200701312 1378 1747 2230 2443 2319 2323 1749 1290 1066  680  656  765
667A Lytt  200702011 1076 1540 1916 2148 2415 2228 1794 1405  993  625  500  708
667A Lytt  200702012  868 1410 1958 2164 2351 2487 2077 1671 1272  965  589  605
667A Lytt  200702021  827 1137 1605 1991 2247 2231 2095 1714 1204  786  684  467
667A Lytt  200702022  557 1022 1560 1831 2200 2443 2214 2009 1585 1106  802  605
667A Lytt  200702031  583  819 1276 1692 1962 2200 2256 1972 1603 1253  771  600
667A Lytt  200702032  472  693 1129 1502 1919 2261 2227 2086 1859 1319  942  700
667A Lytt  200702041  531  544  837 1313 1631 1887 2188 2028 1740 1383 1016  610
667A Lytt  200702042  441  453  731 1079 1512 1949 2000 2038 1990 1522 1158  812
667A Lytt  200702051  518  412  599  917 1337 1615 1905 2062 1860 1650 1300  852
667A Lytt  200702052  571  504  593  815 1275 1662 1905 2017 2040 1873 1403 1046
667A Lytt  200702061  802  462  538  757 1084 1446 1728 1974 1986 1838 1606 1174
667A Lytt  200702062  822  593  651  575  990 1435 1690 1877 2051 2017 1673 1348
667A Lytt  200702071 1032  683  640  685  879 1149 1609 1855 1883 2008 1917 1458
667A Lytt  200702072 1088  956  677  592  852 1235 1484 1733 2035 2016 1901 1627
667A Lytt  200702081 1295  972  742  769  746  959 1346 1671 1779 1983 2037 1667
667A Lytt  200702082 1464 1147  829  715  821 1065 1279 1509 1910 1981 1963 1931
667A Lytt  200702091 1556 1270  954  852  794  841 1193 1507 1667 1934 2143 1886
667A Lytt  200702092 1698 1503 1156  779  874  918  991 1357 1698 1838 1922 1960
667A Lytt  200702101 1715 1448 1118  823  743  806  897 1214 1421 1770 1972 2035
667A Lytt  200702102 1820 1577 1381 1035  763  889  873  974 1448 1654 1739 1949
667A Lytt  200702111 1830 1611 1259 1102  916  637  805 1022 1137 1459 1913 1942
667A Lytt  200702112 1872 1997 1642 1126 1004  983  744  753 1211 1384 1579 1885
667A Lytt  200702121 1933 1756 1542 1325  967  676  743  850  870 1303 1724 1851
667A Lytt  200702122 1951 2126 1762 1438 1325 1079  635  734 1135 1063 1378 1837
667A Lytt  200702131 1998 1788 1859 1652 1186  896  860  744  685 1132 1479 1716
667A Lytt  200702132 1995 2174 2033 1754 1504 1201  864  652  840  887 1123 1602
667A Lytt  200702141 1836 1972 1965 1897 1532 1139  980  763  555  826 1259 1425
667A Lytt  200702142 1788 2150 2256 2015 1887 1557 1015  735  828  674  888 1323
667A Lytt  200702151 1703 1878 2130 2133 1810 1472 1225  810  486  658  947 1045
667A Lytt  200702152 1548 2075 2158 2247 2167 1923 1393  971  864  634  624 1001
667A Lytt  200702161 1415 1742 2039 2268 2188 1795 1502 1089  623  522  663  803
667A Lytt  200702162 1134 1788 2100 2134 2425 2229 1634 1296  970  520  436  668
667A Lytt  200702171  870 1323 1874 2076 2269 2084 1827 1386  702  561  387  309
667A Lytt  200702172  671 1184 1686 1974 2297 2292 1932 1543 1169  594  437  364
667A Lytt  200702181  409  831 1353 1915 2012 2178 2145 1622 1153  714  410  179
667A Lytt  200702182  303  667 1205 1676 2145 2405 2165 2006 1566  851  650  294
667A Lytt  200702191  213  394  882 1546 1804 2115 2376 2009 1605 1148  571  276
667A Lytt  200702192  133  270  659 1262 1784 2028 2341 2269 1888 1474  879  435
667A Lytt  200702201  179  251  353  949 1573 1911 2191 2408 2006 1600 1135  692
667A Lytt  200702202  218  207  351  719 1327 1823 2146 2269 2301 1939 1385  824
667A Lytt  200702211  520  289  208  549 1115 1539 2056 2379 2253 2147 1791 1141
667A Lytt  200702212  632  445  300  316  904 1471 1729 2170 2462 2229 1865 1500
667A Lytt  200702221  993  482  384  375  673 1155 1709 2111 2319 2448 2208 1749
667A Lytt  200702222 1296  773  566  356  580 1029 1388 1808 2292 2335 2145 1916
667A Lytt  200702231 1417  899  380  468  338  555 1163 1669 1924 2324 2446 2065
667A Lytt  200702232 1642 1319  798  378  390  638  825 1225 1875 2091 2167 2179
667A Lytt  200702241 1789 1336  826  651  385  281  727 1111 1444 1951 2352 2184
667A Lytt  200702242 1946 1767 1183  620  586  450  396  767 1379 1655 1839 2298
667A Lytt  200702251 2024 1695 1338 1031  499  346  581  671 1036 1671 2086 2151
667A Lytt  200702252 2292 2185 1690 1236  979  702  438  710 1024 1393 1775 2284
667A Lytt  200702261 2293 2136 1963 1630 1023  739  672  638  710 1337 1831 2098
667A Lytt  200702262 2354 2471 2163 1720 1475 1018  647  581  864  954 1447 1885
667A Lytt  200702271 2132 2250 2140 1943 1505 1024  745  623  535  918 1382 1708
667A Lytt  200702272 2081 2413 2345 2082 1864 1420  857  646  744  703  980 1463
667A Lytt  200702281 1895 9999 9999 9999 9999 9999 9999 9999 9999 9999 9999 9999
667A Lytt  200702282 9999 9999 9999 9999 9999 9999 9999 9999 9999 9999 9999 9999
667A Lytt  200703011 9999 9999 9999 9999 1976 1618 1383  834  463  532  621  874
667A Lytt  200703012 1297 1863 2037 2174 2268 1835 1492 1015  738  538  465  739
667A Lytt  200703021 1027 1474 1840 2061 2064 1874 1510 1108  641  490  488  535
667A Lytt  200703022  895 1429 1766 2007 2186 2103 1636 1294  908  640  440  558
667A Lytt  200703031  760 1087 1532 1974 2003 1948 1849 1417  883  664  597  406
667A Lytt  200703032  617 1127 1559 1800 2119 2239 1830 1565 1285  803  532  515
667A Lytt  200703041  652  820 1306 1792 1932 2071 2075 1686 1212  979  620  484
667A Lytt  200703042  495  811 1196 1632 1953 2150 2016 1849 1523 1095  790  554
667A Lytt  200703051  661  674 1067 1585 1814 2001 2216 1916 1625 1269  875  672
667A Lytt  200703052  573  708  985 1416 1784 2050 2196 1978 1857 1567 1110  789
667A Lytt  200703061  722  789  839 1446 1757 1881 2233 2101 1818 1625 1294  861
667A Lytt  200703062  653  786  751 1177 1624 1908 2062 2196 2064 1820 1363 1143
667A Lytt  200703071  916  778  942 1215 1543 1835 2167 2204 2017 1981 1569 1207
667A Lytt  200703072  956  844  859  967 1531 1760 2032 2183 2078 2160 1649 1262
667A Lytt  200703081 1139  869  841 1035 1379 1627 1905 2233 2075 2052 1838 1454
667A Lytt  200703082 1037  931  912  708 1194 1576 1631 1872 2169 1978 1813 1446
667A Lytt  200703091 1262  884  722  913 1049 1275 1681 1916 1913 2033 1995 1502
667A Lytt  200703092 1264  990  764  701  937 1144 1417 1683 1925 1928 1865 1611
667A Lytt  200703101 1317 1057  809  856  795 1078 1407 1708 1829 2062 2045 1763
667A Lytt  200703102 1496 1277  971  737  879 1040 1187 1412 1869 1926 1961 1866
667A Lytt  200703111 1572 1314 1013  922  868  907 1279 1510 1717 2027 2099 2025
667A Lytt  200703112 1786 1551 1283  955  926  887 1121 1299 1725 1946 2050 2051
667A Lytt  200703121 1950 1663 1244 1200  980  953 1107 1390 1724 1899 2204 2421
667A Lytt  200703122 2055 1991 1842 1272 1157 1176 1074 1273 1631 1857 2006 2258
667A Lytt  200703131 2374 1983 1776 1605 1345 1145 1235 1380 1602 1893 2322 2434
667A Lytt  200703132 2408 2244 2064 1776 1373 1212 1113 1175 1406 1826 2022 2237
667A Lytt  200703141 2461 2270 2078 1644 1394 1144 1083 1098 1376 1463 2158 2410
667A Lytt  200703142 2349 2543 2362 2139 1614 1399 1154  902 1216 1458 1718 2073
667A Lytt  200703151 2409 2422 2180 2231 1709 1280 1113  869 1002 1221 1644 2021
667A Lytt  200703152 2186 2532 2408 2076 1955 1472 1004  832  819  936 1236 1641
667A Lytt  200703161 2044 2170 2284 2236 1874 1380 1133  774  651  811 1111 1483
667A Lytt  200703162 1897 2311 2316 2328 2295 1735 1203  940  801  595  922 1289
667A Lytt  200703171 1735 2079 2358 2450 2214 1925 1300  857  633  566  680 1100
667A Lytt  200703172 1590 1991 2308 2549 2387 2056 1591 1057  722  547  450  805
667A Lytt  200703181 1110 1803 2000 2217 2431 2135 1827 1218  695  583  494  691
667A Lytt  200703182  919 1696 2051 2262 2631 2296 2039 1483  960  639  321  434
667A Lytt  200703191  665 1283 1771 2193 2359 2480 2078 1635 1067  535  389  253
667A Lytt  200703192  410  936 1634 1938 2346 2644 2208 1893 1375  897  450  296
667A Lytt  200703201  487  591 1334 1984 2190 2444 2598 2087 1621 1087  700  276
667A Lytt  200703202  289  501 1051 1574 2101 2412 2503 2325 1889 1401  951  424
667A Lytt  200703211  399  479  700 1484 2064 2327 2591 2656 2178 1629 1207  728
667A Lytt  200703212  252  261  681  972 1572 2119 2311 2405 2283 1810 1240  800
667A Lytt  200703221  386  178  323  775 1267 1785 2280 2497 2340 2051 1635 1052
667A Lytt  200703222  490  366  284  400 1057 1453 1833 2216 2264 2086 1685 1230
667A Lytt  200703231  747  309  283  379  748 1325 1815 2223 2508 2322 2066 1619
667A Lytt  200703232 1069  646  359  314  607 1012 1414 1879 2214 2292 2144 1662
667A Lytt  200703241 1350  737  385  389  381  836 1312 1834 2189 2412 2405 2167
667A Lytt  200703242 1625 1157  765  420  471  672 1045 1397 1899 2292 2294 2178
667A Lytt  200703251 1739 1316  964  607  354  680 1004 1280 1879 2199 2404 2429
667A Lytt  200703252 2016 1693 1139  713  581  430  580 1028 1411 1823 2144 2173
667A Lytt  200703261 2012 1715 1241  860  463  430  612  827 1240 1767 2044 2244
667A Lytt  200703262 2304 1949 1505 1139  792  415  404  713 1002 1387 1777 2125
667A Lytt  200703271 2093 1902 1710 1171  725  552  362  563  821 1232 1665 2094
667A Lytt  200703272 2145 2028 1852 1492 1022  561  456  426  521 1023 1368 1750
667A Lytt  200703281 2026 2047 1893 1546 1077  760  564  355  575  924 1345 1699
667A Lytt  200703282 2038 2204 2022 1800 1499  961  612  479  471  725 1161 1450
667A Lytt  200703291 1842 2060 2087 1871 1505 1185  765  544  516  646 1057 1449
667A Lytt  200703292 1869 2127 2123 2142 1833 1323  966  738  544  623  947 1312
667A Lytt  200703301 1679 2064 2198 2176 2018 1642 1215  844  710  650  865 1276
667A Lytt  200703302 1748 2038 2287 2466 2179 1812 1511 1101  775  760  959 1062
667A Lytt  200703311 1515 2086 2199 2184 2365 1998 1528 1196  952  733  775 1126
667A Lytt  200703312 1353 1881 2179 2299 2367 2021 1768 1384  947  873  758  890
667A Lytt  200704011 1228 1695 1922 2172 2354 2120 1875 1412 1059  792  682  788
667A Lytt  200704012 1100 1443 1867 2119 2214 2190 1880 1643 1026  943  807  683
667A Lytt  200704021  987 1362 1724 2025 2264 2227 2057 1784 1305  975  849  670
667A Lytt  200704022  928 1193 1586 1895 2144 2198 1977 1891 1322 1039  876  652
667A Lytt  200704031  796 1056 1491 1758 1964 2249 2081 1804 1666 1083  841  762
667A Lytt  200704032  692  947 1263 1608 1937 2073 2014 1859 1669 1203  946  800
667A Lytt  200704041  749  804 1185 1584 1784 2109 2163 1897 1807 1332  937  758
667A Lytt  200704042  619  707  913 1314 1659 1847 1912 1905 1725 1411 1074  770
667A Lytt  200704051  743  677  863 1280 1650 1856 2048 2030 1891 1578 1261  913
667A Lytt  200704052  741  670  825 1095 1428 1750 1853 1977 1817 1630 1333  983
667A Lytt  200704061  815  763  781 1083 1423 1713 2024 2066 2046 1804 1512 1218
667A Lytt  200704062  863  701  752  910 1250 1450 1842 1922 1855 1901 1529 1165
667A Lytt  200704071  931  800  685  872 1148 1502 1776 1892 2073 1953 1631 1437
667A Lytt  200704072 1095  818  728  844  925 1301 1512 1816 1810 1855 1848 1336
667A Lytt  200704081 1070  886  764  644  904 1248 1431 1741 1950 1918 1776 1521
667A Lytt  200704082 1349  888  685  754  706  894 1307 1596 1684 1782 1979 1468
667A Lytt  200704091 1161 1226  771  562  861 1051 1119 1553 1932 1868 1906 1988
667A Lytt  200704092 1509 1199  993  847  601  827 1095 1430 1558 1908 2115 1767
667A Lytt  200704101 1630 1470 1067  828  894  858 1027 1366 1772 1992 1993 2104
667A Lytt  200704102 2054 1514 1312 1135  835  719 1062 1381 1406 1915 2246 2012
667A Lytt  200704111 1925 1852 1497 1075  954 1054  915 1221 1773 1976 2106 2464
667A Lytt  200704112 2348 2029 1696 1497 1103  798  964 1150 1223 1787 2157 2179
667A Lytt  200704121 2225 2353 1929 1448 1253 1111  979 1025 1468 1642 2101 2326
667A Lytt  200704122 2467 2369 2201 1820 1308  837 1152  942 1125 1569 1957 2163
667A Lytt  200704131 2395 2569 2304 1828 1524 1288  928  881 1190 1559 1796 2383
667A Lytt  200704132 2676 2587 2525 2374 1837 1233  993 1001  824 1080 1755 1907
667A Lytt  200704141 2244 2648 2527 2147 1948 1494  913  756  831  971 1205 1927
667A Lytt  200704142 2267 2252 2497 2488 1935 1462 1170  768  428  809 1041 1363
667A Lytt  200704151 1887 2358 2444 2193 2120 1676  944  731  633  338  636 1210
667A Lytt  200704152 1693 1998 2410 2546 2170 1682 1365  826  331  368  623  771
667A Lytt  200704161 1286 2032 2246 2253 2446 2058 1304  963  694  295  302  691
667A Lytt  200704162 1233 1567 2175 2640 2298 2156 1861 1276  489  534  420  327
667A Lytt  200704171  751 1675 2068 2141 2622 2566 1885 1430 1115  454  186  544
667A Lytt  200704172  688  974 1794 2401 2248 2383 2430 1705 1095  839  505  225
667A Lytt  200704181  428 1188 1545 1977 2600 2691 2250 2151 1562  757  475  350
667A Lytt  200704182  264  492 1210 1770 1997 2335 2459 1970 1545 1093  590  181
667A Lytt  200704191  246  409  916 1385 2031 2511 2320 2321 2120 1307  767  552
667A Lytt  200704192  222  134  613 1229 1521 1882 2455 2260 1799 1684 1014  396
667A Lytt  200704201  182  335  304  760 1616 2061 2093 2558 2444 1772 1313 1007
667A Lytt  200704202  421   64  419  630  939 1553 2122 2108 2135 2129 1486  868
667A Lytt  200704211  571  349  129  433 1043 1473 1796 2413 2444 2132 1903 1486
667A Lytt  200704212  841  344  388  353  525 1109 1648 1834 2159 2301 1896 1434
667A Lytt  200704221  968  702  206  202  619  927 1293 1976 2275 2183 2192 1909
667A Lytt  200704222 1329  804  562  373  183  666 1104 1339 1810 2295 2001 1789
667A Lytt  200704231 1481 1041  505  289  398  526  811 1466 1878 2090 2158 2216
667A Lytt  200704232 1767 1254  955  592  179  393  834 1008 1381 2020 2119 2023
667A Lytt  200704241 1812 1545  987  586  531  382  508 1100 1465 1781 2046 2321
667A Lytt  200704242 2019 1574 1432  898  381  433  549  676 1121 1614 1948 2034
667A Lytt  200704251 1978 1967 1400  966  850  447  422  822 1112 1450 1840 2167
667A Lytt  200704252 2211 1957 1707 1379  793  556  586  487  766 1286 1675 1866
667A Lytt  200704261 2055 2168 1745 1282 1166  764  385  612  888 1103 1461 1969
667A Lytt  200704262 2077 2014 2033 1668 1104  808  643  455  508 1025 1409 1550
667A Lytt  200704271 1998 2313 1844 1707 1559 1025  657  718  710  795 1227 1748
667A Lytt  200704272 1962 1992 2228 2040 1409 1158  939  491  576  847 1120 1413
667A Lytt  200704281 1798 2145 2166 1850 1888 1469  820  909  738  646  969 1491
667A Lytt  200704282 1805 1930 2218 2179 1724 1482 1210  697  585  697  941 1078
667A Lytt  200704291 1578 2005 2052 2077 2113 1750 1152 1003  863  542  732 1228
667A Lytt  200704292 1503 1670 2165 2244 1859 1755 1496  895  706  745  753  856
667A Lytt  200704301 1366 1827 1961 2053 2276 1894 1484 1349 1012  644  703 1097
667A Lytt  200704302 1236 1555 1970 2185 2123 1907 1822 1210  925  896  771  751
667A Lytt  200705011 1105 1716 1830 1995 2297 2163 1708 1580 1232  747  756  913
667A Lytt  200705012 1025 1294 1867 2080 1993 2151 1947 1451 1231 1018  799  788
667A Lytt  200705021  971 1430 1703 1841 2250 2295 1893 1807 1397 1015  815  821
667A Lytt  200705022 1002  999 1631 1994 1892 2099 2208 1719 1299 1155  930  638
667A Lytt  200705031  773 1068 1408 1592 2102 2102 2047 1941 1565 1103  871  766
667A Lytt  200705032  765  757 1226 1636 1635 1939 2088 1727 1519 1202  914  708
667A Lytt  200705041  594  806 1130 1332 1847 2090 1939 2030 1912 1264  950  909
667A Lytt  200705042  681  567  971 1354 1501 1773 2028 1818 1737 1532 1104  846
667A Lytt  200705051  688  825  932 1172 1750 1936 2038 2239 2094 1709 1390 1055
667A Lytt  200705052  903  787  903 1109 1457 1734 1903 2036 1966 1787 1417 1023
667A Lytt  200705061  882  729  806  971 1420 1768 1926 2087 2229 1932 1591 1324
667A Lytt  200705062 1048  758  769 1053 1183 1416 1814 2002 1897 2050 1813 1329
667A Lytt  200705071  985 1036  821  668 1288 1536 1590 2029 2276 1968 1775 1621
667A Lytt  200705072 1147  817  698  735  783 1060 1484 1653 1838 1952 1858 1440
667A Lytt  200705081 1156  965  755  495  916 1208 1200 1871 2026 1880 2000 1792
667A Lytt  200705082 1437 1005  883  772  542  948 1233 1397 1830 2001 1987 1745
667A Lytt  200705091 1411 1242  826  597  747  792 1130 1522 1816 2076 2081 2051
667A Lytt  200705092 1774 1426 1095  861  557  767  976 1243 1652 1865 2069 2119
667A Lytt  200705101 1750 1550 1078  853  707  688  885 1236 1607 1875 2054 2278
667A Lytt  200705102 2062 1708 1431 1062  661  659  731 1015 1382 1790 2099 2226
667A Lytt  200705111 2103 1968 1456 1151  940  829  570 1072 1388 1729 1992 2385
667A Lytt  200705112 2384 2099 1887 1500  973  834  703  798 1049 1539 2013 2103
667A Lytt  200705121 2417 2217 1902 1516 1225  794  562  828  921 1287 1708 2134
667A Lytt  200705122 2276 2268 2177 1680 1204  951  590  357  766 1021 1506 1882
667A Lytt  200705131 2201 2322 2218 1786 1493 1011  590  524  589  758 1191 1810
667A Lytt  200705132 2081 2217 2253 2053 1455 1081  792  308  454  651  988 1599
667A Lytt  200705141 2012 2319 2423 2226 2011 1492  905  708  564  495  886 1458
667A Lytt  200705142 1797 2183 2486 2401 2027 1713 1134  675  448  430  649 1064
667A Lytt  200705151 1704 2155 2385 2460 2445 1986 1351  974  633  395  420  970
667A Lytt  200705152 1374 1867 2357 2541 2342 2193 1616 1054  771  441  404  719
667A Lytt  200705161 1163 1874 2255 2506 2841 2514 2099 1669 1090  660  423  640
667A Lytt  200705162  950 1444 2063 2332 2546 2483 2105 1695 1043  649  414  536
667A Lytt  200705171  672 1231 2014 2446 2700 2698 2417 2074 1544  971  474  477
667A Lytt  200705172  517  822 1558 2063 2217 2548 2565 2022 1618 1151  703  350
667A Lytt  200705181  454  803 1151 1793 2389 2604 2562 2500 2046 1320  885  580
667A Lytt  200705182  352  397  837 1411 1802 2219 2410 2331 1965 1449 1020  570
667A Lytt  200705191  218  393  595 1167 1829 2254 2329 2610 2329 1738 1287  989
667A Lytt  200705192  367  267  600  764 1257 1850 2198 2297 2249 1946 1495  947
667A Lytt  200705201  535  384  404  707 1397 1666 2207 2568 2539 2199 1919 1426
667A Lytt  200705202  823  590  290  588  841 1376 1904 2057 2363 2328 1878 1467
667A Lytt  200705211  979  568  356  458  861 1190 1676 2256 2324 2285 2130 1798
667A Lytt  200705212 1195  802  542  456  407 1004 1357 1555 2136 2333 1995 1796
667A Lytt  200705221 1429  931  495  365  640  843 1253 1875 2179 2270 2425 2178
667A Lytt  200705222 1692 1358  962  612  587  853 1052 1524 1990 2248 2295 2212
667A Lytt  200705231 1841 1440 1070  744  655  704 1040 1493 1873 2164 2344 2369
667A Lytt  200705232 2149 1711 1255  977  616  643  802 1061 1547 1862 2168 2291
667A Lytt  200705241 2083 1709 1435  980  785  579  698 1077 1374 1697 2094 2127
667A Lytt  200705242 2130 1965 1452 1179  662  683  475  702 1180 1482 1826 2176
667A Lytt  200705251 2090 1974 1721 1302 1072  711  665  912 1080 1445 1768 2079
667A Lytt  200705252 2280 2109 1803 1647 1118  867  643  652  988 1230 1677 2065
667A Lytt  200705261 2079 2131 2074 1539 1348  988  785  704  895 1169 1458 1890
667A Lytt  200705262 2123 2181 2048 1901 1438 1161  797  815  834 1058 1506 1813
667A Lytt  200705271 1948 2231 2322 1857 1639 1429  917  832  884  982 1313 1715
667A Lytt  200705272 1979 2132 2291 2007 1692 1401  986  894  783  856 1125 1590
667A Lytt  200705281 1833 2014 2210 2069 1855 1550 1077  912  767  729  903 1413
667A Lytt  200705282 1630 1845 2064 1931 1781 1475 1063  798  733  580  943 1183
667A Lytt  200705291 1392 1831 2042 2003 1941 1663 1237  897  708  584  577  920
667A Lytt  200705292 1347 1567 1769 1959 1682 1563 1209  815  665  521  543  804
667A Lytt  200705301 1143 1528 1872 1905 2074 1811 1416 1256  845  598  572  784
667A Lytt  200705302 1048 1397 1771 1820 1905 1818 1471 1097  885  637  642  772
667A Lytt  200705311  855 1452 1736 1934 2173 1917 1865 1466 1080  827  660  663
667A Lytt  200705312  897 1324 1551 1780 1973 2124 1730 1401 1200  793  761  698
667A Lytt  200706011  842 1203 1649 1942 2225 2213 2113 1976 1461 1152  798  803
667A Lytt  200706012  759 1118 1487 1709 1986 2216 1954 1768 1675 1117  833  932
667A Lytt  200706021  872 1023 1536 1804 2245 2230 2337 2187 1706 1417 1014  807
667A Lytt  200706022  713  943 1054 1500 1804 1996 2015 1959 1759 1190 1036  798
667A Lytt  200706031  595  811 1065 1436 1884 2018 2227 2255 1859 1574 1164  835
667A Lytt  200706032  740  662  843 1123 1486 1837 1995 2024 1874 1538 1235  876
667A Lytt  200706041  686  706  862 1132 1650 1875 2123 2372 2162 1854 1503 1188
667A Lytt  200706042  882  760  709 1005 1337 1698 1882 2104 2272 1856 1700 1385
667A Lytt  200706051  909  831  880  988 1443 1786 2110 2397 2425 2195 1883 1624
667A Lytt  200706052 1235  996  817  840 1303 1547 1733 2234 2336 2204 2079 1661
667A Lytt  200706061 1373 1027  826  925 1243 1511 1873 2342 2402 2394 2323 1925
667A Lytt  200706062 1672 1205  875  965  921 1269 1681 1919 2288 2495 2279 2101
667A Lytt  200706071 1660 1405 1070  880 1099 1267 1576 2141 2386 2450 2526 2325
667A Lytt  200706072 1889 1520 1164  737  762  978 1168 1726 2191 2149 2551 2431
667A Lytt  200706081 1821 1689 1399  862  847  971 1195 1533 1950 2276 2426 2452
667A Lytt  200706082 2143 1894 1460 1015  860  822 1069 1219 1821 2115 2325 2575
667A Lytt  200706091 2210 1909 1616 1018  856  770  817 1087 1378 1889 2173 2163
667A Lytt  200706092 2397 1898 1442 1252  656  545  489  669 1169 1540 1866 2302
667A Lytt  200706101 2353 1979 1796 1265 1011  507  544  856  751 1381 1826 1969
667A Lytt  200706102 2237 2299 1689 1463 1043  588  271  414  759  920 1524 2005
667A Lytt  200706111 2128 2124 2142 1626 1256  806  590  482  490 1034 1269 1755
667A Lytt  200706112 2158 2370 2100 1898 1406  986  469  276  467  535 1178 1666
667A Lytt  200706121 1993 2305 2468 2022 1882 1355  807  592  393  522  895 1405
667A Lytt  200706122 1835 2176 2212 2276 1825 1438  887  511  354  345  769 1253
667A Lytt  200706131 1667 2198 2438 2435 2284 1743 1344  855  515  352  523  886
667A Lytt  200706132 1354 1924 2217 2278 2192 1897 1264  747  531  158  319  669
667A Lytt  200706141 1130 1675 2092 2437 2439 2180 1688 1216  737  373  147  465
667A Lytt  200706142  775 1286 1788 2029 2199 2200 1594 1198  694  371  159  249
667A Lytt  200706151  626 1040 1701 2192 2398 2297 2196 1675 1057  565  286  175
667A Lytt  200706152  300  801 1315 1747 2066 2324 1990 1655 1275  596  398  108
667A Lytt  200706161  244  616 1194 1734 2211 2415 2329 2164 1558  973  546  326
667A Lytt  200706162  118  422  785 1364 1736 2129 2189 1954 1663 1052  697  337
667A Lytt  200706171  103  331  732 1164 1794 2199 2355 2277 2062 1457  951  582
667A Lytt  200706172  275  146  510  910 1363 1817 2093 2262 1976 1564 1135  710
667A Lytt  200706181  280  252  413  835 1301 1826 2227 2275 2406 1840 1484 1020
667A Lytt  200706182  612  366  291  602 1013 1601 1873 2229 2235 2032 1646 1173
667A Lytt  200706191  849  464  378  643  907 1424 2035 2303 2381 2286 2029 1511
667A Lytt  200706192 1027  712  483  384  878 1243 1522 2023 2349 2187 2122 1720
667A Lytt  200706201 1143  897  597  578  942 1148 1619 2149 2317 2260 2336 1944
667A Lytt  200706202 1546 1219  849  587  806 1037 1356 1823 2232 2407 2351 2277
667A Lytt  200706211 1805 1418 1146  955  891 1156 1483 1926 2249 2312 2498 2352
667A Lytt  200706212 2079 1665 1270 1125  957 1114 1271 1679 2116 2291 2588 2497
667A Lytt  200706221 2175 1940 1534 1180 1005  998 1274 1622 1875 2166 2474 2467
667A Lytt  200706222 2196 2010 1581 1194 1082  943  952 1370 1834 1937 2329 2569
667A Lytt  200706231 2256 1983 1768 1304 1156 1097 1103 1378 1790 1982 2184 2490
667A Lytt  200706232 2355 2203 1887 1645 1266 1015 1084 1160 1549 1761 2107 2281
667A Lytt  200706241 2352 2287 1978 1593 1349 1056  951 1137 1341 1526 1865 2240
667A Lytt  200706242 2194 2167 2062 1718 1362 1175  940  962 1192 1430 1846 2058
667A Lytt  200706251 2171 2288 2132 1693 1716 1233  915 1034 1102 1365 1548 1881
667A Lytt  200706252 2280 2187 2091 1903 1730 1075  978  872  887 1012 1568 1794
667A Lytt  200706261 1957 2169 2141 1894 1722 1260 1012  898  866  825 1158 1557
667A Lytt  200706262 1713 1946 1977 1903 1478 1348  836  552  611  619  887 1333
667A Lytt  200706271 1550 1857 1846 1884 1731 1305  942  708  543  508  564 1054
667A Lytt  200706272 1339 1468 1734 1733 1343 1344  850  517  336  396  531  875
667A Lytt  200706281 1265 1544 1690 1825 1922 1342 1125 1012  458  372  543  752
667A Lytt  200706282  921 1568 1737 1608 1799 1503 1065  821  749  336  547  798
667A Lytt  200706291 1095 1427 1825 2002 1934 1848 1540 1347  783  654  581  619
667A Lytt  200706292 1030 1435 1769 1813 2035 2130 1470 1238  965  642  531  756
667A Lytt  200706301  893 1308 1632 2011 2133 2116 2038 1565 1189  876  653  575
667A Lytt  200706302  966 1292 1589 1989 2213 2183 1830 1767 1278  892  778  766
667A Lytt  200707011  754 1163 1552 1940 2221 2276 2219 1966 1614 1131  794  731
667A Lytt  200707012  665  919 1344 1753 1936 2189 2165 2003 1586 1256 1034  660
667A Lytt  200707021  737 1133 1213 1715 2201 2360 2395 2369 2023 1487 1149  867
667A Lytt  200707022  747  792 1119 1462 1912 2178 2159 2392 1850 1516 1253  785
667A Lytt  200707031  648  762  902 1254 1926 2113 2241 2489 2152 1652 1443  931
667A Lytt  200707032  673  594  727 1048 1438 1861 2069 2212 2108 1786 1315 1038
667A Lytt  200707041  729  487  731  955 1486 1850 2170 2456 2336 1969 1719 1345
667A Lytt  200707042  839  689  660  662 1222 1666 1924 2279 2332 2160 1895 1402
667A Lytt  200707051  953  761  604  758 1088 1529 1955 2240 2417 2332 1964 1639
667A Lytt  200707052 1159  868  574  553  748 1237 1591 1866 2246 2240 2073 1633
667A Lytt  200707061 1287  920  419  534  679 1008 1397 1904 2111 2181 2227 1725
667A Lytt  200707062 1445  975  593  348  345  727  963 1436 1871 2019 2206 1876
667A Lytt  200707071 1430 1133  666  373  464  545  900 1373 1718 1996 2048 2045
667A Lytt  200707072 1656 1235  851  367  320  235  539 1017 1442 1815 2135 2042
667A Lytt  200707081 1797 1504  918  658  456  253  593  854 1335 1533 1957 2166
667A Lytt  200707082 1882 1539 1220  676  347  293  168  578 1063 1371 1863 2164
667A Lytt  200707091 2098 1786 1463 1056  617  381  315  467  879 1222 1629 2004
667A Lytt  200707092 2087 1889 1664 1169  693  424  101  334  632 1069 1550 1989
667A Lytt  200707101 2206 2221 1943 1470 1131  695  358  442  497  878 1249 1719
667A Lytt  200707102 2068 2150 1891 1716 1193  776  408  209  486  577 1221 1751
667A Lytt  200707111 2051 2293 2300 2003 1664 1179  715  394  419  559  808 1404
667A Lytt  200707112 1917 2071 2201 2099 1660 1237  709  426  203  362  836 1113
667A Lytt  200707121 1680 2298 2243 2279 2208 1564 1188  709  386  330  494  900
667A Lytt  200707122 1473 1749 2104 2304 2010 1546 1264  639  338  256  356  775
667A Lytt  200707131 1218 1862 2199 2315 2366 2161 1491 1084  784  234  230  552
667A Lytt  200707132  964 1406 1986 2128 2141 2175 1498 1094  663  350  198  335
667A Lytt  200707141  837 1321 1756 2179 2507 2224 2022 1546  999  442  210  296
667A Lytt  200707142  548  859 1465 1909 2092 2151 1930 1474 1018  417  333  184
667A Lytt  200707151  266  844 1261 1780 2287 2284 2164 1928 1401  828  377  357
667A Lytt  200707152  195  514 1053 1508 1748 2235 2177 1693 1513  957  536  234
667A Lytt  200707161  212  436  857 1368 1927 2221 2295 2243 1769 1228  713  524
667A Lytt  200707162  283  282  744 1151 1530 1984 2194 2093 1869 1420  996  511
667A Lytt  200707171  430  259  628 1050 1601 1923 2290 2304 2145 1655 1244  816
667A Lytt  200707172  362  382  482  784 1228 1774 1841 2123 2153 1693 1409  943
667A Lytt  200707181  530  303  451  545 1217 1530 1946 2177 2100 1966 1379 1050
667A Lytt  200707182  739  290  409  413  789 1253 1589 1929 1957 1987 1655 1170
667A Lytt  200707191  901  506  350  396  839 1165 1539 1935 2125 1890 1683 1479
667A Lytt  200707192  921  490  496  385  477  973 1300 1678 1841 1972 1896 1458
667A Lytt  200707201 1131  795  526  433  615  935 1284 1639 1984 1982 1831 1807
667A Lytt  200707202 1345  833  669  609  429  725 1156 1461 1627 1980 2032 1692
667A Lytt  200707211 1524 1163  805  580  692  652 1037 1570 1710 1866 2126 1960
667A Lytt  200707212 1583 1427  991  717  670  801  897 1329 1632 1866 2139 1981
667A Lytt  200707221 1858 1547 1196  846  770  740  899 1243 1450 1808 1890 1976
667A Lytt  200707222 1874 1488 1345  881  703  716  645  940 1339 1622 1817 2027
667A Lytt  200707231 1999 1771 1371 1046 1061  658  780 1054 1303 1444 1771 2036
667A Lytt  200707232 1889 1736 1635 1220  771  844  600  831 1157 1445 1720 1918
667A Lytt  200707241 2078 1858 1661 1332 1186  767  671  768 1027 1053 1437 1909
667A Lytt  200707242 1840 1873 1857 1514 1070  949  768  768  863 1211 1594 1793
667A Lytt  200707251 2071 2071 1864 1632 1575 1002  831  869  876  951 1377 1674
667A Lytt  200707252 1739 1961 1993 1624 1397 1102  714  708  741  935 1265 1641
667A Lytt  200707261 1933 1964 2079 1712 1761 1257  890  834  664  783  965 1454
667A Lytt  200707262 1726 1823 2072 1812 1542 1294  914  718  631  710 1058 1270
667A Lytt  200707271 1702 1935 2126 1924 1899 1584 1054  969  699  605  767 1119
667A Lytt  200707272 1464 1732 1951 1996 1739 1535 1093  887  623  545  797 1075
667A Lytt  200707281 1373 1809 2139 2026 2129 1824 1321 1107  827  552  445  981
667A Lytt  200707282 1192 1418 1995 2132 1897 1873 1554  990  714  584  651  626
667A Lytt  200707291 1217 1515 1879 2199 2272 2139 1757 1418 1041  595  482  776
667A Lytt  200707292  892 1337 1867 2109 2201 2211 1820 1408 1019  778  580  443
667A Lytt  200707301  837 1273 1665 1928 2444 2319 1952 1814 1406  733  572  623
667A Lytt  200707302  583  957 1532 1866 1894 2266 2071 1663 1240  902  573  461
667A Lytt  200707311  535  840 1271 1697 2144 2310 2282 1916 1681  987  565  635
667A Lytt  200707312  422  556 1035 1657 1827 2096 2295 1991 1600 1218  825  362
667A Lytt  200708011  425  614  871 1256 2095 2113 2272 2343 1943 1397  955  767
667A Lytt  200708012  349  415  729 1161 1612 2037 2203 2282 2106 1605 1221  740
667A Lytt  200708021  526  372  677  957 1623 2053 2203 2456 2366 1774 1440 1079
667A Lytt  200708022  531  448  529  764 1230 1730 2077 2228 2257 2038 1616 1079
667A Lytt  200708031  737  420  413  515 1200 1494 1877 2371 2310 2061 1817 1243
667A Lytt  200708032  866  533  341  411  762 1249 1662 2099 2278 2285 2019 1584
667A Lytt  200708041 1112  728  452  485  782 1231 1651 2123 2417 2312 2195 1966
667A Lytt  200708042 1363  874  630  510  467  918 1395 1830 2198 2441 2392 1970
667A Lytt  200708051 1684 1339  767  544  697  849 1243 1723 2147 2236 2385 2382
667A Lytt  200708052 1728 1388 1107  574  366  759  975 1442 1833 2331 2439 2351
667A Lytt  200708061 2145 1674 1212  829  710  577  888 1272 1703 1951 2275 2465
667A Lytt  200708062 2152 1828 1506  915  628  614  600  954 1519 1923 2267 2503
667A Lytt  200708071 2512 2128 1711 1415  876  676  754  884 1280 1642 1996 2393
667A Lytt  200708072 2333 2125 1860 1337  918  539  430  682  845 1406 1932 2183
667A Lytt  200708081 2426 2398 2009 1648 1270  809  553  625  807 1043 1495 2002
667A Lytt  200708082 2182 2236 2070 1762 1206  778  540  398  458  985 1376 1831
667A Lytt  200708091 2200 2445 2332 1988 1657 1187  711  570  625  616 1034 1634
667A Lytt  200708092 1953 2200 2363 2029 1710 1331  706  575  358  667  961 1332
667A Lytt  200708101 1905 2316 2502 2396 2168 1643 1145  823  606  423  719 1248
667A Lytt  200708102 1695 1937 2518 2351 1951 1862 1194  810  574  567  712 1035
667A Lytt  200708111 1630 2163 2366 2591 2591 2121 1637 1273  894  560  646  955
667A Lytt  200708112 1280 1744 2147 2434 2294 2175 1724 1272  762  635  531  713
667A Lytt  200708121 1107 1747 2170 2333 2718 2349 2010 1560 1080  565  409  586
667A Lytt  200708122  825 1260 1804 2179 2135 2316 1937 1446  986  782  350  329
667A Lytt  200708131  747 1088 1534 1993 2345 2272 2112 1766 1220  663  441  350
667A Lytt  200708132  359  715 1285 1656 1827 2107 1987 1649 1169  866  399  119
667A Lytt  200708141  294  584  929 1477 1962 2027 2033 1905 1365  822  477  280
667A Lytt  200708142   71  321  671 1196 1435 1805 1957 1685 1417  970  634  170
667A Lytt  200708151  208  290  482 1015 1611 1727 1896 2125 1542 1112  742  397
667A Lytt  200708152  132  177  455  884 1166 1588 1950 1737 1674 1482  844  525
667A Lytt  200708161  247  235  343  660 1287 1546 1814 2045 1859 1465 1157  734
667A Lytt  200708162  395  302  534  676 1071 1532 1809 2018 1926 1929 1412  967
667A Lytt  200708171  728  505  503  490 1274 1398 1788 2139 2124 1877 1573 1331
667A Lytt  200708172  845  569  632  782  927 1455 1814 1994 2079 2120 1937 1372
667A Lytt  200708181 1123  784  696  706 1015 1385 1631 2072 2166 1964 1993 1595
667A Lytt  200708182 1218  939  759  695  828 1108 1421 1729 1933 2047 2039 1588
667A Lytt  200708191 1362 1032  744  653  807  968 1351 1608 1920 1860 1836 1785
667A Lytt  200708192 1375 1004  767  681  675  665 1140 1517 1561 1975 2069 1696
667A Lytt  200708201 1514 1301  942  553  851  842  857 1421 1740 1659 1832 1959
667A Lytt  200708202 1552 1203 1078  851  530  721  971 1133 1470 1866 1932 1876
667A Lytt  200708211 1920 1432 1273  898  907  743  895 1227 1307 1619 1785 1913
667A Lytt  200708212 1715 1488 1319 1062  703  750  862 1021 1301 1678 1992 1898
667A Lytt  200708221 1927 1931 1425 1190 1063  827  695 1073 1200 1320 1709 1953
667A Lytt  200708222 1744 1717 1662 1198  902  857  686  863 1109 1481 1630 1880
667A Lytt  200708231 2099 1978 1658 1455 1179  833  638  861  877 1065 1478 1837
667A Lytt  200708232 1786 1796 1882 1401 1012  856  688  655  725 1153 1404 1646
667A Lytt  200708241 1909 2074 1841 1571 1468  963  674  694  713  764 1169 1591
667A Lytt  200708242 1747 1730 1928 1685 1197 1024  790  596  509  859 1198 1430
667A Lytt  200708251 1806 2141 2096 1895 1808 1369  795  790  698  557  874 1394
667A Lytt  200708252 1605 1792 2073 1962 1505 1261 1019  488  455  672  839 1139
667A Lytt  200708261 1587 1942 2139 1985 1991 1652 1041  818  738  371  516 1090
667A Lytt  200708262 1338 1589 2031 2170 1708 1503 1303  666  455  464  565  683
667A Lytt  200708271 1250 1852 1950 2106 2382 1878 1403 1186  764  437  405  706
667A Lytt  200708272 1111 1467 2004 2183 2137 2109 1610 1188  805  577  504  539
667A Lytt  200708281  982 1561 1856 2120 2510 2205 1937 1577 1018  636  407  538
667A Lytt  200708282  666 1193 1810 2068 2274 2357 2031 1616 1095  753  452  386
667A Lytt  200708291  652 1059 1622 2089 2304 2446 2412 1946 1404  874  583  474
667A Lytt  200708292  348  698 1369 1814 2033 2396 2263 1910 1488 1043  626  280
667A Lytt  200708301  428  592 1138 1632 2203 2292 2438 2189 1686 1298  669  395
667A Lytt  200708302  271  291  796 1299 1839 2094 2367 2241 1835 1459  954  559
667A Lytt  200708311  224  426  581 1064 1665 2119 2270 2405 2136 1556 1093  707
667A Lytt  200708312  306  201  367  884 1358 1796 2229 2347 2157 1929 1390  868
667A Lytt  200709011  489  289  329  634 1243 1647 2077 2512 2286 1963 1642 1228
667A Lytt  200709012  647  277  427  468  910 1437 1903 2196 2404 2325 1854 1364
667A Lytt  200709021  996  668  197  524  848 1100 1624 2200 2232 2094 2078 1502
667A Lytt  200709022  911  597  388  237  410  827 1407 1826 2114 2435 2210 1750
667A Lytt  200709031 1392 1015  439  340  469  763 1064 1638 2024 2119 2252 2003
667A Lytt  200709032 1367 1283  718  357  344  581 1004 1399 1834 2391 2354 2130
667A Lytt  200709041 1967 1514  942  545  557  491  680 1219 1582 1884 2107 2176
667A Lytt  200709042 1813 1452 1126  609  297  294  588  869 1266 1897 2188 2185
667A Lytt  200709051 2194 1834 1300  812  593  271  237  645  898 1275 1771 1944
667A Lytt  200709052 1844 1653 1297  920  343  187  200  318  622 1233 1660 1757
667A Lytt  200709061 1757 1987 1569 1260  840  389  148  285  496  828 1292 1730
667A Lytt  200709062 1882 1794 1693 1396  781  419  268  189  345  784 1285 1637
667A Lytt  200709071 1993 2244 1965 1589 1388  900  405  391  446  433 1112 1541
667A Lytt  200709072 1770 2064 2121 1824 1416  939  702  344  288  593 1039 1323
667A Lytt  200709081 1857 2243 2170 2100 1819 1361  767  538  467  233  702 1163
667A Lytt  200709082 1556 1903 2175 2125 1825 1319 1063  540  294  507  677  896
667A Lytt  200709091 1571 2004 2143 2239 2167 1723 1244  852  559  354  562  869
667A Lytt  200709092 1292 1687 2120 2229 2038 1861 1435  957  529  560  447  737
667A Lytt  200709101 1233 1619 2055 2302 2275 2059 1667 1231  791  444  466  555
667A Lytt  200709102  916 1435 1834 2125 2191 2047 1719 1329  821  661  508  536
667A Lytt  200709111  827 1330 1796 2075 2249 2317 1822 1494 1071  522  448  408
667A Lytt  200709112  618  956 1513 1930 1986 2058 1986 1541 1059  780  501  341
667A Lytt  200709121  522  915 1317 1788 2002 2183 2040 1675 1323  742  559  399
667A Lytt  200709122  362  730 1014 1633 1891 1889 2125 1805 1307 1165  722  369
667A Lytt  200709131  481  806  973 1406 1765 2000 2054 2014 1711 1122  809  591
667A Lytt  200709132  523  490  973 1409 1658 1929 2177 1925 1684 1409  921  664
667A Lytt  200709141  476  665  724 1237 1579 1915 2026 1994 1930 1356 1026  747
667A Lytt  200709142  465  444  801 1038 1370 1737 2048 1969 1828 1746 1175  840
667A Lytt  200709151  632  609  596  992 1422 1564 1934 2139 1861 1679 1416  962
667A Lytt  200709152  662  615  680  892 1304 1607 1873 2107 2185 1927 1625 1303
667A Lytt  200709161  989  780  739  928 1213 1577 1880 2042 2108 1920 1712 1347
667A Lytt  200709162 1025  803  742  849 1054 1367 1697 1983 2011 2104 1876 1429
667A Lytt  200709171 1263  919  746  851 9999 9999 9999 9999 9999 9999 9999 9999
667A Lytt  200709172 9999 9999 9999 9999 9999 9999 9999 9999 9999 9999 9999 9999
667A Lytt  200709181 9999 9999 9999 9999 9999 9999 9999 9999 9999 9999 9999 9999
667A Lytt  200709182 9999 9999 9999 9999 9999 9999 9999 9999 9999 9999 9999 9999
667A Lytt  200709191 9999 9999 9999 9999 9999 9999 9999 9999 9999 9999 9999 9999
667A Lytt  200709192 9999 9999 9999 9999 9999 9999 9999 9999 9999 9999 9999 9999
667A Lytt  200709201 9999 9999 9999 9999  852  606  775 1083 1268 1414 1846 1905
667A Lytt  200709202 1625 1597 1272 1023  730  597  790  889 1254 1568 1796 1994
667A Lytt  200709211 1931 1800 1582 1195  866  819  759  703 1057 1460 1558 1856
667A Lytt  200709212 2054 1712 1543 1421  932  668  731  888  851 1430 1808 1892
667A Lytt  200709221 2075 2179 1882 1492 1238  998  673  642  981 1174 1438 1770
667A Lytt  200709222 2022 1997 1797 1675 1256  826  715  608  724 1076 1464 1740
667A Lytt  200709231 2009 2257 2046 1793 1523 1129  784  633  688  745 1248 1533
667A Lytt  200709232 1886 2133 1998 1959 1583 1097  818  668  455  779 1099 1491
667A Lytt  200709241 1857 2175 2305 2055 1825 1369  997  629  532  492  855 1176
667A Lytt  200709242 1639 2047 2047 2216 1850 1372 1110  593  468  504  659 1131
667A Lytt  200709251 1549 1977 9999 9999 9999 9999 9999 9999 9999 9999 9999 9999
667A Lytt  200709252 9999 9999 9999 9999 9999 9999 9999 9999 9999 9999 9999 9999
667A Lytt  200709261 9999 9999 9999 9999 9999 9999 9999 9999 9999 9999 9999 9999
667A Lytt  200709262 9999 9999 9999 9999 9999 9999 9999 9999 9999 9999 9999 9999
667A Lytt  200709271 9999 1098 1671 2087 2272 2313 2052 1470 1032  447  219  136
667A Lytt  200709272  301  759 1420 1916 2188 2233 2244 1645 1185  885  262   39
667A Lytt  200709281  293  609 1094 1652 2147 2282 2208 1978 1429  768  485  109
667A Lytt  200709282  111  239  887 1552 2008 2185 2488 2252 1678 1361  730  348
667A Lytt  200709291  226  357  705 1207 1756 2177 2377 2267 1978 1479  982  437
667A Lytt  200709292  261  268  412 1129 1585 2026 2467 2546 2263 1944 1353  862
667A Lytt  200709301  388  386  462  722 1400 1916 2144 2413 2426 2037 1426 1019
667A Lytt  200709302  656  316  391  745 1288 1592 2373 2683 2544 2611 1957 1595
667A Lytt  200710011 1014  579  646  512 1070 1516 1986 2397 2536 2559 2131 1677
667A Lytt  200710012 1205  747  440  677  854 1232 1924 2303 2504 2802 9999 9999
667A Lytt  200710021 9999 9999 9999 9999 9999 9999 9999 9999 9999 9999 9999 9999
667A Lytt  200710022 9999 9999 9999 9999 9999 9999 9999 9999 9999 9999 9999 2535
667A Lytt  200710031 2153 1654 1227  735  520  796 1043 1336 1922 2207 2378 2266
667A Lytt  200710032 1999 1611 1082  877  446  524  862 1108 1619 2215 2464 2288
667A Lytt  200710041 2338 1933 1520  996  733  475  613 1025 1221 1697 2348 2278
667A Lytt  200710042 2037 2164 1539 1116  749  608  558  742 1240 1740 2086 2318
667A Lytt  200710051 2473 2074 1834 1425  865  599  426  537  876 1293 1728 2104
667A Lytt  200710052 2125 2178 1961 1351 1048  740  465  516  840 1209 1610 2046
667A Lytt  200710061 2300 2276 2140 1792 1309  865  738  435  608  995 1389 1716
667A Lytt  200710062 2145 2323 1994 1999 1410  913  732  346  468  928 1031 1607
667A Lytt  200710071 2150 2162 2225 2067 1643 1319  801  687  488  679 1007 1432
667A Lytt  200710072 1818 2145 2189 2088 1875 1436  994  738  592  703  908 1456
667A Lytt  200710081 1837 2047 2381 2262 1870 1639 1252  635  530  581  651 1016
667A Lytt  200710082 1504 1857 2010 2165 1990 1575 1192  798  607  410  552  972
667A Lytt  200710091 1327 1655 2075 2199 2014 1712 1437  936  513  485  555  580
667A Lytt  200710092 1069 1723 1746 2010 2262 1784 1429 1179  735  439  485  646
667A Lytt  200710101  972 1349 1838 1981 2068 2037 1617 1218  867  670  544  580
667A Lytt  200710102  956 1363 1676 2051 2231 2119 1775 1520 1002  783  632  656
667A Lytt  200710111  803 1161 1732 1936 2118 2200 1991 1516 1216  949  646  558
667A Lytt  200710112  849 1181 1494 2002 2177 2207 2128 1940 1464 1086  863  749
667A Lytt  200710121  773 1085 1478 1850 2038 2272 2187 1841 1504 1229  852  588
667A Lytt  200710122  873  892 1162 1743 2067 2053 2179 2190 1675 1272 1154  790
667A Lytt  200710131  674  933 1273 1517 1867 2209 2159 2124 1825 1538 1137  908
667A Lytt  200710132  863  923 1167 1608 1969 2084 2239 2237 1980 1807 1356 1067
667A Lytt  200710141 1011  992 1158 1515 1920 2197 2410 2333 2244 1975 1570 1260
667A Lytt  200710142 1089 1076 1104 1411 1876 2085 2258 2445 2316 2009 1742 1348
667A Lytt  200710151 1042  963 1051 1148 1442 1889 2094 2045 2135 2023 1475 1315
667A Lytt  200710152 1020  838  864 1065 1395 1671 2003 2175 2176 2180 1817 9999
667A Lytt  200710161 9999 9999 9999 9999 9999 9999 9999 9999 9999 9999 9999 9999
667A Lytt  200710162 9999 9999 9999 9999 9999 9999 9999 9999 9999 9999 9999 9999
667A Lytt  200710171 9999 9999  879  859  925 1269 1555 1879 1967 2122 1913 1732
667A Lytt  200710172 1381 1074  893  827  920 1106 1494 1738 1947 2119 1980 1784
667A Lytt  200710181 1505 1186  887  699  666  802 1156 1435 1614 1885 1875 1611
667A Lytt  200710182 1382 1144  828  609  597  788  974 1279 1678 1794 1939 1816
667A Lytt  200710191 1604 1277 1040  749  554  635  906 1125 1307 1724 1895 1716
667A Lytt  200710192 1639 1369 1115  741  653  736  658 1187 1485 1697 1980 1988
667A Lytt  200710201 1882 1583 1359 1064  730  595  763  966 1174 1643 1993 1988
667A Lytt  200710202 1991 1829 1501 1174  925  762  550  935 1342 1538 1939 2212
667A Lytt  200710211 2102 1968 1826 1309  930  819  780  635 1013 1488 1784 2013
667A Lytt  200710212 2128 2072 1836 1583 1207  892  574  908 1055 1458 1736 2162
667A Lytt  200710221 2422 2262 2139 1932 1397 1050  813  626  821 1163 1569 1913
667A Lytt  200710222 2251 2205 2157 1855 1534 1038  671  815  812  951 1360 1932
667A Lytt  200710231 2089 2289 2398 2016 1754 1279  943  508  599  756 1151 1604
667A Lytt  200710232 1980 2231 2420 2183 1759 1445  955  559  526  704 9999 9999
667A Lytt  200710241 9999 9999 9999 9999 9999 9999 9999 9999 9999 9999 9999 9999
667A Lytt  200710242 9999 9999 9999 9999 9999 9999 9999 9999 9999 9999 9999 9999
667A Lytt  200710251 9999 1931 2333 2417 2459 1979 1488  994  520  317  360  658
667A Lytt  200710252 1111 1810 2283 2370 2575 2359 1722 1402  884  542  382  567
667A Lytt  200710261  967 1501 1916 2329 2477 2262 2043 1333  938  506  200  329
667A Lytt  200710262  607 1145 1886 2211 2518 2686 2224 1850 1332  748  476  205
667A Lytt  200710271  504  845 1423 2043 2247 2437 2378 1824 1321  899  306  190
667A Lytt  200710272  165  561 1141 1741 2138 2495 2386 2105 1695 1030  502  254
667A Lytt  200710281  122  217  741 1394 1757 2062 2406 2117 1556 1254  694  115
667A Lytt  200710282   12  143  404  947 1690 2157 2200 2400 2148 1549 1070  589
667A Lytt  200710291  182  120  273  793 1276 1758 2229 2304 2033 1712 1223  653
667A Lytt  200710292  201  166  244  451 1210 1768 2119 2385 2578 2131 1653 1189
667A Lytt  200710301  661  312  125  510  822 1254 1891 2193 2105 2199 1736 1225
667A Lytt  200710302  754  297  256  206  713 1256 1654 2140 2549 9999 9999 9999
667A Lytt  200710311 9999 9999 9999 9999 9999 9999 9999 9999 9999 9999 9999 9999
667A Lytt  200710312 9999 9999 9999 9999 9999 9999 9999 9999 9999 9999 2463 2143
667A Lytt  200711011 1690 1278  710  559  363  545 1010 1364 1749 2176 2275 2028
667A Lytt  200711012 1703 1326  855  452  426  504  702 1272 1821 2058 2330 2318
667A Lytt  200711021 2069 1645 1110  814  507  368  669  968 1299 1848 2139 2136
667A Lytt  200711022 2025 1759 1376  860  599  519  492  934 1387 1704 2184 2317
667A Lytt  200711031 2265 2094 1648 1206  818  564  558  731 1034 1586 1920 2199
667A Lytt  200711032 2260 2061 1817 1362  996  741  584  658 1133 1480 1820 2239
667A Lytt  200711041 2371 2284 1988 1709 1321  758  665  690  756 1198 1735 2071
667A Lytt  200711042 2252 2346 2208 1810 1381 1247  643  609 1055 1094 1445 1963
667A Lytt  200711051 2216 2265 2239 1934 1528 1060  815  612  570  928 1315 1641
667A Lytt  200711052 1969 2265 2253 1961 1750 1331  884  673  740  812 1164 1504
667A Lytt  200711061 1922 2154 2093 2181 1756 1260 1045  668  537  651  914 1296
667A Lytt  200711062 1670 1872 2184 2044 1829 1584  990  802  756 9999 9999 9999
667A Lytt  200711071 9999 9999 9999 9999 9999 9999 9999 9999 9999 9999 9999 9999
667A Lytt  200711072 9999 9999 9999 9999 9999 9999 9999 9999 9999 9999 9999 9999
667A Lytt  200711081 9999 9999 9999 9999 9999 1750 1494 1084  743  626  578  748
667A Lytt  200711082 1090 1491 1850 1982 2106 1970 1565 1345  973  791  721  837
667A Lytt  200711091  992 1460 1835 1908 2154 1981 1696 1357 1012  790  552  666
667A Lytt  200711092  948 1228 1649 1966 2048 2086 1853 1482 1132  847  630  628
667A Lytt  200711101  764 1157 1368 1732 2017 1868 1898 1486 1185  927  592  535
667A Lytt  200711102  745  976 1383 1680 1942 2112 1879 1695 1410  989  710  545
667A Lytt  200711111  675  870 1083 1566 1782 1895 1884 1685 1381 1013  786  550
667A Lytt  200711112  637  740 1137 1486 1766 2063 2034 1899 1739 1285 1010  831
667A Lytt  200711121  605  750 1018 1364 1668 1891 1955 1846 1698 1330 1084  756
667A Lytt  200711122  685  751 1010 1354 1685 2065 2152 2118 2146 1683 1349 1147
667A Lytt  200711131  918  854  928 1336 1599 1841 2138 2188 1999 1886 1515 1142
667A Lytt  200711132  976  882 1079 1155 1657 2048 2138 2268 2344 1993 1693 1491
667A Lytt  200711141 1082  909  835 1147 1388 1680 1994 2069 2051 2044 1601 1298
667A Lytt  200711142 1113  754  899  956 1294 1655 1885 2137 2291 2103 1880 1614
667A Lytt  200711151 1176  923  726  890 1072 1278 1645 1899 1983 1949 1791 1422
667A Lytt  200711152 1119  797  714  645  938 1270 1475 1897 2087 2062 1926 1683
667A Lytt  200711161 1283 1006  597  646  711  851 1343 1469 1748 1964 1791 1518
667A Lytt  200711162 1285  914  641  551  689  848 1185 1585 1863 1944 2071 1831
667A Lytt  200711171 1469 1199  850  591  512  714  948 1227 1607 1903 1904 1782
667A Lytt  200711172 1597 1197  858  639  525  663  938 1218 1696 1893 2010 2060
667A Lytt  200711181 1773 1506 1084  713  646  435  717 1000 1286 1734 1967 1873
667A Lytt  200711182 1869 1431 1159  793  570  517  635  905 1351 1588 1910 2137
667A Lytt  200711191 1926 1826 1436  909  744  418  459  650  974 1443 1797 1961
667A Lytt  200711192 2031 1771 1482 1077  785  532  412  638  963 1370 1765 2064
667A Lytt  200711201 2191 2093 1804 1400  967  616  431  447  683 1091 1532 1892
667A Lytt  200711202 2107 2106 1880 1504 1074  684  440  399  566  917 1395 1939
667A Lytt  200711211 2002 2264 2103 1704 1312  781  481  340  472  773 1202 1670
667A Lytt  200711212 2106 2210 2256 2004 1591 1087  602  484  418  569 1065 1572
667A Lytt  200711221 1880 2199 2365 2097 1766 1319  842  505  379  493  853 1362
667A Lytt  200711222 1863 2249 2446 2380 2072 1619 1126  706  461  442  669 1115
667A Lytt  200711231 1639 2086 2362 2411 2205 1790 1358  796  463  349  496  790
667A Lytt  200711232 1549 1988 2301 2637 2538 2131 1745 1138  683  436  473  585
667A Lytt  200711241 1154 1866 2100 2398 2659 2189 1747 1402  706  386  298  438
667A Lytt  200711242  850 1469 2067 2487 2720 2540 2327 1759 1180  722  513  423
667A Lytt  200711251  617 1267 1746 2025 2582 2605 2188 1756 1410  777  316  414
667A Lytt  200711252  510  800 1653 2132 2463 2714 2673 2224 1715 1154  755  369
667A Lytt  200711261  332  697 1249 1637 2199 2527 2456 2273 1820 1247  758  376
667A Lytt  200711262  285  418  975 1550 2056 2506 2677 2627 2283 1707 1240  692
667A Lytt  200711271  391  457  742 1121 1726 2167 2368 2384 2199 1681 1102  703
667A Lytt  200711272  362   86  456  906 1455 1931 2470 2527 2480 2121 1528 1043
667A Lytt  200711281  575  429  232  602 1152 1547 1955 2387 2403 2014 1632 1193
667A Lytt  200711282  685  250  340  470  924 1442 2000 2308 2535 2401 1977 1536
667A Lytt  200711291  985  645  349  409  726 1133 1579 2043 2309 2294 1989 1690
667A Lytt  200711292 1245  605  544  342  591 1041 1533 2005 2292 2398 2257 1923
667A Lytt  200711301 1478 1023  656  460  515  814 1228 1547 2017 2314 2192 2095
667A Lytt  200711302 1639 1116  854  509  441  746 1116 1536 1988 2357 2375 2188
667A Lytt  200712011 1873 1456  946  614  525  468  852 1185 1660 1972 2216 2164
667A Lytt  200712012 1887 1514 1157  748  508  521  765 1095 1530 1915 2200 2193
667A Lytt  200712021 2076 1725 1342  880  650  485  574  800 1219 1683 1931 2163
667A Lytt  200712022 2125 1799 1531 1074  819  519  626  845 1216 1587 2049 2081
667A Lytt  200712031 2135 2138 1608 1165 1005  595  430  630  964 1259 1626 2067
667A Lytt  200712032 2076 1901 1831 1370  973  745  583  558  833 1131 1559 1850
667A Lytt  200712041 1999 2112 1849 1483 1233  793  548  527  708  970 1268 1760
667A Lytt  200712042 2030 1863 1958 1749 1196  983  797  598  631  953 1317 1556
667A Lytt  200712051 1900 2158 1993 1760 1585 1068  728  720  709  777 1160 1606
667A Lytt  200712052 1811 1937 2159 1958 1596 1309 1050  747  646  804 1077 1264
667A Lytt  200712061 1683 1985 1974 1942 1726 1375  990  712  711  600  847 1298
667A Lytt  200712062 1557 1679 2112 1989 1802 1590 1060  899  690  556  852 1021
667A Lytt  200712071 1353 1790 1886 1861 1945 1604 1115  959  659  505  659  986
667A Lytt  200712072 1272 1513 1962 1979 1879 1782 1359 1033  816  641  606  808
667A Lytt  200712081 1076 1512 1721 1848 1932 1721 1434  976  825  618  498  767
667A Lytt  200712082 1050 1320 1705 2016 1984 1866 1711 1304  927  755  654  680
667A Lytt  200712091  879 1229 1604 1758 1934 1922 1626 1327  991  722  525  683
667A Lytt  200712092  870 1097 1565 1877 2073 2032 1896 1586 1200  989  748  602
667A Lytt  200712101  780 1088 1353 1669 1942 1960 1897 1565 1324  918  695  638
667A Lytt  200712102  777  895 1355 1720 1944 2068 2136 1847 1428 1245  911  673
667A Lytt  200712111  679  919 1100 1448 1805 1929 1900 1802 1494 1049  827  655
667A Lytt  200712112  643  740 1109 1530 1803 2033 2115 2136 1758 1455 1152  754
667A Lytt  200712121  713  738  897 1213 1647 1838 1935 1935 1794 1372 1104  831
667A Lytt  200712122  634  576  846 1122 1511 1889 2039 2210 1921 1704 1347  936
667A Lytt  200712131  712  652  682  925 1397 1646 1827 1985 2012 1610 1261 1032
667A Lytt  200712132  688  486  673  881 1272 1549 1938 2039 1972 1879 1527 1118
667A Lytt  200712141  769  631  517  535 1049 1264 1480 1875 1958 1667 1459 1200
667A Lytt  200712142  736  419  530  586  793 1300 1615 1777 1969 2003 1666 1318
667A Lytt  200712151 1077  673  390  486  706  975 1272 1728 1869 1940 1702 1417
667A Lytt  200712152 1111  636  659  459  691 1058 1379 1763 2012 2128 2006 1753
667A Lytt  200712161 1334 1093  701  572  586  846 1189 1491 1903 2083 2031 1850
667A Lytt  200712162 1560 1103  763  750  622  850 1188 1573 1935 2141 2248 2109
667A Lytt  200712171 1844 1480 1030  714  563  681  881 1304 1761 2028 2110 2164
667A Lytt  200712172 1962 1534 1166  846  728  615  900 1225 1569 1975 2147 2135
667A Lytt  200712181 2058 1731 1263  855  667  557  541  914 1333 1764 1970 2292
667A Lytt  200712182 2191 1707 1520 1130  713  525  674  908 1095 1694 2054 2111
667A Lytt  200712191 2174 2163 1704 1067  966  604  408  675  992 1368 1801 2232
667A Lytt  200712192 2357 2101 1974 1546  978  794  616  583  827 1276 1671 1955
667A Lytt  200712201 2257 2395 1942 1581 1298  738  360  511  614  945 1416 1926
667A Lytt  200712202 2172 2278 2274 1903 1426 1003  714  386  481  860 1114 1605
667A Lytt  200712211 2026 2223 2228 1931 1572 1101  555  373  359  421  796 1487
667A Lytt  200712212 1872 2053 2410 2203 1755 1331  949  476  252  382  600  930
667A Lytt  200712221 1583 1990 2104 2054 1976 1440  878  473  299  219  302  864
667A Lytt  200712222 1466 1801 2179 2359 2195 1756 1395  820  397  292  274  560
667A Lytt  200712231 1127 1630 1997 2199 2263 1965 1441  817  605  181   85  474
667A Lytt  200712232 1012 1357 2032 2465 2466 2330 2034 1529  902  650  438  342
667A Lytt  200712241  617 1377 1781 2083 2488 2519 1981 1601 1135  550  170  318
667A Lytt  200712242  586 1031 1630 2234 2479 2672 2595 2174 1562 1102  728  460
667A Lytt  200712251  499  957 1419 1858 2300 2628 2518 2101 1705 1196  599  405
667A Lytt  200712252  449  598 1103 1850 2309 2520 2763 2632 2014 1581 1120  550
667A Lytt  200712261  457  591  858 1435 1969 2306 2557 2447 2183 1630 1027  692
667A Lytt  200712262  388  304  708 1269 1712 2215 2542 2655 2449 1922 1510  924
667A Lytt  200712271  560  494  523  835 1507 1935 2106 2455 2413 1942 1500 1063
667A Lytt  200712272  615  319  414  690 1258 1834 2178 2481 2574 2330 1782 1376
667A Lytt  200712281  879  524  356  499  976 1361 1719 2137 2312 2160 1796 1366
667A Lytt  200712282  904  491  333  376  746 1186 1659 2028 2235 2336 1961 1575
667A Lytt  200712291 1141  736  410  322  531  958 1304 1734 2046 2210 2030 1696
667A Lytt  200712292 1393  780  541  421  455  825 1203 1689 1989 2209 2252 1836
667A Lytt  200712301 1497 1174  702  433  472  686  995 1365 1807 1995 2193 1850
667A Lytt  200712302 1630 1289  773  533  467  679  938 1321 1723 2010 2033 2094
667A Lytt  200712311 1759 1407  965  607  519  401  672 1050 1362 1716 2010 2060
667A Lytt  200712312 1909 1511 1119  855  556  533  770  923 1294 1727 1908 2016
