667A Lyttelton          New Zealand         2010 43360S 172430E 0000 3 00000R MM
667A Lytt  201001011  722 1190 1605 2071 2453 2500 2297 1948 1347  852  577  320
667A Lytt  201001012  319  842 1482 1972 2406 2658 2745 2218 1785 1411  688  541
667A Lytt  201001021  516  655 1085 1726 2192 2284 2471 2311 1781 1275  768  428
667A Lytt  201001022  260  375  894 1512 2077 2520 2719 2649 2416 1755 1241  655
667A Lytt  201001031  504  422  607 1157 1783 2272 2433 2675 2373 1955 1370  881
667A Lytt  201001032  522  209  548  941 1551 2170 2614 2664 2623 2368 1779 1031
667A Lytt  201001041  732  463  330  477 1212 1637 1968 2478 2504 2161 1726 1345
667A Lytt  201001042  702  363  257  488  842 1535 2070 2381 2645 2471 2163 1474
667A Lytt  201001051 1036  608  281  277  676 1135 1637 2103 2377 2498 2158 1693
667A Lytt  201001052 1284  642  344  328  383  936 1535 2020 2337 2573 2468 2027
667A Lytt  201001061 1463 1097  541  342  422  731 1160 1637 2160 2417 2324 2265
667A Lytt  201001062 1743 1189  747  555  350  654 1110 1600 2005 2413 2443 2373
667A Lytt  201001071 1975 1575 1044  610  562  521  776 1290 1804 2283 2387 2458
667A Lytt  201001072 2228 1768 1312  965  525  613  744 1084 1543 1986 2226 2338
667A Lytt  201001081 2246 1846 1520  874  489  590  492  748 1295 1831 2029 2365
667A Lytt  201001082 2536 2031 1717 1372  876  567  625  734 1115 1579 1957 2168
667A Lytt  201001091 2284 2139 1728 1393 1092  647  454  569  933 1307 1682 2033
667A Lytt  201001092 2308 2203 2051 1677 1188  868  666  609  868 1146 1632 1925
667A Lytt  201001101 2183 2260 2203 1719 1277 1023  513  578  692 1147 1452 1855
667A Lytt  201001102 2276 2411 2342 2238 1753 1296 1060  756  797 1017 1333 1630
667A Lytt  201001111 1979 2251 2208 2013 1847 1326  970  798  708  860 1173 1569
667A Lytt  201001112 2014 2224 2428 2351 2066 1832 1399 1083  902  886 1056 1505
667A Lytt  201001121 1771 2177 2357 2252 2139 1822 1372 1033  793  911  844 1251
667A Lytt  201001122 1721 2048 2214 2335 2216 1993 1570 1166  900  828  842  889
667A Lytt  201001131 1325 1741 2018 1964 2202 1914 1437 1114  836  712  546  930
667A Lytt  201001132 1224 1596 1816 2134 2238 2025 1743 1412 1037  738  605  744
667A Lytt  201001141  772 1233 1677 1746 1953 1946 1700 1231 1028  756  476  658
667A Lytt  201001142  916 1207 1632 2042 2073 2095 1950 1588 1256  771  677  589
667A Lytt  201001151  635  972 1382 1674 1888 1958 1861 1632 1063  898  607  563
667A Lytt  201001152  601  847 1328 1710 1975 2067 2020 1891 1444 1056  754  638
667A Lytt  201001161  589  727 1184 1449 1745 2019 1937 1785 1497 1166  789  645
667A Lytt  201001162  552  764 1108 1486 1714 2131 2121 2043 1730 1340 1033  732
667A Lytt  201001171  617  650 1004 1162 1519 1887 2000 1893 1623 1391  974  707
667A Lytt  201001172  624  509  828 1256 1475 1824 2075 2056 1801 1663 1171  855
667A Lytt  201001181  640  572  683  911 1386 1599 1807 1933 1736 1562 1279  839
667A Lytt  201001182  673  565  600  908 1225 1696 1899 2028 1940 1804 1460  990
667A Lytt  201001191  843  631  563  774 1089 1433 1730 1922 1887 1873 1493 1164
667A Lytt  201001192  889  708  561  723 1096 1489 1676 1979 2075 2022 1731 1389
667A Lytt  201001201 1071  814  738  649  973 1329 1625 1886 2058 2012 1916 1517
667A Lytt  201001202 1148 1077  718  697  988 1371 1626 1894 2133 2147 2069 1677
667A Lytt  201001211 1427 1101  785  797  839 1121 1487 1795 1987 2104 2083 1840
667A Lytt  201001212 1500 1182 1006  726  759 1177 1369 1529 2081 2204 1891 2001
667A Lytt  201001221 1615 1146  925  822  669  770 1258 1474 1744 2118 2238 1942
667A Lytt  201001222 1873 1516 1107  969  865  971 1144 1564 1793 2109 2093 2167
667A Lytt  201001231 1958 1605 1366  899  889  785  990 1370 1658 1979 2174 2295
667A Lytt  201001232 2060 1727 1514 1109  863  864  945 1240 1497 1852 2050 2143
667A Lytt  201001241 2063 1834 1462 1128  836  699  683  936 1258 1674 1939 2113
667A Lytt  201001242 2163 1900 1606 1250  956  692  682  839 1085 1360 1776 1954
667A Lytt  201001251 1975 1990 1656 1277 1015  643  529  686  817 1278 1656 1977
667A Lytt  201001252 2069 2008 1919 1508 1011  896  621  444  759 1000 1383 1648
667A Lytt  201001261 1968 2083 1789 1612 1280  743  572  478  551  794 1364 1655
667A Lytt  201001262 1940 2248 2070 1800 1451 1135  727  441  463  704 1016 1404
667A Lytt  201001271 1759 2074 2040 1871 1565 1110  758  403  360  499  869 1311
667A Lytt  201001272 1809 2063 2393 2057 1845 1671  945  565  486  506  581  975
667A Lytt  201001281 1579 1918 2083 2228 1952 1514 1105  570  339  267  463  810
667A Lytt  201001282 1422 1811 2236 2365 2160 2036 1329  947  574  348  292  522
667A Lytt  201001291 1086 1626 1927 2262 2272 1983 1586  955  644  269  142  465
667A Lytt  201001292  943 1412 2013 2363 2474 2380 1986 1397  787  508  241  210
667A Lytt  201001301  613 1104 1592 2058 2336 2192 1977 1462  796  473  190  -20
667A Lytt  201001302  343  872 1416 2026 2464 2544 2293 1988 1274  666  355  108
667A Lytt  201001311  101  483 1133 1697 1998 2353 2284 1953 1387  838  349   32
667A Lytt  201001312    0  239  837 1437 2058 2316 2483 2276 1767 1230  638  138
667A Lytt  201002011   84  182  477 1108 1788 2062 2320 2346 1841 1361  842  280
667A Lytt  201002012  -20  -30  290  759 1365 2082 2322 2244 2278 1644  903  569
667A Lytt  201002021  162  -80   81  492 1100 1605 2053 2281 2136 1888 1281  712
667A Lytt  201002022  221  -70  -10  288  759 1462 1914 2183 2323 2052 1456 1037
667A Lytt  201002031  473  179 -100  160  624 1107 1643 2077 2177 2217 1785 1230
667A Lytt  201002032  832  233   92   77  373  944 1459 1826 2230 2286 1890 1519
667A Lytt  201002041 1007  537  188  105  300  710 1132 1680 2042 2240 2143 1762
667A Lytt  201002042 1347  788  447  176  230  539 1056 1488 1806 2238 2106 1845
667A Lytt  201002051 1505 1122  476  291  406  337  797 1343 1705 1962 2340 2138
667A Lytt  201002052 1695 1382  932  464  256  465  730  981 1504 1866 2035 2103
667A Lytt  201002061 1848 1453 1043  645  428  381  521  963 1270 1715 2144 2183
667A Lytt  201002062 2067 1796 1333  926  635  483  561  731 1140 1546 1815 2099
667A Lytt  201002071 2025 1813 1468 1021  747  392  424  576  928 1366 1792 2032
667A Lytt  201002072 2140 2077 1734 1366  916  667  563  557  831 1143 1554 1815
667A Lytt  201002081 2070 2046 1742 1470 1064  679  526  533  673 1092 1430 1705
667A Lytt  201002082 2132 2131 1962 1762 1305 1019  627  595  688  945 1222 1611
667A Lytt  201002091 1852 2133 2004 1749 1507 1000  786  694  490  819 1278 1507
667A Lytt  201002092 1896 2184 2178 2000 1720 1478  928  774  719  725  985 1347
667A Lytt  201002101 1730 1890 2084 2077 1691 1374 1090  782  533  680 1020 1203
667A Lytt  201002102 1669 1988 2167 2100 1972 1772 1264  919  761  777  701 1111
667A Lytt  201002111 1397 1759 2015 1988 2025 1625 1330 1044  622  637  719  944
667A Lytt  201002112 1325 1699 1980 2115 2138 1916 1473 1171  863  661  677  836
667A Lytt  201002121 1115 1509 1875 1968 2087 1908 1581 1326  841  660  762  719
667A Lytt  201002122 1109 1488 1866 2188 2149 2222 1895 1640 1225  861  783  691
667A Lytt  201002131  754 1484 1682 1804 2339 2081 1801 1727 1170  894  754  741
667A Lytt  201002132  895 1123 1709 1958 1971 2228 2054 1597 1381  965  702  706
667A Lytt  201002141  750  957 1379 1814 2030 1954 2066 1822 1249 1098  821  578
667A Lytt  201002142  627  919 1273 1680 2108 2217 2086 1957 1613 1139  953  722
667A Lytt  201002151  564  878 1123 1448 1930 1982 1959 1961 1604 1177  916  736
667A Lytt  201002152  586  717 1060 1405 1720 2112 2099 1889 1849 1464  994  772
667A Lytt  201002161  692  665  826 1327 1663 1815 2074 2095 1738 1448 1260  737
667A Lytt  201002162  608  610  830 1072 1449 1925 2010 1962 1995 1644 1252 1025
667A Lytt  201002171  720  544  726  991 1274 1717 1913 2066 1858 1673 1473  971
667A Lytt  201002172  750  616  786  838 1204 1774 1927 1988 2230 1903 1572 1328
667A Lytt  201002181  895  712  712  849 1250 1505 1816 2165 2131 1973 1794 1407
667A Lytt  201002182 1100  874  771  843 1054 1470 1780 1923 2122 2095 1769 1502
667A Lytt  201002191 1115  885  632  721 1031 1228 1645 2008 1948 2058 2019 1540
667A Lytt  201002192 1270  896  770  698  756 1149 1475 1708 1977 2076 1960 1740
667A Lytt  201002201 1328 1097  784  655  785  996 1237 1663 1887 2017 2023 1877
667A Lytt  201002202 1528 1102  911  663  641  867 1202 1355 1830 2022 1953 1970
667A Lytt  201002211 1607 1317  909  787  734  744 1063 1487 1648 1954 2224 2058
667A Lytt  201002212 1708 1527 1140  767  694  705  911 1081 1576 1813 2075 2058
667A Lytt  201002221 1796 1654 1163  868  699  588  753 1109 1314 1797 2097 2168
667A Lytt  201002222 1984 1787 1510  993  781  627  646  812 1236 1557 1792 2117
667A Lytt  201002231 2095 1805 1538 1185  908  603  642  799 1006 1504 1885 2109
667A Lytt  201002232 2247 2063 1812 1415 1095  774  589  587  968 1269 1589 2074
667A Lytt  201002241 2177 2119 1992 1631 1231  881  610  579  768 1194 1642 2061
667A Lytt  201002242 2324 2405 2288 1916 1494 1084  762  525  664 1006 1294 1722
667A Lytt  201002251 2092 2304 2186 2070 1700 1146  824  627  394  793 1155 1646
667A Lytt  201002252 2062 2401 2484 2146 1948 1439  877  545  429  605  807 1307
667A Lytt  201002261 1763 2123 2317 2236 1945 1543  970  572  363  311  690 1118
667A Lytt  201002262 1623 2072 2446 2402 2171 1876 1273  694  501  350  449  783
667A Lytt  201002271 1417 1848 2180 2442 2369 1990 1516  986  422  228  343  578
667A Lytt  201002272 1109 1764 2220 2514 2537 2339 1847 1151  838  476  329 -340
667A Lytt  201002281 1520  691 2033 2874 2013 2707 1905 1672  962   92  382    6
667A Lytt  201002282  972  871 1747 2286 2610 2398 2362 1799 1439  616  424  210
667A Lytt  201003011  281 1094 1537 2084 2535 2377 2698 2011 1392 1052  620   90
667A Lytt  201003012  313  618 1283 1938 2487 2675 2573 2186 1917 1064  825  352
667A Lytt  201003021  239  758  925 1535 2235 2531 2750 2388 2092 1365  927  381
667A Lytt  201003022  137  413  687 1325 1970 2442 2652 2630 2161 1852 1400  492
667A Lytt  201003031  513  581  475 1243 1884 2080 2540 2885 2340 1970 1542 1035
667A Lytt  201003032  451  318  510  781 1417 1987 2334 2500 2491 2257 1634 1062
667A Lytt  201003041  865  286  386  812 1165 1614 2333 2521 2426 2527 1990 1317
667A Lytt  201003042 1010  595  324  526  945 1414 1863 2177 2383 2371 2091 1534
667A Lytt  201003051 1129  639  419  414  634 1174 1695 2060 2363 2485 2197 1898
667A Lytt  201003052 1379  866  488  503  551  751 1436 1707 1952 2309 2256 1728
667A Lytt  201003061 1448 1047  506  475  439  687 1090 1666 1795 2178 2267 1992
667A Lytt  201003062 1647 1130  854  446  427  542  798 1150 1634 1946 2065 1934
667A Lytt  201003071 1665 1288  779  494  433  370  700 1126 1468 1868 2103 2086
667A Lytt  201003072 1904 1547 1136  788  528  438  537  932 1264 1623 2060 1991
667A Lytt  201003081 1816 1705 1307  824  743  643  531  842 1281 1575 1856 2254
667A Lytt  201003082 2051 1911 1600 1089  900  605  591  778  932 1371 1873 1901
667A Lytt  201003091 2081 1985 1615 1274  992  778  560  673  943 1293 1624 2046
667A Lytt  201003092 2085 1923 2042 1595 1111  814  823  553  736 1272 1423 1717
667A Lytt  201003101 2120 2001 1825 1728 1344  890  788  757  647 1062 1451 1712
667A Lytt  201003102 1967 2192 2097 1881 1595 1175  872  698  683  972 1363 1443
667A Lytt  201003111 1882 2147 2067 1978 1752 1352  980  782  814  909 1131 1668
667A Lytt  201003112 1879 2055 2287 2151 1878 1589 1188  864  814  881 1088 1299
667A Lytt  201003121 1784 1984 2024 2234 2010 1454 1250 1148  743  754 1103 1414
667A Lytt  201003122 1592 2087 2348 2197 2122 1958 1419 1041  986  785  859 1132
667A Lytt  201003131 1547 1777 2067 2235 2097 1817 1541 1246  895  791  765 1125
667A Lytt  201003132 1298 1787 2102 2195 2191 2092 1707 1357 1008  920  792  935
667A Lytt  201003141 1371 1680 1905 2329 2281 2001 1999 1555 1022  961  847  861
667A Lytt  201003142 1060 1539 1960 2033 2237 2279 1856 1573 1232  956  784  716
667A Lytt  201003151 1075 1372 1600 2141 2231 2023 2058 1711 1280  920  845  793
667A Lytt  201003152  817 1259 1675 1950 2133 2351 2095 1724 1562 1153  749  840
667A Lytt  201003161  940 1087 1556 1950 2196 2218 2302 1938 1597 1271  965  863
667A Lytt  201003162  779  988 1382 1721 2045 2249 2224 2038 1667 1404 1002  703
667A Lytt  201003171  837  890 1171 1674 2048 2061 2302 2126 1731 1446 1017  895
667A Lytt  201003172  590  697 1095 1405 1708 2062 2161 2054 1893 1524 1155  760
667A Lytt  201003181  632  772  792 1265 1664 1898 2153 2172 1962 1618 1177  916
667A Lytt  201003182  607  480  740 1063 1454 1700 1957 2049 1792 1668 1358  881
667A Lytt  201003191  648  546  594  925 1282 1709 1884 1979 2196 1789 1397 1343
667A Lytt  201003192  785  522  699  909 1118 1560 1932 1964 2041 2016 1664 1183
667A Lytt  201003201  962  740  530  741 1150 1453 1801 2045 2216 2096 1769 1523
667A Lytt  201003202 1153  822  706  693  931 1295 1587 1886 1999 2163 1917 1460
667A Lytt  201003211 1239  996  628  656  937 1230 1459 2026 2167 2207 2177 1868
667A Lytt  201003212 1538 1019  918  752  746 1162 1426 1776 2061 2258 2218 1913
667A Lytt  201003221 1578 1365  820  600  896  879 1308 1685 2132 2180 2353 2262
667A Lytt  201003222 1851 1415 1165  919  583  872 1110 1284 1641 2165 2124 2041
667A Lytt  201003231 1938 1514 1084  849  763  679  926 1352 1726 2056 2376 2472
667A Lytt  201003232 2151 1953 1591 1032  886  825  805 1130 1568 2000 2187 2366
667A Lytt  201003241 2369 1984 1636 1255  993  761  943  932 1389 1944 2282 2337
667A Lytt  201003242 2488 2318 1757 1525 1035  798  678  824 1079 1539 1984 2226
667A Lytt  201003251 2348 2303 1952 1684 1198  847  682  673  936 1375 1831 2271
667A Lytt  201003252 2421 2473 2220 1935 1366  967  580  618  655  987 1503 1898
667A Lytt  201003261 2277 2336 2277 2003 1449  994  783  447  554  952 1372 1882
667A Lytt  201003262 2288 2523 2446 2185 1953 1197  795  666  401  668 1077 1533
667A Lytt  201003271 1902 2393 2453 2284 1842 1448  975  507  334  538  792 1305
667A Lytt  201003272 1795 2181 2398 2386 2127 1536  945  637  270  283  488  986
667A Lytt  201003281 1466 1991 2235 2336 2145 1755 1171  585  298   94  163  546
667A Lytt  201003282 1209 1688 2062 2403 2277 1903 1409  852  387  167  200  344
667A Lytt  201003291  790 1455 1862 2134 2229 1987 1538  931  481  131 -140  144
667A Lytt  201003292  536 1115 1693 2124 2262 2098 1757 1317  637  249  146   45
667A Lytt  201003301  296  946 1597 1907 2231 2394 2027 1523 1043  511  114   54
667A Lytt  201003302  283  630 1217 1863 2207 2245 2250 1813 1212  711  439   98
667A Lytt  201003311  227  508 1175 1708 2104 2442 2393 2159 1725 1109  592  270
667A Lytt  201003312  279  326  777 1500 1912 2182 2324 2244 1750 1284  896  355
667A Lytt  201004011  193  448  731 1230 1797 2242 2426 2313 2194 1642 1103  672
667A Lytt  201004012  386  281  471 1014 1477 1878 2219 2305 2125 1761 1370  837
667A Lytt  201004021  461  450  543  814 1396 1885 2250 2405 2437 2193 1600 1231
667A Lytt  201004022  761  497  415  755 1165 1558 1931 2350 2346 2108 1941 1338
667A Lytt  201004031  943  707  598  601 1067 1562 1871 2294 2433 2448 2097 1708
667A Lytt  201004032 1365  823  572  715  890 1157 1665 2125 2182 2312 2270 1750
667A Lytt  201004041 1373 1050  727  600  821 1164 1545 1947 2217 2402 2250 2022
667A Lytt  201004042 1693 1229  832  754  701  848 1235 1663 2002 2248 2244 2107
667A Lytt  201004051 1772 1330  985  792  732  899 1232 1538 1932 2231 2343 2149
667A Lytt  201004052 1993 1600 1145  901  821  726  910 1413 1650 1895 2321 2152
667A Lytt  201004061 1854 1718 1401  976  754  853  889 1159 1629 1949 2054 2216
667A Lytt  201004062 2197 1790 1402 1202  808  614  711 1065 1206 1571 2031 2056
667A Lytt  201004071 1848 1915 1619 1125  854  865  647  789 1256 1557 1683 2044
667A Lytt  201004072 2179 1825 1593 1493  968  539  683  701  758 1263 1708 1770
667A Lytt  201004081 1876 2075 1651 1334 1169  778  636  622  915 1153 1441 1855
667A Lytt  201004082 1993 1871 1876 1520 1214  842  612  645  568  983 1304 1611
667A Lytt  201004091 1816 1974 1903 1560 1312 1030  661  589  675  869 1129 1526
667A Lytt  201004092 1883 1857 1882 1816 1361 1034  811  601  439  690 1060 1263
667A Lytt  201004101 1638 1989 1926 1754 1679 1228  899  746  664  659  977 1331
667A Lytt  201004102 1713 1897 2022 1943 1726 1384 1054  807  591  598  991 1202
667A Lytt  201004111 1510 1929 2087 2007 1854 1638 1216  935  789  676  801 1159
667A Lytt  201004112 1607 1800 2050 2186 1976 1715 1408 1007  732  623  898  980
667A Lytt  201004121 1329 1857 2072 2033 2107 1930 1456 1153  945  661  692  963
667A Lytt  201004122 1333 1597 1982 2214 2212 1984 1700 1361  973  836  794  940
667A Lytt  201004131 1129 1712 2029 2180 2342 2267 1882 1514 1299  954  798  871
667A Lytt  201004132 1285 1475 1860 2268 2400 2182 1980 1884 1250  867 1016  908
667A Lytt  201004141  905 1595 1998 1989 2403 2579 2093 1874 1621 1200  815  920
667A Lytt  201004142 1043 1200 1681 2202 2199 2328 2372 1979 1516 1314 1075  800
667A Lytt  201004151  891 1325 1670 1876 2349 2577 2278 2189 1903 1388 1058  966
667A Lytt  201004152  988  887 1491 1852 2016 2179 2470 2177 1838 1434 1150  773
667A Lytt  201004161  758 1087 1256 1696 2223 2433 2449 2421 2241 1605 1232 1025
667A Lytt  201004162  822  640 1043 1473 1657 1989 2276 2124 1976 1760 1285  862
667A Lytt  201004171  689  788  753 1173 1792 1998 2181 2388 2295 1708 1471 1099
667A Lytt  201004172  776  571  722  997 1365 1553 2142 2191 1921 2077 1533  989
667A Lytt  201004181  783  694  651  725 1363 1764 1907 2323 2431 2017 1835 1476
667A Lytt  201004182 1008  742  652  812 1042 1438 1873 2144 2174 2194 2078 1408
667A Lytt  201004191 1082  956  631  555 1038 1448 1573 2175 2503 2216 2121 1897
667A Lytt  201004192 1412  853  730  844  616 1087 1597 1787 2018 2429 2198 1787
667A Lytt  201004201 1505 1267  847  517  820 1137 1329 1946 2417 2374 2298 2308
667A Lytt  201004202 1693 1275  911  829  541  731 1248 1511 1773 2306 2385 2014
667A Lytt  201004211 1782 1604 1028  622  640  834  866 1374 1995 2171 2189 2501
667A Lytt  201004212 2176 1576 1294 1049  532  458  859 1134 1376 1949 2405 2227
667A Lytt  201004221 2042 1957 1422  839  786  642  561  986 1474 1796 2072 2465
667A Lytt  201004222 2348 1961 1640 1376  701  408  626  766  903 1635 2143 2191
667A Lytt  201004231 2293 2363 1892 1307 1066  787  353  684 1145 1452 1797 2407
667A Lytt  201004232 2575 2256 2010 1851 1104  599  705  464  551 1233 1703 1919
667A Lytt  201004241 2295 2498 2092 1625 1427  909  313  473  713  887 1230 2052
667A Lytt  201004242 2333 2228 2334 2110 1483  916  681  379  239  656 1247 1570
667A Lytt  201004251 1992 2526 2450 2025 1893 1372  635  423  453  436  705 1499
667A Lytt  201004252 2053 2066 2356 2487 1748 1312 1031  508  113  412  796 1023
667A Lytt  201004261 1628 2245 2401 2221 2239 1807 1013  724  531  150  469  989
667A Lytt  201004262 1526 1847 2272 2548 2208 1765 1535  839  291  408  550  769
667A Lytt  201004271 1216 1986 2301 2331 2672 2418 1575 1253  960  361  163  734
667A Lytt  201004272 1089 1410 1995 2546 2318 2069 2061 1285  636  588  524  227
667A Lytt  201004281  827 1421 1934 2077 2459 2525 1914 1618 1228  603  219  471
667A Lytt  201004282  637  904 1553 2107 2186 2153 2205 1688 1054  817  603  234
667A Lytt  201004291  446 1071 1526 1850 2420 2653 2340 2179 1837 1130  605  588
667A Lytt  201004292  623  660 1334 1907 2142 2286 2636 2167 1749 1479 1062  566
667A Lytt  201004301  611  896 1281 1625 2243 2619 2458 2594 2326 1639 1164  986
667A Lytt  201004302  701  532  984 1496 1676 2124 2497 2263 2035 1778 1332  853
667A Lytt  201005011  554  659  787 1155 1763 2184 2361 2546 2521 1952 1537 1278
667A Lytt  201005012  777  562  722 1042 1280 1710 2200 2243 2189 2106 1629 1159
667A Lytt  201005021  847  669  636  791 1398 1731 1972 2371 2458 2170 1791 1536
667A Lytt  201005022 1118  692  627  795  918 1288 1833 1993 2022 2245 1937 1412
667A Lytt  201005031 1103  880  608  584 1063 1362 1565 2073 2321 2199 2036 1844
667A Lytt  201005032 1393 1022  773  693  722  915 1410 1700 1700 2166 2123 1538
667A Lytt  201005041 1319 1120  692  472  842 1009 1105 1746 2069 2006 2083 2098
667A Lytt  201005042 1556 1214 1000  695  516  790 1102 1300 1632 2025 2154 1915
667A Lytt  201005051 1618 1388 1072  698  825  768  945 1384 1780 1857 1955 2166
667A Lytt  201005052 1867 1379 1211  909  534  607  776 1017 1315 1684 1945 1942
667A Lytt  201005061 1779 1623 1202  857  835  675  667 1061 1390 1590 1894 2086
667A Lytt  201005062 1961 1781 1413 1194  784  628  706  821 1138 1551 1834 2003
667A Lytt  201005071 1942 1893 1653 1185 1025  927  625  910 1320 1506 1634 2161
667A Lytt  201005072 2145 1943 1788 1536 1100  835  877  794  956 1442 1769 1919
667A Lytt  201005081 2171 2191 1940 1526 1412 1119  755  820 1119 1289 1512 2013
667A Lytt  201005082 2174 2071 2122 1813 1411 1005  931  639  825 1214 1438 1756
667A Lytt  201005091 2024 2201 2073 1756 1706 1238  896  842  844  987 1299 1706
667A Lytt  201005092 1975 2062 2193 2036 1573 1236 1061  751  674  973 1234 1526
667A Lytt  201005101 1834 2199 2230 1837 1940 1501  944  903  741  736 1028 1503
667A Lytt  201005102 1782 1894 2203 2100 1810 1522 1127  791  588  677  976 1226
667A Lytt  201005111 1509 2073 2122 2018 2173 1733 1177 1036  863  552  739 1152
667A Lytt  201005112 1527 1675 2125 2294 1856 1764 1554  847  775  691  678 1001
667A Lytt  201005121 1356 1790 2066 2114 2335 2001 1540 1365  870  708  579  948
667A Lytt  201005122 1285 1688 2027 2298 2268 2133 2054 1398 1024  869  648  698
667A Lytt  201005131  952 1600 1807 2103 2370 2244 1872 1644 1192  827  667  818
667A Lytt  201005132 1001 1314 1882 2160 2230 2311 2095 1698 1315  955  787  752
667A Lytt  201005141  897 1318 1740 2052 2481 2550 2184 2212 1512 1202  787  839
667A Lytt  201005142  753 1024 1651 1843 2116 2469 2354 1913 1770 1231  811  800
667A Lytt  201005151  759  968 1431 1898 2336 2442 2546 2406 1990 1505 1071  865
667A Lytt  201005152  682  894 1216 1688 1925 2346 2491 2253 2112 1540 1235  936
667A Lytt  201005161  657  881 1079 1512 2087 2459 2518 2705 2372 1894 1476 1043
667A Lytt  201005162  868  647  899 1288 1657 2025 2356 2375 2310 2031 1524 1140
667A Lytt  201005171  798  638  803 1080 1614 2038 2397 2599 2563 2260 1734 1457
667A Lytt  201005172  917  670  705  827 1211 1722 2025 2293 2490 2163 1859 1545
667A Lytt  201005181  847  699  669  672 1083 1631 1988 2314 2616 2401 2145 1725
667A Lytt  201005182 1290  797  502  583  776 1165 1629 2077 2257 2310 2185 1770
667A Lytt  201005191 1184  924  569  438  667 1035 1443 1989 2380 2367 2287 2109
667A Lytt  201005192 1530  991  750  532  312  735 1163 1494 1920 2345 2236 2048
667A Lytt  201005201 1631 1264  737  441  585  484  939 1622 1951 2169 2337 2364
667A Lytt  201005202 1869 1500 1113  587  285  488  742 1011 1626 2066 2242 2346
667A Lytt  201005211 1958 1761 1129  675  619  330  552 1054 1521 1790 2262 2490
667A Lytt  201005212 2139 1907 1546  911  458  464  376  650 1185 1715 2099 2314
667A Lytt  201005221 2296 2088 1631 1125  813  453  382  624 1048 1474 1879 2226
667A Lytt  201005222 2361 2160 1834 1408  816  519  270  410  681 1200 1755 2120
667A Lytt  201005231 2371 2303 1979 1559 1151  688  380  430  659  982 1463 2001
667A Lytt  201005232 2236 2410 2234 1791 1329  911  545  354  596  871 1453 1919
667A Lytt  201005241 2215 2613 2462 2142 1872 1327  800  642  684  721 1133 1825
667A Lytt  201005242 2179 2396 2495 2292 1952 1467  987  598  570  681 1108 1719
667A Lytt  201005251 2163 2506 2718 2630 2401 1878 1484 1224  756  884 1087 1435
667A Lytt  201005252 1821 2517 2636 2646 2386 2051 1432  907  791  558  830 1201
667A Lytt  201005261 1780 2115 2470 2634 2720 2323 1798 1416  912  727  673 1101
667A Lytt  201005262 1453 1921 2397 2634 2495 2404 2006 1325 1014  746  680  692
667A Lytt  201005271 1234 1799 2018 2433 2776 2457 2030 1821 1142  927  546  730
667A Lytt  201005272  789 1420 1802 2240 2474 2478 2131 1773 1206  850  640  633
667A Lytt  201005281  887 1176 1763 2167 2598 2713 2378 2151 1819 1046  756  854
667A Lytt  201005282  681 1059 1537 1915 2094 2503 2324 1893 1648 1159  729  608
667A Lytt  201005291  577  846 1335 1722 2193 2428 2343 2324 1857 1276  941  640
667A Lytt  201005292  497  622  968 1394 1702 2083 2226 1946 1807 1360  967  615
667A Lytt  201005301  444  472  761 1291 1734 2044 2233 2299 2034 1567 1173  879
667A Lytt  201005302  405  458  532  826 1319 1815 1923 1966 1970 1617 1103  773
667A Lytt  201005311  654  345  528  861 1329 1610 2101 2254 2101 1882 1536 1061
667A Lytt  201005312  773  574  613  572 1049 1599 1698 1885 2229 1834 1506 1302
667A Lytt  201006011  877  569  582  741 1127 1417 1899 2170 2215 2165 1851 1510
667A Lytt  201006012 1161  851  605  699  828 1339 1607 1904 2063 2151 1932 1507
667A Lytt  201006021 1355  862  706  715 1013 1196 1594 1969 2260 2144 2096 1868
667A Lytt  201006022 1382 1169  862  683  726 1060 1279 1571 1969 2087 2020 1860
667A Lytt  201006031 1442 1092  885  724  852  854 1362 1677 1744 2093 2143 1800
667A Lytt  201006032 1596 1418  929  598  682  753  905 1200 1725 1891 1878 2020
667A Lytt  201006041 1685 1339 1058  839  715  767 1040 1302 1625 1834 1979 1972
667A Lytt  201006042 1920 1477 1173  930  688  699  797 1056 1446 1742 1970 2113
667A Lytt  201006051 1905 1757 1306 1072 1009  764  830 1187 1384 1643 1979 2123
667A Lytt  201006052 1997 2048 1516 1219 1027  861  684 1039 1440 1534 2019 2276
667A Lytt  201006061 2131 2148 1898 1481 1306 1107 1045 1190 1407 1721 1913 2216
667A Lytt  201006062 2480 1988 2099 1827 1234 1167  905 1077 1202 1615 1962 2188
667A Lytt  201006071 2249 2405 2231 1763 1659 1415 1101 1319 1391 1506 2031 2257
667A Lytt  201006072 2390 2521 2403 1979 1748 1410  957 1001 1133 1341 1579 2091
667A Lytt  201006081 2201 2310 2329 2120 1722 1464 1206  982 1012 1128 1466 1804
667A Lytt  201006082 2050 2330 2247 2041 1901 1379 1005  775  845  908 1222 1633
667A Lytt  201006091 1940 2179 2324 2163 1923 1597 1157  948  746  777 1100 1320
667A Lytt  201006092 1773 2074 2219 2109 2006 1702 1093  864  762  726  884 1251
667A Lytt  201006101 1727 1990 2290 2426 2151 1902 1578 1158  828  757  913 1068
667A Lytt  201006102 1571 2056 2081 2340 2421 1947 1603 1147  892  648  872 1122
667A Lytt  201006111 1374 1977 2334 2425 2610 2399 1931 1613 1220  782  850  947
667A Lytt  201006112 1230 1762 2088 2316 2437 2348 1917 1501 1183  705  679  855
667A Lytt  201006121 1018 1562 2094 2248 2631 2635 2265 2054 1446  981  778  764
667A Lytt  201006122  785 1377 1778 2106 2431 2640 2135 1969 1691  918  716  757
667A Lytt  201006131  671 1083 1742 2135 2401 2724 2737 2261 1796 1451  795  612
667A Lytt  201006132  745  865 1304 1845 2138 2495 2486 2279 1900 1373 1024  667
667A Lytt  201006141  547  863 1189 1615 2045 2394 2747 2580 2220 1697 1189  831
667A Lytt  201006142  613  641  937 1366 1935 2298 2437 2626 2278 1770 1367  860
667A Lytt  201006151  520  426  643 1145 1607 2119 2607 2529 2432 2056 1422  978
667A Lytt  201006152  635  327  321  812 1198 1580 2088 2370 2197 1886 1568 1026
667A Lytt  201006161  458  349  221  356 1104 1521 1909 2368 2474 2164 1795 1313
667A Lytt  201006162  782  368  207  301  550 1154 1536 1966 2242 2197 1851 1460
667A Lytt  201006171  879  447  179  222  643  791 1574 2083 2361 2294 2111 1790
667A Lytt  201006172 1221  665  462  186  282  765 1188 1664 2118 2373 2249 1900
667A Lytt  201006181 1419  948  514  274  375  539 1107 1594 2085 2259 2331 2208
667A Lytt  201006182 1654 1290  772  406  328  512  776 1279 1810 2165 2433 2235
667A Lytt  201006191 1900 1585  981  546  436  303  736 1188 1645 2063 2368 2429
667A Lytt  201006192 2178 1765 1344  788  463  498  463  917 1542 1927 2284 2640
667A Lytt  201006201 2418 2131 1711 1209  917  563  678  952 1361 1745 2250 2456
667A Lytt  201006202 2466 2438 1823 1481  992  736  565  660 1212 1526 1973 2329
667A Lytt  201006211 2612 2451 2044 1788 1277  735  722  622  883 1231 1719 2082
667A Lytt  201006212 2337 2498 2073 1714 1359  841  428  547  703 1000 1627 2028
667A Lytt  201006221 2286 2536 2439 1993 1695 1240  781  569  674  872 1170 1679
667A Lytt  201006222 2083 2378 2295 1899 1784 1319  669  608  665  558 1173 1762
667A Lytt  201006231 1948 2298 2516 2267 1988 1518 1139  751  476  506  765 1194
667A Lytt  201006232 1625 2012 2218 2115 1945 1472  982  706  447  247  707  997
667A Lytt  201006241 1425 1913 2183 2191 2151 1861 1258  942  568  368  346  599
667A Lytt  201006242 1192 1658 1766 2070 2061 1682 1241  819  614  205  401  621
667A Lytt  201006251  920 1566 1891 2022 2199 2036 1608 1190  771  431  198  505
667A Lytt  201006252  712 1177 1651 1879 1933 2054 1555 1124  806  483  368  389
667A Lytt  201006261  709 1160 1646 1968 2276 2262 2137 1685 1248  839  444  540
667A Lytt  201006262  614 1002 1475 1839 2114 2235 1986 1725 1429  760  642  506
667A Lytt  201006271  671  980 1388 1857 2254 2377 2362 2174 1641 1253  820  706
667A Lytt  201006272  662  927 1216 1602 2028 2246 2183 2057 1738 1253  971  645
667A Lytt  201006281  559  891 1132 1677 2048 2316 2319 2312 2098 1366 1088  977
667A Lytt  201006282  513  720 1032 1334 1726 2168 2151 2169 2117 1442 1238  927
667A Lytt  201006291  658  683  936 1306 1725 2107 2292 2336 2183 1800 1396 1054
667A Lytt  201006292  773  654  841 1026 1436 1854 2031 2127 2160 1803 1437 1143
667A Lytt  201006301  799  647  770 1023 1385 1807 2146 2272 2296 1948 1644 1278
667A Lytt  201006302  926  743  650  847 1190 1555 1774 2048 2173 1921 1682 1425
667A Lytt  201007011 1032  732  708  843 1138 1489 1860 2101 2263 2142 1792 1572
667A Lytt  201007012 1314  762  785  682  929 1253 1500 1935 2108 1973 1921 1609
667A Lytt  201007021 1257  955  720  752  889 1225 1527 1880 2007 2046 2030 1689
667A Lytt  201007022 1408 1103  713  691  766  980 1260 1639 1992 1980 2121 1889
667A Lytt  201007031 1497 1274  964  818  849 1023 1323 1521 1969 2075 2002 2006
667A Lytt  201007032 1652 1394  942  835  678  821 1092 1333 1748 1908 2166 2013
667A Lytt  201007041 1687 1562 1090  793  929  838  950 1422 1600 1798 2033 1921
667A Lytt  201007042 1870 1543 1168  965  697  726  768 1119 1538 1799 1987 2160
667A Lytt  201007051 1951 1730 1366 1163  965  690  852 1162 1311 1594 1895 2076
667A Lytt  201007052 1983 1763 1528 1093  873  712  558  869 1207 1453 1851 1994
667A Lytt  201007061 2022 1935 1586 1230 1118  718  653  849 1114 1250 1598 1966
667A Lytt  201007062 2036 1921 1711 1358 1003  785  531  677  858 1163 1671 1935
667A Lytt  201007071 2083 2161 1875 1622 1307  920  820  617  864 1131 1302 1771
667A Lytt  201007072 2093 2043 1947 1705 1342  984  645  614  696  938 1438 1621
667A Lytt  201007081 2087 2307 2069 1910 1802 1117 1012  807  744  870 1146 1703
667A Lytt  201007082 1978 2211 2257 2070 1751 1340  867  759  650  770 1149 1444
667A Lytt  201007091 1817 2266 2293 2165 2099 1684 1029  785  813  383  710 1297
667A Lytt  201007092 1518 1794 2211 2109 1852 1622 1078  689  377  491  544  890
667A Lytt  201007101 1541 1814 2144 2308 2176 1855 1428  940  613  293  423  625
667A Lytt  201007102 1055 1488 1997 2118 1951 1991 1340  759  600  245  192  406
667A Lytt  201007111  977 1465 1860 2225 2440 2056 1830 1351  671  436  233  296
667A Lytt  201007112  628 1217 1662 1985 2171 2272 1803 1319  926  439  293  133
667A Lytt  201007121  647 1036 1506 2032 2468 2367 2212 1870 1185  700  347  113
667A Lytt  201007122  291  693 1300 1730 2095 2416 2139 1753 1512  700  419  155
667A Lytt  201007131  206  594 1046 1650 2285 2467 2516 2390 1638 1216  613  338
667A Lytt  201007132  125  352  772 1343 1807 2212 2371 2197 1905 1265  832  363
667A Lytt  201007141  168  215  583 1173 1841 2226 2569 2587 2301 1774 1139  674
667A Lytt  201007142  261  284  402  850 1550 1970 2239 2630 2374 1770 1493  913
667A Lytt  201007151  377  220  362  670 1327 1882 2370 2603 2572 2238 1638 1201
667A Lytt  201007152  533  353  371  332  930 1600 1998 2260 2588 2370 1905 1348
667A Lytt  201007161  924  406  171  364  772 1318 1851 2374 2487 2363 2126 1594
667A Lytt  201007162 1108  635  266  352  448 1037 1458 2072 2385 2496 2369 1795
667A Lytt  201007171 1490  851  442  361  581  816 1389 1935 2265 2463 2370 2078
667A Lytt  201007172 1577 1094  682  287  396  687 1038 1572 2064 2370 2507 2286
667A Lytt  201007181 1868 1406  866  495  512  437  965 1345 1911 2180 2325 2362
667A Lytt  201007182 1981 1627 1032  618  459  429  711 1060 1642 2047 2319 2488
667A Lytt  201007191 2258 1848 1520  966  669  551  708 1003 1420 1770 2178 2435
667A Lytt  201007192 2229 2064 1597 1038  797  526  395  859 1258 1612 2157 2443
667A Lytt  201007201 2344 2274 1967 1400 1042  704  613  602 1073 1437 1675 2130
667A Lytt  201007202 2350 2042 1926 1524 1005  686  452  616  663 1127 1786 1953
667A Lytt  201007211 2165 2511 2087 1762 1547  958  752  601  724 1005 1314 1785
667A Lytt  201007212 2095 2250 2145 1886 1524 1014  721  555  596  822 1287 1748
667A Lytt  201007221 1948 2303 2378 2105 1815 1439  916  748  691  705  969 1559
667A Lytt  201007222 1821 2161 2258 2137 1881 1375 1011  718  574  619  951 1345
667A Lytt  201007231 1732 2146 2186 2266 2151 1606 1210  924  668  453  646 1135
667A Lytt  201007232 1337 1793 2125 2073 1984 1772 1173  863  670  434  623  966
667A Lytt  201007241 1343 1765 2133 2206 2239 1981 1472 1172  816  538  433  746
667A Lytt  201007242 1074 1529 1850 2104 2167 1909 1533 1121  882  459  536  706
667A Lytt  201007251  978 1351 1887 2155 2310 2186 1872 1557 1070  726  505  633
667A Lytt  201007252  940 1224 1690 2004 2158 2175 1896 1560 1255  813  731  673
667A Lytt  201007261  899 1265 1742 2082 2286 2306 2320 1854 1467 1159  763  764
667A Lytt  201007262  722 1088 1523 1958 2137 2315 2201 1960 1612 1068 1073  661
667A Lytt  201007271  708 1069 1496 1699 2185 2502 2250 2145 1898 1271  908  867
667A Lytt  201007272  583  821 1201 1643 1819 2068 2202 2038 1738 1360 1130  596
667A Lytt  201007281  699  816 1047 1411 1963 2181 2159 2253 1959 1494 1044  926
667A Lytt  201007282  571  539  929 1259 1549 1872 2075 2023 1819 1616 1242  816
667A Lytt  201007291  650  698  748 1110 1603 1927 2158 2108 2050 1660 1250  985
667A Lytt  201007292  650  577  549  962 1254 1562 1840 2041 1913 1674 1466  970
667A Lytt  201007301  821  599  574  797 1309 1548 1810 2166 1987 1773 1546 1202
667A Lytt  201007302  843  630  572  739  946 1333 1683 1903 1937 1841 1735 1273
667A Lytt  201007311  965  736  718  640 1012 1494 1689 1887 2080 2083 1736 1433
667A Lytt  201007312 1240  868  619  770  960 1183 1545 1906 2031 2084 2186 1636
667A Lytt  201008011 1337 1322  813  724 1048 1313 1467 1798 2077 2109 1941 1884
667A Lytt  201008012 1473 1025  885  850  631 1138 1328 1737 1905 2210 2187 1806
667A Lytt  201008021 1702 1350  969  833  878 1041 1252 1651 1901 2034 2095 2058
667A Lytt  201008022 1717 1305 1170  849  607  830 1073 1386 1697 1950 2156 2057
667A Lytt  201008031 1891 1517 1152  978  815  728 1065 1352 1532 1781 2094 2086
667A Lytt  201008032 1798 1683 1458  880  815  775  735 1183 1521 1867 2081 2212
667A Lytt  201008041 2141 1902 1502 1241 1165  694  886 1110 1416 1626 1928 2243
667A Lytt  201008042 2166 1904 1838 1293 1042  875  766  958 1222 1716 1973 2232
667A Lytt  201008051 2275 2332 1878 1579 1360  886  798  879 1102 1278 1667 2037
667A Lytt  201008052 2172 2057 1964 1654 1141  879  655  657  886 1296 1631 2002
667A Lytt  201008061 2306 2285 2246 1836 1468 1085  825  664  753  971 1206 1820
667A Lytt  201008062 2040 2141 2267 1848 1580 1122  723  693  563  888 1400 1776
667A Lytt  201008071 2094 2537 2357 2182 2072 1397 1085  740  746  614  930 1554
667A Lytt  201008072 1902 2060 2485 2358 1843 1599 1145  717  617  781  919 1407
667A Lytt  201008081 2044 2450 2521 2700 2543 1896 1532 1097  703  508  718 1111
667A Lytt  201008082 1556 2125 2455 2478 2351 2016 1548  997  568  542  534  907
667A Lytt  201008091 1418 2012 2167 2566 2694 2200 1835 1390  749  451  371  610
667A Lytt  201008092  825 1545 2045 2218 2397 2297 1704 1197  744  321  173  241
667A Lytt  201008101  716 1255 1812 2188 2539 2473 1998 1609  989  496   27  263
667A Lytt  201008102  298  794 1560 1949 2252 2395 2157 1710 1064  644  297  -30
667A Lytt  201008111  292  701 1250 1896 2431 2600 2407 2161 1585  912  408  168
667A Lytt  201008112  187  358 1019 1712 2025 2448 2534 2210 1806 1161  758  211
667A Lytt  201008121  131  372  824 1407 2141 2553 2676 2600 2300 1453 1010  667
667A Lytt  201008122  405  317  659 1355 1795 2228 2804 2684 2297 2076 1379  667
667A Lytt  201008131  502  290  309  970 1737 2139 2485 2865 2621 2129 1466 1120
667A Lytt  201008132  539  294  494  793 1213 1897 2312 2644 2633 2321 1977 1187
667A Lytt  201008141  845  536  266  514 1152 1612 1994 2567 2707 2253 1956 1550
667A Lytt  201008142  880  465  403  541  647 1268 1887 2196 2491 2605 2312 1699
667A Lytt  201008151 1156  882  416  220  686  994 1529 1925 2469 2380 2078 1970
667A Lytt  201008152 1305  836  561  461  283  826 1282 1692 2132 2552 2480 2106
667A Lytt  201008161 1697 1335  861  423  553  804 1028 1560 2082 2255 2336 2221
667A Lytt  201008162 1896 1421 1007  750  453  610  948 1451 1793 2321 2669 2480
667A Lytt  201008171 2118 1990 1455  927  873  778  844 1290 1739 2003 2367 2495
667A Lytt  201008172 2347 1892 1588 1213  692  699  728 1122 1424 1862 2338 2472
667A Lytt  201008181 2458 2214 1881 1386 1166  771  750 1080 1289 1607 2016 2433
667A Lytt  201008182 2320 2240 2042 1561 1130  917  770  818 1150 1615 2022 2234
667A Lytt  201008191 2578 2461 2218 1858 1523 1059  837  910 1007 1215 1683 2122
667A Lytt  201008192 2250 2311 2313 1773 1465 1124  767  696  803 1195 1602 1892
667A Lytt  201008201 2260 2441 2337 2093 1740 1387  964  838  725  929 1265 1645
667A Lytt  201008202 1976 2225 2302 2000 1730 1355  893  732  611  893 1172 1470
667A Lytt  201008211 1941 2240 2288 2129 2067 1494 1128  965  709  593  927 1302
667A Lytt  201008212 1655 1873 2252 2164 1867 1575 1246  801  672  728  807 1147
667A Lytt  201008221 1650 2023 2077 2352 2233 1830 1368 1122  878  503  751 1030
667A Lytt  201008222 1340 1679 2132 2109 2100 1886 1411 1049  801  699  558  899
667A Lytt  201008231 1291 1650 2006 2163 2331 2050 1675 1442  948  675  585  763
667A Lytt  201008232 1084 1387 1919 2106 2044 2130 1759 1280  972  851  601  599
667A Lytt  201008241 1078 1441 1719 2091 2341 2157 1920 1751 1177  804  719  688
667A Lytt  201008242  758 1091 1759 1903 1981 2260 1968 1549 1246 1008  664  658
667A Lytt  201008251  778 1134 1536 1935 2187 2222 2105 1993 1519 1008  890  810
667A Lytt  201008252  619  941 1524 1785 1962 2278 2200 1885 1527 1226  892  588
667A Lytt  201008261  768  906 1210 1596 2060 2192 2098 2131 1712 1270  893  646
667A Lytt  201008262  685  659 1076 1541 1797 2025 2125 2167 1716 1423 1153  775
667A Lytt  201008271  702  792 1054 1349 1767 2080 2158 2175 2029 1520 1216  867
667A Lytt  201008272  699  577  998 1259 1582 1898 2254 2128 1958 1854 1303 1047
667A Lytt  201008281  825  835  833 1194 1658 1882 2141 2362 2130 1865 1629 1183
667A Lytt  201008282  889  781  870 1036 1395 1793 2095 2177 2119 2172 1602 1273
667A Lytt  201008291 1153  814  725 1023 1393 1650 1991 2328 2190 2026 1930 1380
667A Lytt  201008292 1097  911  865  977 1188 1510 1980 2113 2223 2303 1963 1578
667A Lytt  201008301 1392 1007  767  895 1192 1384 1563 2167 2174 1947 1993 1658
667A Lytt  201008302 1213  844  886  750  693 1213 1528 1747 1972 2302 1912 1632
667A Lytt  201008311 1532 1092  709  811  779 1021 1176 1737 1911 1846 1943 1839
667A Lytt  201008312 1302 1014  843  582  503  823 1092 1392 1729 2074 2099 1792
667A Lytt  201009011 1644 1377  806  682  684  717  991 1440 1664 1840 1960 2022
667A Lytt  201009012 1635 1294 1172  859  504  616 1005 1225 1530 2092 2282 2050
667A Lytt  201009021 2104 1849 1197 1010  890  700  910 1217 1585 1720 2163 2230
667A Lytt  201009022 2046 1955 1596 1254  827  894  888 1079 1485 1962 2228 2383
667A Lytt  201009031 2425 2127 1901 1440 1030  941  852  901 1327 1711 1883 2275
667A Lytt  201009032 2418 2108 1986 1600 1142  851  734  833 1128 1530 1932 2259
667A Lytt  201009041 2431 2376 2128 1767 1347  964  616  745  780 1033 1516 1927
667A Lytt  201009042 2116 2285 2063 1804 1307  867  712  489  579 1123 1403 1758
667A Lytt  201009051 2360 2565 2241 2159 1769 1205  814  711  623  702 1171 1688
667A Lytt  201009052 1999 2263 2502 2312 1605 1397  774  537  382  830 1143 1427
667A Lytt  201009061 1934 2313 2472 2367 2041 1567 1048  638  435  461  734 1208
667A Lytt  201009062 1729 2156 2417 2439 2197 1756 1235  773  489  431  565  716
667A Lytt  201009071 1505 2224 2304 2474 2536 1965 1354  980  574   91  253  594
667A Lytt  201009072  999 1613 2196 2304 2245 2161 1484  946  516  269   14  113
667A Lytt  201009081  787 1487 1846 2210 2571 2216 1758 1283  660   53   28  148
667A Lytt  201009082  314 1021 1789 2133 2182 2449 2038 1282  839  512  -80  -90
667A Lytt  201009091  274  830 1364 2024 2403 2473 2252 1859 1264  513  298  161
667A Lytt  201009092  128  555 1379 1890 2158 2609 2498 2060 1522 1033  429  105
667A Lytt  201009101  243  420  935 1719 2224 2482 2624 2385 1894 1138  698  302
667A Lytt  201009102   93  220  802 1431 1871 2324 2665 2452 2040 1744 1012  347
667A Lytt  201009111  338  285  332 1099 1806 2101 2429 2697 2257 1708 1290  740
667A Lytt  201009112  266  313  426  862 1486 2026 2446 2655 2524 2299 1572 1083
667A Lytt  201009121  757  447  329  788 1236 1826 2208 2569 2536 2212 1916 1224
667A Lytt  201009122  814  474  411  533  993 1516 2028 2458 2557 2568 2164 1642
667A Lytt  201009131 1109  772  514  521  858 1281 1768 2196 2491 2430 2250 1806
667A Lytt  201009132 1257  977  535  564  719 1103 1597 2091 2478 2551 2563 2158
667A Lytt  201009141 1671 1245  847  546  685  950 1218 1779 2247 2332 2386 2157
667A Lytt  201009142 1766 1263  937  644  564  741 1172 1595 1979 2437 2486 2355
667A Lytt  201009151 2130 1646 1233  862  746  807  968 1365 1790 2073 2253 2425
667A Lytt  201009152 2020 1632 1371  890  623  665  848 1197 1588 2127 2268 2480
667A Lytt  201009161 2438 1995 1723 1282  873  784  887 1059 1429 1804 2155 2435
667A Lytt  201009162 2374 2112 1835 1271 1093  783  744 1055 1239 1790 2090 2421
667A Lytt  201009171 2492 2364 2107 1594 1228 1021  884  776 1226 1467 1859 2250
667A Lytt  201009172 2432 2371 2067 1863 1411 1025  938  932 1042 1580 1965 2168
667A Lytt  201009181 2443 2518 2366 2052 1827 1101  998  995  978 1203 1579 1995
667A Lytt  201009182 2218 2348 2303 2166 1635 1305 1169  799  838 1290 1413 1765
667A Lytt  201009191 2289 2316 2320 2306 1828 1517 1074  916  792  825 1189 1539
667A Lytt  201009192 1916 2108 2237 2221 1848 1506 1208  877  830  909 1203 1434
667A Lytt  201009201 1945 2364 2263 2386 2189 1723 1317 1086  974  729 1128 1459
667A Lytt  201009202 1683 2115 2334 2272 2235 1843 1485 1116  911  974  936 1251
667A Lytt  201009211 1603 2025 2170 2417 2402 1990 1715 1318 1039  798  875 1096
667A Lytt  201009212 1324 1920 2218 2232 2248 2075 1787 1261 1014  957  867 1009
667A Lytt  201009221 1436 1832 2156 2369 2439 2206 1903 1679 1180  905  889  887
667A Lytt  201009222 1129 1649 1972 2161 2391 2222 2011 1680 1201 1042  866  888
667A Lytt  201009231 1120 1521 1940 2396 2422 2354 2305 1880 1319 1051  815  699
667A Lytt  201009232  910 1209 1534 1956 2226 2093 2039 1856 1426 1026  895  749
667A Lytt  201009241  850 1123 1518 1754 2156 2333 2041 2022 1641 1003  934  722
667A Lytt  201009242  692  992 1365 1728 1977 2188 2115 1881 1698 1262  850  684
667A Lytt  201009251  737  690 1113 1566 1876 2067 2073 1903 1719 1237  948  635
667A Lytt  201009252  600  717  990 1401 1784 2039 2165 2031 1834 1538 1134  725
667A Lytt  201009261  701  725  785 1355 1688 1891 2107 2177 1864 1580 1215  754
667A Lytt  201009262  600  537  696 1038 1375 1748 2003 2037 1908 1666 1284  825
667A Lytt  201009271  659  507  588  892 1235 1600 1847 1972 2042 1731 1405 1036
667A Lytt  201009272  672  533  600  837 1159 1495 1945 2051 2042 2066 1695 1281
667A Lytt  201009281  926  756  623  769 1099 1423 1629 2027 2143 1864 1802 1402
667A Lytt  201009282  945  652  696  714  927 1328 1722 1973 2169 2267 1994 1590
667A Lytt  201009291 1304  937  604  584  832 1046 1389 1808 2025 2053 1978 1711
667A Lytt  201009292 1231  978  723  635  694  986 1378 1712 2117 2263 2108 1948
667A Lytt  201009301 1734 1133  933  779  545  874 1263 1531 1897 2081 2276 1928
667A Lytt  201009302 1571 1377  932  602  619  733 1096 1412 1798 2066 2199 2160
667A Lytt  201010011 1911 1458 1136  904  554  489  844 1051 1432 1791 1949 2013
667A Lytt  201010012 1702 1541 1105  747  429  521  574  882 1392 1829 1991 2192
667A Lytt  201010021 2159 1697 1421  957  571  394  475  710 1024 1454 1816 1995
667A Lytt  201010022 1961 1849 1381  980  600  388  341  518  893 1360 1804 2081
667A Lytt  201010031 2192 2053 1698 1368  743  429  311  329  574 1065 1464 1720
667A Lytt  201010032 2061 2027 1768 1381  955  588  250  217  547  899 1321 1864
667A Lytt  201010041 2169 2250 2056 1812 1141  688  445  133  248  653 1024 1443
667A Lytt  201010042 1962 2070 2010 1835 1333  705  454  182   20  472  889 1346
667A Lytt  201010051 1925 2280 2251 2118 1645 1099  664  254  139  182  624 1109
667A Lytt  201010052 1623 2085 2309 2223 1882 1385  799  378  163  189  441 1052
667A Lytt  201010061 1603 2028 2403 2430 2156 1731 1128  565  269  141  209  658
667A Lytt  201010062 1230 1849 2159 2456 2255 1857 1429  742  334  108  137  378
667A Lytt  201010071 1058 1611 2163 2450 2447 2187 1646 1089  505  235  149  280
667A Lytt  201010072  783 1471 1941 2354 2607 2398 1930 1387  970  448  112  340
667A Lytt  201010081  564 1161 1816 2261 2488 2526 2338 1639 1116  647  357  181
667A Lytt  201010082  502  932 1576 2192 2520 2650 2520 2061 1478  993  504  212
667A Lytt  201010091  285  673 1260 1778 2280 2591 2426 2219 1631 1048  585  273
667A Lytt  201010092  198  435 1047 1647 2030 2518 2619 2382 2042 1520  845  527
667A Lytt  201010101  329  274  679 1288 1658 2247 2522 2349 2210 1547 1029  609
667A Lytt  201010102  208  295  567 1136 1666 2100 2548 2561 2349 2023 1338  908
667A Lytt  201010111  522  369  391  827 1288 1849 2201 2406 2291 2026 1400  944
667A Lytt  201010112  516  256  272  582 1066 1529 1958 2339 2394 2220 1741 1322
667A Lytt  201010121  832  364  368  395  763 1233 1687 1977 2173 2162 1799 1303
667A Lytt  201010122  881  520  187  336  619 1073 1468 2038 2233 2232 2134 1648
667A Lytt  201010131 1232  777  448  427  404  800 1273 1607 1911 2161 2133 1583
667A Lytt  201010132 1239  988  462  306  463  801 1088 1541 2018 2151 2219 2048
667A Lytt  201010141 1601 1248  827  599  412  539  958 1258 1562 1941 2130 1959
667A Lytt  201010142 1585 1356  848  585  498  558  804 1149 1685 1841 2141 2151
667A Lytt  201010151 2004 1589 1226  884  651  416  749  998 1273 1762 2071 2037
667A Lytt  201010152 1931 1770 1317  905  706  662  605  913 1320 1739 1971 2204
667A Lytt  201010161 2260 1894 1656 1271  915  642  720  764 1157 1487 1848 2090
667A Lytt  201010162 2174 2062 1766 1376 1118  837  668  910 1166 1559 1948 2183
667A Lytt  201010171 2359 2355 1988 1632 1296  916  879  736 1030 1356 1707 2058
667A Lytt  201010172 2243 2289 2179 1861 1572 1173  928  913  949 1267 1682 1990
667A Lytt  201010181 2194 2453 2246 1996 1557 1272 1080  679  859 1121 1384 1699
667A Lytt  201010182 2039 2164 2130 2013 1672 1229 1008  845  733 1032 1257 1651
667A Lytt  201010191 2018 2237 2294 2187 1869 1476 1113  877  704  903 1123 1460
667A Lytt  201010192 1863 2144 2222 2164 1976 1579 1271  984  829  857 1069 1352
667A Lytt  201010201 1771 2066 2234 2332 2108 1722 1398 1037  755  762  922 1184
667A Lytt  201010202 1633 1973 2204 2246 2298 1985 1462 1144 1058  866  798 1177
667A Lytt  201010211 1520 1840 2117 2260 2283 1955 1698 1282  869  855  847  888
667A Lytt  201010212 1304 1867 2147 2178 2420 2245 1787 1389 1230  817  709  899
667A Lytt  201010221 1179 1565 1854 2092 2173 2045 1929 1367  955  786  643  637
667A Lytt  201010222  864 1322 1700 1984 2104 2099 1774 1461 1107  735  548  584
667A Lytt  201010231  742 1028 1487 1834 1961 2028 1891 1497 1090  844  476  367
667A Lytt  201010232  638  928 1348 1710 2042 2061 1933 1673 1387  934  638  535
667A Lytt  201010241  553  797 1108 1569 1868 1957 1969 1700 1308 1021  675  334
667A Lytt  201010242  458  718 1022 1482 1871 2133 2023 1895 1741 1168  865  563
667A Lytt  201010251  446  565  876 1256 1591 1828 1999 1947 1458 1253  912  447
667A Lytt  201010252  315  493  645 1071 1562 1870 2029 1947 1888 1502 1039  742
667A Lytt  201010261  501  378  536 1012 1253 1614 1941 1954 1776 1547 1132  722
667A Lytt  201010262  395  392  461  748 1231 1586 1934 2031 2159 1781 1350 1089
667A Lytt  201010271  668  420  408  795  988 1317 1838 2015 1875 1828 1554 1049
667A Lytt  201010272  688  503  404  518 1001 1429 1731 2023 2266 2108 1706 1490
667A Lytt  201010281 1037  608  486  560  697 1067 1559 1813 1898 2117 1864 1334
667A Lytt  201010282 1087  723  360  367  701 1034 1310 1776 2151 2121 1974 1831
667A Lytt  201010291 1244  800  546  355  352  636 1122 1394 1659 2032 2051 1520
667A Lytt  201010292 1278  962  513  185  407  567  719 1312 1846 1893 1909 1993
667A Lytt  201010301 1512 1009  633  426  154  171  725  950 1248 1812 1902 1720
667A Lytt  201010302 1583 1175  676  332  122  263  345  798 1350 1623 1913 2062
667A Lytt  201010311 1751 1384  988  588  183   91  261  568  955 1439 1834 1857
667A Lytt  201010312 1861 1539 1157  658  324  219  123  421  928 1399 1694 2125
667A Lytt  201011011 2114 1747 1491 1041  496  184  266  295  545 1215 1651 1844
667A Lytt  201011012 2139 2021 1614 1232  795  356  182  240  628 1020 1582 1996
667A Lytt  201011021 2236 2295 1899 1572 1060  528  392  248  377  805 1386 1849
667A Lytt  201011022 2089 2243 2243 1822 1358  897  431  302  426  783 1176 1844
667A Lytt  201011031 2202 2477 2414 2141 1716 1011  745  377  242  556 1032 1513
667A Lytt  201011032 1990 2398 2538 2246 1942 1540  785  535  450  555  734 1465
667A Lytt  201011041 2020 2274 2559 2660 2111 1650 1232  668  389  425  706 1148
667A Lytt  201011042 1638 2173 2545 2599 2337 2085 1420  849  685  326  469  967
667A Lytt  201011051 1521 1978 2398 2730 2509 2097 1693 1173  617  567  499  703
667A Lytt  201011052 1273 1911 2327 2542 2773 2574 1907 1425 1027  481  254  581
667A Lytt  201011061  870 1319 1915 2436 2439 2300 2157 1465  891  599  347  238
667A Lytt  201011062  611 1205 1714 2123 2571 2520 2167 1884 1349  696  454  350
667A Lytt  201011071  361  807 1390 1907 2178 2358 2301 1866 1309  908  500  202
667A Lytt  201011072  336  656 1227 1677 2262 2510 2382 2164 1829 1224  686  426
667A Lytt  201011081  355  363  907 1464 1782 2126 2301 2063 1685 1277  772  345
667A Lytt  201011082  186  349  613 1189 1713 2115 2317 2279 2084 1596 1056  682
667A Lytt  201011091  389  297  461  897 1383 1746 2131 2202 1972 1649 1157  735
667A Lytt  201011092  392  200  405  812 1225 1722 2233 2195 2264 2044 1531 1102
667A Lytt  201011101  700  514  309  672 1117 1433 1819 2204 2259 2058 1725 1169
667A Lytt  201011102  871  515  456  640 1003 1411 1924 2196 2261 2321 2029 1562
667A Lytt  201011111 1196  822  585  586  858 1124 1537 2010 2172 2165 2067 1650
667A Lytt  201011112 1162  925  609  543  743 1194 1494 1955 2216 2387 2202 1944
667A Lytt  201011121 1562 1196  817  734  661  877 1349 1630 1994 2188 2142 2002
667A Lytt  201011122 1634 1229  892  778  632  885 1253 1610 1878 2251 2263 2098
667A Lytt  201011131 1922 1525 1137  832  674  732  988 1289 1690 2046 2097 2056
667A Lytt  201011132 1919 1519 1231  918  767  776 1023 1351 1636 2098 2170 2259
667A Lytt  201011141 2066 1722 1517 1080  761  649  785  990 1313 1760 2001 2082
667A Lytt  201011142 2099 1825 1558 1242  987  822  883 1016 1389 1770 2006 2192
667A Lytt  201011151 2209 1983 1776 1373 1060  804  745  878 1132 1537 1828 2095
667A Lytt  201011152 2169 2033 1738 1504 1161  919  758  910 1096 1329 1801 2035
667A Lytt  201011161 2160 2222 1887 1637 1326  878  804  756  809 1163 1525 1819
667A Lytt  201011162 2028 2093 1977 1656 1398 1147  811  716  803 1077 1476 1701
667A Lytt  201011171 1946 2077 1939 1823 1491 1028  792  703  700  887 1246 1596
667A Lytt  201011172 1905 2001 2145 1902 1586 1423  933  870  839  850 1154 1589
667A Lytt  201011181 1892 2021 2233 2029 1751 1394 1006  738  652  774  998 1397
667A Lytt  201011182 1762 2044 2110 2145 1846 1585 1185  922  770  716  973 1193
667A Lytt  201011191 1593 1995 2060 2143 2035 1611 1216  933  689  748  769 1143
667A Lytt  201011192 1510 1821 2212 2137 2098 1964 1431 1132  921  638  749  931
667A Lytt  201011201 1345 1748 2002 2158 2216 1822 1552 1225  753  695  729  875
667A Lytt  201011202 1167 1705 2027 2111 2397 2131 1869 1476 1089  818  685  821
667A Lytt  201011211 1047 1458 1825 2158 2203 2132 1899 1473 1033  775  562  750
667A Lytt  201011212  877 1316 1785 2047 2303 2323 2013 1734 1344  878  694  641
667A Lytt  201011221  786 1097 1542 1872 2156 2231 2069 1770 1313 1020  586  586
667A Lytt  201011222  718  843 1467 1822 2207 2277 2229 2092 1554 1160  770  502
667A Lytt  201011231  570  734 1170 1507 1918 2076 2182 1916 1526 1220  750  449
667A Lytt  201011232  530  555  945 1469 1942 2137 2313 2239 1911 1449 1114  707
667A Lytt  201011241  455  597  772 1131 1614 1876 2066 2122 1853 1456 1059  650
667A Lytt  201011242  440  421  658 1057 1567 1985 2265 2352 2181 1842 1404  935
667A Lytt  201011251  623  518  475  929 1333 1589 2044 2205 2158 1898 1442  984
667A Lytt  201011252  717  337  554  668 1184 1711 2006 2262 2375 2211 1754 1375
667A Lytt  201011261  892  665  460  526  940 1316 1759 2055 2268 2089 1862 1358
667A Lytt  201011262  929  547  434  439  803 1282 1646 2146 2331 2283 2188 1732
667A Lytt  201011271 1180  871  513  412  580 1015 1302 1729 2173 2270 2049 1791
667A Lytt  201011272 1403  833  609  421  518  800 1295 1798 2034 2345 2330 1969
667A Lytt  201011281 1634 1241  662  461  511  502  864 1396 1807 2135 2241 2098
667A Lytt  201011282 1703 1212  887  507  306  494  873 1276 1678 2259 2332 2242
667A Lytt  201011291 2075 1647 1080  695  472  358  550 1019 1455 1875 2177 2317
667A Lytt  201011292 2152 1692 1387  833  475  484  514  808 1298 1812 2156 2329
667A Lytt  201011301 2316 2032 1549 1071  730  410  303  682 1085 1543 1937 2362
667A Lytt  201011302 2377 1981 1816 1292  785  459  454  438  843 1378 1774 2143
667A Lytt  201012011 2393 2267 1885 1496 1049  462  310  417  560 1018 1576 1984
667A Lytt  201012012 2254 2288 2134 1676 1257  833  483  322  451  909 1278 1843
667A Lytt  201012021 2135 2329 2148 1763 1483  825  482  298  400  565 1062 1663
667A Lytt  201012022 1948 2279 2450 2108 1697 1343  758  458  405  547  899 1344
667A Lytt  201012031 1903 2187 2302 2246 1833 1385  860  454  333  343  641 1175
667A Lytt  201012032 1714 2062 2371 2446 2062 1775 1237  773  470  393  516  925
667A Lytt  201012041 1408 1967 2211 2271 2323 1807 1329  889  585  339  500  823
667A Lytt  201012042 1327 1800 2318 2530 2509 2243 1828 1381  889  636  450  731
667A Lytt  201012051 1084 1678 2012 2374 2513 2248 1865 1425  941  599  415  548
667A Lytt  201012052  951 1463 1927 2402 2540 2577 2226 1832 1344  929  626  556
667A Lytt  201012061  804 1107 1674 2088 2426 2435 2221 1828 1393  920  696  470
667A Lytt  201012062  671 1079 1582 1981 2408 2712 2404 2247 1844 1211  840  617
667A Lytt  201012071  524  806 1276 1697 2101 2398 2399 2192 1690 1309  854  493
667A Lytt  201012072  548  674 1068 1566 2066 2443 2511 2394 2172 1647 1176  819
667A Lytt  201012081  561  612  895 1322 1812 2050 2351 2424 2047 1774 1172  877
667A Lytt  201012082  649  509  844 1177 1638 2108 2374 2405 2361 1988 1472 1172
667A Lytt  201012091  745  570  631  945 1369 1773 2109 2297 2252 1984 1587 1172
667A Lytt  201012092  830  629  646  915 1333 1765 2147 2406 2452 2192 1855 1420
667A Lytt  201012101 1088  731  682  703 1020 1453 1759 2063 2230 2164 1771 1526
667A Lytt  201012102 1216  778  781  816 1068 1434 1819 2118 2479 2369 2199 1848
667A Lytt  201012111 1412 1133  844  762  890 1170 1565 1816 2058 2253 2009 1718
667A Lytt  201012112 1400 1020  711  710  764 1062 1411 1858 2085 2231 2293 1924
667A Lytt  201012121 1682 1319  860  720  728  898 1099 1549 1851 2045 2098 2080
667A Lytt  201012122 1566 1316 1039  825  724  871 1153 1506 1805 2088 2178 2014
667A Lytt  201012131 1899 1528 1132  796  851  631  937 1314 1650 1839 2202 2217
667A Lytt  201012132 1774 1631 1261  850  725  900  869 1198 1669 1848 2055 2190
667A Lytt  201012141 2006 1761 1492 1044  936  718  635 1051 1319 1618 1819 2136
667A Lytt  201012142 1973 1753 1559 1149  926  738  756  919 1225 1499 1767 2013
667A Lytt  201012151 1989 1881 1563 1203 1026  625  613  736  971 1294 1613 1978
667A Lytt  201012152 2019 1935 1740 1420 1096  865  757  802  940 1301 1610 1796
667A Lytt  201012161 2057 2037 1798 1513 1315  875  663  687  845 1075 1446 1834
667A Lytt  201012162 1992 2099 2025 1702 1461 1209  817  799  903 1070 1351 1702
667A Lytt  201012171 2014 2081 2022 1866 1530 1131  845  797  635  929 1326 1706
667A Lytt  201012172 1883 2223 2255 1914 1809 1487 1004  918  855  900 1094 1545
667A Lytt  201012181 1796 2155 2142 2081 1887 1472 1074  829  601  768  999 1356
667A Lytt  201012182 1692 1991 2246 2209 1958 1828 1243 1042  840  752  910 1259
667A Lytt  201012191 1664 1948 2238 2296 2076 1805 1480  959  743  679  735 1100
667A Lytt  201012192 1489 1901 2195 2352 2259 2059 1697 1315  905  745  775  900
667A Lytt  201012201 1275 1724 2064 2157 2282 2104 1594 1242  862  666  572  860
667A Lytt  201012202 1175 1525 2068 2382 2324 2426 2101 1581 1201  981  806  741
667A Lytt  201012211  953 1333 1743 2008 2315 2184 1886 1611 1144  811  599  625
667A Lytt  201012212  753 1251 1705 2154 2471 2526 2317 2080 1610 1126  745  605
667A Lytt  201012221  728  984 1432 1744 2167 2348 2057 1880 1487 1063  654  464
667A Lytt  201012222  545  799 1212 1821 2241 2466 2500 2377 1833 1451 1049  542
667A Lytt  201012231  481  800 1001 1394 1987 2311 2367 2290 2074 1460 1056  728
667A Lytt  201012232  455  549 1010 1402 1886 2462 2599 2543 2421 1954 1336  969
667A Lytt  201012241  630  560  733 1234 1756 2162 2415 2560 2365 2016 1446 1011
667A Lytt  201012242  686  418  527 1000 1408 1943 2471 2522 2534 2394 1684 1337
667A Lytt  201012251  838  627  512  694 1229 1682 2076 2352 2515 2306 1794 1386
667A Lytt  201012252  964  469  419  659  910 1557 2108 2442 2575 2605 2244 1665
667A Lytt  201012261 1238  868  538  451  911 1277 1692 2181 2494 2530 2291 1906
667A Lytt  201012262 1430  847  618  464  610 1115 1607 2151 2350 2664 2493 2050
667A Lytt  201012271 1652 1365  685  393  659  882 1226 1788 2356 2522 2557 2429
667A Lytt  201012272 2116 1456 1105  805  589  871 1384 1773 2161 2565 2804 2566
667A Lytt  201012281 2060 1709 1007 1008  686  717 1027 1363 1861 2298 2543 2523
667A Lytt  201012282 2242 1812 1328  889  597  531  722 1112 1564 1977 2285 2385
667A Lytt  201012291 2218 1838 1353  878  606  434  451  674 1288 1747 1935 2396
667A Lytt  201012292 2396 1975 1739 1190  616  608  437  603 1065 1539 1943 2240
667A Lytt  201012301 2342 2251 1895 1361 1027  636  458  563  902 1383 1785 2210
667A Lytt  201012302 2496 2284 1997 1487 1096  789  541  677 1012 1489 1755 2154
667A Lytt  201012311 2452 2279 1929 1709 1229  704  569  606  689 1205 1752 9999
667A Lytt  201012312 9999 9999 9999 9999 9999 9999 9999 9999 9999 9999 9999 9999
