667A Lyttelton          New Zealand         2006 43360S 172430E 0000 3 00000R MM
667A Lytt  200601011  524  866 1320 1769 2134 2397 2373 1957 1704 1034  719  627
667A Lytt  200601012  494  894 1369 1744 2428 2579 2726 2564 2183 1772 1146  638
667A Lytt  200601021  807  521  785 1488 1842 2145 2403 2387 1951 1591 1109  775
667A Lytt  200601022  481  482  941 1446 1885 2437 2718 2766 2600 2231 1550 1090
667A Lytt  200601031  734  624  559  932 1625 2039 2237 2663 2618 2240 1649 1419
667A Lytt  200601032  839  541  802  859 1405 2076 2627 2571 2975 2770 2057 1694
667A Lytt  200601041 1294  814  739  715 1247 1669 1938 2489 2706 2507 2148 1718
667A Lytt  200601042 1238  674  474  537  894 1378 1931 2324 2530 2739 2452 1861
667A Lytt  200601051 1513 1053  634  535  724 1005 1536 2049 2291 2590 2471 1992
667A Lytt  200601052 1653 1140  670  460  589  943 1330 1879 2219 2476 2528 2185
667A Lytt  200601061 1825 1458  850  515  497  551  921 1417 1943 2223 2383 2317
667A Lytt  200601062 1933 1444  969  709  323  555  836 1237 1596 2089 2306 2239
667A Lytt  200601071 2139 1803 1219  784  624  402  545  895 1449 1780 2089 2365
667A Lytt  200601072 2212 1904 1453 1056  555  538  535  940 1179 1666 2012 2096
667A Lytt  200601081 2311 1988 1477 1158  831  392  358  625 1007 1374 1769 2283
667A Lytt  200601082 2341 2209 2062 1435 1088  811  617  527  890 1279 1501 1920
667A Lytt  200601091 2209 2137 1912 1558 1183  732  431  541  563  941 1451 1859
667A Lytt  200601092 2126 2228 2112 1795 1416 1127  688  570  627  913 1108 1618
667A Lytt  200601101 2006 2008 2098 1950 1477 1073  729  509  330  741  992 1400
667A Lytt  200601102 1931 2106 2188 2073 1797 1454  916  804  514  567 1078 1128
667A Lytt  200601111 1644 2078 2110 2009 1890 1491  968  746  445  540  854  882
667A Lytt  200601112 1622 1951 2102 2206 2139 1789 1353 1034  686  660  660  872
667A Lytt  200601121 1348 1701 1991 2095 2096 1889 1313 1025  718  500  558  853
667A Lytt  200601122 1307 1627 1992 2337 2287 2054 1846 1273  893  767  575  666
667A Lytt  200601131 1065 1497 1742 2058 2205 2142 1868 1317 1090  786  497  633
667A Lytt  200601132  949 1276 1838 2108 2204 2349 2102 1758 1093  932  847  518
667A Lytt  200601141  692 1253 1499 1728 2215 2212 1918 1837 1182  949  690  638
667A Lytt  200601142  712  964 1521 1784 2144 2369 2172 1944 1708 1244  800  870
667A Lytt  200601151  831  900 1392 1801 2019 2203 2317 2036 1566 1375  859  647
667A Lytt  200601152  676  803 1078 1595 1964 2116 2215 2155 1888 1416 1148  726
667A Lytt  200601161  713  818  970 1368 1833 2059 2075 2099 1879 1462 1061  821
667A Lytt  200601162  692  622  953 1297 1646 2052 2283 2152 2106 1762 1290 1021
667A Lytt  200601171  814  795  823 1208 1575 1834 2114 2240 2046 1815 1389 1100
667A Lytt  200601172  791  604  919 1025 1479 1869 2224 2264 2138 2075 1724 1129
667A Lytt  200601181  918  981  755  868 1464 1711 1901 2188 2283 1914 1764 1398
667A Lytt  200601182 1039  677  810  820 1082 1664 1851 2119 2186 2157 1801 1389
667A Lytt  200601191 1195  870  650  789 1034 1275 1537 1934 2025 1867 1819 1443
667A Lytt  200601192 1125  747  647  731  817 1240 1669 1837 1997 2139 1960 1478
667A Lytt  200601201 1291 1013  722  596  811 1031 1254 1795 1892 1882 2008 1696
667A Lytt  200601202 1292 1003  796  628  607  947 1298 1538 1909 1940 1964 1775
667A Lytt  200601211 1386 1185  853  637  714  885 1055 1461 1777 1895 1978 1940
667A Lytt  200601212 1622 1183 1064  653  748  859 1038 1422 1670 1904 2072 1814
667A Lytt  200601221 1646 1529 1029  818  736  714  805 1249 1560 1717 1836 2089
667A Lytt  200601222 1868 1332 1246  885  566  705  864 1059 1368 1756 1806 1870
667A Lytt  200601231 1899 1563 1250 1031  802  541  742 1030 1134 1603 1910 1961
667A Lytt  200601232 1974 1741 1424 1099  868  669  726  917 1103 1617 1831 1908
667A Lytt  200601241 2077 1901 1571 1301 1030  718  852  835 1120 1485 1748 2010
667A Lytt  200601242 2291 2074 1904 1621 1293  967  836  974 1026 1402 1626 1956
667A Lytt  200601251 2069 2164 2015 1607 1256 1076  813  706  835 1235 1536 1819
667A Lytt  200601252 2195 2208 2136 1804 1515 1196  851  806  701 1042 1351 1684
667A Lytt  200601261 1902 2137 2115 1832 1564 1160  869  655  614  821 1149 1504
667A Lytt  200601262 1972 2140 2224 2000 1824 1476  939  742  634  576  956 1315
667A Lytt  200601271 1635 1961 2074 2093 1850 1405 1036  677  420  408  875 1049
667A Lytt  200601272 1540 1984 2207 2157 2062 1810 1272  878  612  487  510  854
667A Lytt  200601281 1270 1762 1980 2194 2144 1795 1403  880  551  384  385  734
667A Lytt  200601282 1106 1679 2075 2214 2299 2202 1636 1178  864  440  328  426
667A Lytt  200601291  786 1320 1765 2050 2289 2097 1788 1337  746  408  311  303
667A Lytt  200601292  666 1165 1691 2101 2376 2496 2107 1703 1212  748  367  350
667A Lytt  200601301  465  892 1429 1966 2329 2367 2286 1917 1321  836  606  241
667A Lytt  200601302  408  707 1323 1891 2275 2696 2495 2322 1882 1375  832  529
667A Lytt  200601311  477  611  934 1596 2158 2350 2563 2471 1831 1333  855  456
667A Lytt  200601312  275  390  912 1303 1895 2505 2632 2448 2366 1726 1198  639
667A Lytt  200602011  385  282  445  986 1610 1967 2376 2485 2238 1911 1353  756
667A Lytt  200602012  412  217  441  728 1367 1946 2304 2496 2482 2224 1746 1090
667A Lytt  200602021  698  412  282  593  990 1601 2058 2420 2427 2267 1826 1281
667A Lytt  200602022  807  333  355  361  765 1424 1860 2289 2429 2406 2135 1614
667A Lytt  200602031 1045  683  388  412  546 1087 1552 2050 2413 2344 2310 1870
667A Lytt  200602032 1341  869  449  410  494  811 1408 1842 2244 2417 2382 2086
667A Lytt  200602041 1513 1212  670  376  516  686 1138 1586 2057 2368 2415 2318
667A Lytt  200602042 1935 1377  994  630  449  622  920 1393 1798 2159 2311 2297
667A Lytt  200602051 1918 1568 1124  642  573  390  747 1152 1547 2028 2345 2324
667A Lytt  200602052 2217 1827 1456  940  582  597  552  953 1342 1706 2020 2273
667A Lytt  200602061 2106 1891 1554 1003  747  493  504  738 1089 1574 2024 2211
667A Lytt  200602062 2270 2182 1803 1298  988  756  491  619 1058 1296 1646 2063
667A Lytt  200602071 2186 2044 1755 1535 1047  599  575  592  649 1137 1593 1938
667A Lytt  200602072 2201 2219 2091 1787 1305 1092  668  541  791 1016 1384 1719
667A Lytt  200602081 2083 2204 2055 1968 1536 1057  690  702  508  883 1361 1659
667A Lytt  200602082 2088 2370 2288 2099 1812 1469 1027  679  753  822 1030 1443
667A Lytt  200602091 1804 1990 2137 2127 1725 1361  984  716  471  516  999 1243
667A Lytt  200602092 1625 2053 2218 1976 1980 1597 1083  817  688  499  735 1005
667A Lytt  200602101 1324 1693 1980 2005 1934 1608 1237  857  530  502  628  859
667A Lytt  200602102 1313 1592 1970 2142 2017 1857 1428  876  749  567  455  720
667A Lytt  200602111 1005 1500 1725 1982 2050 1682 1445 1195  681  607  540  782
667A Lytt  200602112  986 1408 1976 2000 2159 2280 1773 1319 1136  792  595  694
667A Lytt  200602121  969 1262 1641 2017 2164 2033 1877 1607 1027  814  690  707
667A Lytt  200602122  819 1275 1698 1944 2205 2342 2046 1706 1404  980  731  700
667A Lytt  200602131  701 1072 1395 1748 2062 2076 2018 1906 1421  989  898  700
667A Lytt  200602132  715 1042 1491 1804 2065 2405 2242 1912 1740 1308  905  813
667A Lytt  200602141  798  941 1244 1732 1932 2111 2256 2138 1708 1338 1153  859
667A Lytt  200602142  771  835 1301 1594 1879 2326 2251 2092 2044 1562 1053  939
667A Lytt  200602151  778  767  942 1398 1765 1825 2105 2190 1713 1554 1256  827
667A Lytt  200602152  707  686  944 1153 1575 1995 2032 2004 2070 1668 1242 1009
667A Lytt  200602161  709  707  720 1071 1513 1715 1929 2144 1987 1677 1522 1062
667A Lytt  200602162  706  647  892  866 1310 1834 1911 1986 2086 1887 1405 1163
667A Lytt  200602171  957  619  648  916 1188 1450 1841 2027 1859 1858 1707 1157
667A Lytt  200602172  853  682  712  583 1009 1466 1612 1808 2016 1930 1615 1391
667A Lytt  200602181 1033  726  598  706 1001 1153 1536 1844 1827 1852 1932 1367
667A Lytt  200602182 1046  814  734  571  730 1254 1391 1536 1978 1943 1612 1602
667A Lytt  200602191 1256  824  602  681  753  927 1376 1683 1798 1938 2105 1729
667A Lytt  200602192 1275 1193  866  608  743 1078 1216 1382 1952 2077 1825 1835
667A Lytt  200602201 1583 1146  857  854  807  756 1254 1579 1539 2031 2195 1954
667A Lytt  200602202 1732 1530 1166  741  840 1004  991 1321 1771 1987 1942 2129
667A Lytt  200602211 1861 1470 1198 1094  838  601 1120 1312 1452 1835 2266 2132
667A Lytt  200602212 1984 1838 1487 1102  959 1000  805 1142 1552 1806 1980 2108
667A Lytt  200602221 2119 1781 1438 1289  992  736  884 1121 1264 1715 2153 2185
667A Lytt  200602222 2275 2223 1871 1316 1241 1107  741  858 1352 1461 1672 2308
667A Lytt  200602231 2134 1860 1921 1649 1133  938  988  910 1009 1537 1971 2031
667A Lytt  200602232 2302 2382 2027 1810 1429 1044  830  553  910 1272 1298 1920
667A Lytt  200602241 2175 2078 1982 1827 1417  992  837  690  651  972 1409 1807
667A Lytt  200602242 2097 2341 2302 1997 1772 1332  885  704  738  845 1083 1530
667A Lytt  200602251 1945 2161 2172 2100 1871 1230  918  737  340  547 1073 1344
667A Lytt  200602252 1741 2230 2446 2218 2120 1800 1219  750  715  640  659 1172
667A Lytt  200602261 1694 1946 2152 2444 2173 1748 1326  928  561  349  698 1006
667A Lytt  200602262 1336 1986 2425 2327 2411 2304 1539 1093  811  573  315  737
667A Lytt  200602271 1185 1633 2053 2398 2504 2105 1798 1269  658  404  412  553
667A Lytt  200602272  678 1456 2001 2362 2491 2611 2240 1552 1296  842  487  510
667A Lytt  200602281  847 1194 1784 2380 2538 2469 2420 1845 1124  673  426  258
667A Lytt  200602282  383  877 1538 1969 2365 2683 2479 1917 1573 1036  460  350
667A Lytt  200603011  288  569 1223 1767 2178 2461 2607 2368 1689 1293  678  297
667A Lytt  200603012  247  574 1014 1562 2094 2531 2583 2381 2186 1594  918  718
667A Lytt  200603021  382  412  742 1345 1894 2288 2655 2721 2294 1858 1313  796
667A Lytt  200603022  451  352  563 1148 1567 2248 2648 2581 2637 2310 1669 1145
667A Lytt  200603031  841  586  503  971 1540 2157 2445 2842 2715 2607 2090 1541
667A Lytt  200603032  921  800  767  849 1294 1903 2357 2540 2685 2757 2085 1643
667A Lytt  200603041 1216  729  552  637  956 1484 1940 2454 2568 2450 2414 1772
667A Lytt  200603042 1321  750  663  470  586 1187 1645 1914 2296 2602 2291 1914
667A Lytt  200603051 1492 1103  636  566  650  968 1339 1841 2328 2369 2388 2335
667A Lytt  200603052 1692 1274  911  655  470  933 1191 1489 2110 2485 2354 2396
667A Lytt  200603061 2011 1546 1081  927  650  601 1210 1588 1734 2220 2559 2375
667A Lytt  200603062 2078 1845 1440 1003  855  827  985 1306 1738 2067 2329 2462
667A Lytt  200603071 2325 1997 1643 1382  881  885 1054 1233 1585 2001 2420 2520
667A Lytt  200603072 2375 2267 1932 1422 1126  992  825  906 1372 1817 1964 2325
667A Lytt  200603081 2592 2142 1895 1754 1180  937  773 1047 1189 1549 2054 2361
667A Lytt  200603082 2409 2372 2305 1778 1405 1077  942  796 1005 1430 1715 1946
667A Lytt  200603091 2369 2305 2022 1978 1444 1061  915  855  878 1219 1608 1948
667A Lytt  200603092 2119 2373 2247 1854 1655 1227  925  661  813  981 1235 1602
667A Lytt  200603101 1989 2093 2084 2115 1676 1306  994  785  700  776 1176 1581
667A Lytt  200603102 1882 2197 2323 2088 1836 1582 1094  784  804  818  988 1242
667A Lytt  200603111 1749 2010 1940 2106 1903 1463 1159  903  620  612  921 1233
667A Lytt  200603112 1495 2024 2265 2125 2089 1924 1312  934  962  837  771 1081
667A Lytt  200603121 1493 1719 1988 2247 2067 1756 1591 1131  739  697  752  925
667A Lytt  200603122 1217 1717 1942 1978 2205 1990 1518 1121  927  767  527  763
667A Lytt  200603131 1167 1418 1731 2036 2070 1820 1681 1327  884  565  709  712
667A Lytt  200603132  821 1304 1824 1901 2037 2229 1648 1253 1159  778  489  601
667A Lytt  200603141  813 1051 1516 1901 1961 1889 1922 1521  972  849  696  584
667A Lytt  200603142  665 1153 1623 1754 2056 2180 1978 1548 1390  952  617  599
667A Lytt  200603151  747  906 1196 1793 1928 1881 2126 1793 1302 1004  899  567
667A Lytt  200603152  487 1038 1314 1496 1958 2201 2069 1741 1658 1194  777  736
667A Lytt  200603161  729  722 1096 1637 1780 1931 2213 1941 1582 1332 1017  716
667A Lytt  200603162  588  893  973 1263 1879 2080 1956 2074 1863 1415 1054  830
667A Lytt  200603171  714  626  924 1368 1667 1867 2099 2071 1817 1556 1208  853
667A Lytt  200603172  554  709  786 1044 1613 1794 1950 2097 1929 1686 1293 1016
667A Lytt  200603181  729  618  716 1028 1375 1640 2001 2015 1986 1770 1441 1066
667A Lytt  200603182  767  728  610  916 1208 1601 1733 2006 1952 1807 1552 1103
667A Lytt  200603191  861  663  639  790 1115 1353 1784 1952 1913 1908 1612 1256
667A Lytt  200603192  869  728  620  732 1044 1262 1654 1922 2010 1952 1892 1456
667A Lytt  200603201 1187  839  834  817  942 1317 1730 1900 2079 2190 1979 1711
667A Lytt  200603202 1383 1096  824  820  975 1148 1407 1821 1956 2039 2086 1740
667A Lytt  200603211 1408 1167  869  815  813 1123 1444 1700 2118 2122 2163 2082
667A Lytt  200603212 1620 1366 1091  803  864  909 1118 1540 1815 1957 2049 1948
667A Lytt  200603221 1661 1292 1046  836  725  778 1122 1351 1701 2022 2068 2029
667A Lytt  200603222 1915 1521 1171  911  698  639  823 1144 1374 1791 2054 1927
667A Lytt  200603231 1853 1657 1256 1017  773  673  831 1039 1391 1789 1984 2228
667A Lytt  200603232 2090 1824 1620 1146  867  632  651  839 1156 1496 1857 2065
667A Lytt  200603241 2002 1873 1538 1265  846  564  634  674 1036 1403 1731 2135
667A Lytt  200603242 2133 2100 1831 1459 1048  694  470  440  760 1006 1393 1797
667A Lytt  200603251 1982 1926 1808 1441  993  682  459  264  609  866 1217 1676
667A Lytt  200603252 2036 2055 2030 1683 1304  896  435  342  376  578 1066 1468
667A Lytt  200603261 1748 2073 2054 1787 1437  980  533  432  292  558  829 1458
667A Lytt  200603262 1843 2057 2272 2122 1810 1361  809  501  329  316  678 1107
667A Lytt  200603271 1607 1977 2274 2234 1884 1557 1050  562  380  324  540 1004
667A Lytt  200603272 9999 9999 9999 9999 9999 9999 9999 9999 9999 9999 9999 9999
667A Lytt  200603281 9999 9999 9999 9999 9999 9999 9999 9999 9999 9999 9999 9999
667A Lytt  200603282 9999 9999 9999 9999 9999 9999 9999 9999 9999 9999 9999 9999
667A Lytt  200603291 9999 9999 9999 9999 9999 9999 9999 9999 9999 9999 9999 9999
667A Lytt  200603292 9999 9999 9999 9999 9999 9999 9999 9999 9999 9999 9999 9999
667A Lytt  200603301 9999 9999 9999 9999 9999 9999 9999 9999 9999 9999 9999 9999
667A Lytt  200603302 9999 9999 9999 9999 9999 9999 9999 9999 9999 9999 9999 9999
667A Lytt  200603311 9999 9999 9999 9999 9999 9999 9999 9999 9999 9999 9999 9999
667A Lytt  200603312  364  290  626 1168 1666 2087 2341 2464 2139 1786 1256  733
667A Lytt  200604011  360  383  468  948 1479 2031 2329 2451 2519 1993 1566 1137
667A Lytt  200604012  639  399  430  677 1196 1650 1972 2335 2307 2141 1706 1183
667A Lytt  200604021  780  512  439  561 1115 1561 1907 2353 2565 2320 2030 1705
667A Lytt  200604022 1176  743  623  602  800 1302 1681 2083 2310 2395 2102 1758
667A Lytt  200604031 1240  888  634  595  734 1246 1609 2109 2472 2524 2426 2204
667A Lytt  200604032 1700 1243  886  814  733 1001 1384 1824 2171 2414 2368 2174
667A Lytt  200604041 1688 1381 1014  697  688 1008 1300 1637 2193 2415 2521 2464
667A Lytt  200604042 2146 1722 1244 1020  815  842 1072 1452 1788 2123 2473 2294
667A Lytt  200604051 2038 1865 1263 1040  759  791 1022 1260 1764 2075 2285 2510
667A Lytt  200604052 2287 1914 1606 1284  891  729  818 1120 1345 1792 2218 2321
667A Lytt  200604061 2184 2148 1699 1259 1094  896  765 1085 1496 1708 2083 2444
667A Lytt  200604062 2390 2229 1959 1690 1275  935  865 1003 1330 1543 1986 2296
667A Lytt  200604071 2398 2293 2079 1712 1337 1133  856  887 1193 1467 1860 2225
667A Lytt  200604072 2394 2387 2317 1960 1571 1143  948  909  927 1349 1595 1903
667A Lytt  200604081 2176 2328 2113 1923 1629 1254  962  859  987 1148 1495 1917
667A Lytt  200604082 2210 2198 2366 2104 1751 1296 1058  967  793 1055 1341 1623
667A Lytt  200604091 2040 2256 2302 2186 1925 1645 1169 1010  951 1009 1321 1654
667A Lytt  200604092 1988 2288 2358 2353 2104 1628 1354 1109  834  953 1212 1373
667A Lytt  200604101 1852 2137 2221 2315 2096 1812 1473 1109  976  944  964 1346
667A Lytt  200604102 1770 1961 2223 2318 2182 1869 1454 1178  909  933  993 1259
667A Lytt  200604111 1506 2035 2299 2299 2376 2167 1688 1286 1171  879  787 1120
667A Lytt  200604112 1468 1650 2089 2278 2186 2005 1750 1449  896  897  956  801
667A Lytt  200604121 1140 1700 1944 2064 2236 2071 1819 1429 1162  830  694  853
667A Lytt  200604122 1093 1413 1729 2058 2062 1984 1710 1531 1011  732  748  712
667A Lytt  200604131  766 1241 1651 1773 1972 2132 1751 1466 1220  834  502  573
667A Lytt  200604132  786  852 1365 1781 1850 1812 1835 1559 1072  778  744  447
667A Lytt  200604141  573  936 1238 1588 1863 1994 1910 1582 1431  934  565  517
667A Lytt  200604142  619  660  997 1541 1761 1719 1971 1817 1212 1094  835  424
667A Lytt  200604151  526  729  952 1318 1719 1938 1962 1852 1647 1296  812  670
667A Lytt  200604152  617  490  832 1263 1539 1702 1972 1911 1553 1390 1060  693
667A Lytt  200604161  502  726  912 1038 1612 1939 1990 1992 1986 1617 1150  908
667A Lytt  200604162  781  531  667 1155 1424 1549 1979 2103 1846 1659 1429 1041
667A Lytt  200604171  634  786  749  857 1391 1808 1902 2125 2237 1838 1536 1301
667A Lytt  200604172 1015  640  687  956 1094 1407 1811 2078 1919 1926 1826 1215
667A Lytt  200604181  927  798  828  683 1163 1604 1701 2035 2298 2088 1821 1657
667A Lytt  200604182 1306  766  679  767  876 1118 1561 1912 1959 2075 2075 1508
667A Lytt  200604191 1143 1076  779  560  887 1333 1484 1728 2218 2217 1958 1902
667A Lytt  200604192 1629 1031  720  814  655  671 1328 1525 1700 2057 2144 1801
667A Lytt  200604201 1379 1366  861  560  704  953 1069 1514 1990 2108 2109 2226
667A Lytt  200604202 1872 1416 1072  844  588  655  941 1222 1530 1975 2216 2020
667A Lytt  200604211 1827 1722 1181  680  798  723  685 1247 1654 1872 2086 2409
667A Lytt  200604212 2140 1740 1496 1123  707  502  691  948 1174 1724 2117 2079
667A Lytt  200604221 2125 2087 1552 1050  964  664  489  963 1305 1531 2005 2387
667A Lytt  200604222 2422 2210 1993 1571  961  750  640  642  887 1405 1876 2050
667A Lytt  200604231 2333 2356 1843 1542 1161  786  339  649  865 1090 1566 2176
667A Lytt  200604232 2249 2204 2244 1840 1292  998  677  377  582 1045 1371 1855
667A Lytt  200604241 2168 2430 2258 1976 1515 1089  639  561  591  681 1255 1756
667A Lytt  200604242 2218 2325 2605 2282 1791 1252  966  616  424  786 1142 1459
667A Lytt  200604251 2028 2525 2420 2376 2320 1685 1041  873  568  461  850 1455
667A Lytt  200604252 1918 2122 2744 2771 2266 2101 1544 1000  683  774  851 1166
667A Lytt  200604261 1767 2347 2547 2507 2752 2179 1517 1052  812  339  488  901
667A Lytt  200604262 1184 1806 2149 2559 2349 2121 1716 1166  552  465  379  427
667A Lytt  200604271  900 1652 1972 2174 2587 2297 1786 1420  885  506  128  444
667A Lytt  200604272  589  998 1709 2122 2149 2209 2036 1417  858  580  293  103
667A Lytt  200604281  388  947 1385 1897 2318 2376 2152 1849 1257  759  329  315
667A Lytt  200604282  236  558 1218 1674 1862 2270 2216 1765 1470  966  506  205
667A Lytt  200604291  259  524  983 1493 2080 2325 2301 2351 1836 1196  830  504
667A Lytt  200604292  299  319  763 1268 1629 1972 2289 2080 1773 1469  866  509
667A Lytt  200604301  264  372  579  991 1713 2052 2241 2541 2206 1689 1333  968
667A Lytt  200604302  401  317  577  879 1261 1647 2079 2135 2185 1910 1376  940
667A Lytt  200605011  643  441  420  731 1320 1681 2144 2423 2394 2283 1795 1436
667A Lytt  200605012  991  540  697  606  988 1451 1862 2111 2291 2288 1862 1535
667A Lytt  200605021 1131  709  625  613 1042 1328 1801 2269 2368 2352 2197 1865
667A Lytt  200605022 1321  949  723  610  741 1067 1485 1792 2175 2230 2144 1870
667A Lytt  200605031 1425 1046  808  597  736 1096 1268 1849 2215 2241 2285 2111
667A Lytt  200605032 1762 1264  950  750  558  834 1125 1360 1857 2183 2159 2098
667A Lytt  200605041 1748 1347 1143  684  764  797 1062 1440 1697 2076 2214 2223
667A Lytt  200605042 1928 1550 1256  949  553  634  839 1047 1428 1843 2090 2022
667A Lytt  200605051 1980 1682 1289  937  854  680  832 1092 1461 1833 2040 2216
667A Lytt  200605052 2171 1912 1587 1194  753  726  734  873 1190 1595 1945 2055
667A Lytt  200605061 2077 2013 1603 1236 1084  766  715  875 1270 1357 1778 2227
667A Lytt  200605062 2122 1904 1961 1468  994  739  745  673  880 1300 1652 1832
667A Lytt  200605071 2037 2042 1817 1461 1260  897  603  755  907 1089 1372 1911
667A Lytt  200605072 2048 1870 1986 1656 1120  963  724  416  670 1018 1258 1522
667A Lytt  200605081 1905 1991 1860 1547 1545 1022  603  699  690  724 1170 1563
667A Lytt  200605082 1794 1920 1957 1738 1398 1052  855  491  451  731 1069 1263
667A Lytt  200605091 1645 2029 1879 1739 1753 1281  797  752  641  586  868 1403
667A Lytt  200605092 1650 1843 2061 2037 1626 1384 1143  668  635  747  884 1164
667A Lytt  200605101 1627 1976 1990 2070 2106 1542 1254 1104  740  588  856 1272
667A Lytt  200605102 1467 1790 2179 2166 1941 1773 1458  981  801  808  733 1125
667A Lytt  200605111 1430 1840 2071 2178 2305 1938 1591 1430  948  729  783 1092
667A Lytt  200605112 1421 1710 2165 2327 2215 2103 1735 1327 1119  932  871 1091
667A Lytt  200605121 1329 1741 2036 2259 2532 2367 1980 1794 1370  927  823 1025
667A Lytt  200605122 1111 1412 1938 2105 2006 2259 1986 1340 1267  971  676  724
667A Lytt  200605131 1023 1357 1686 2055 2360 2258 2156 1948 1449 1073  799  856
667A Lytt  200605132  779 1062 1645 1939 1991 2293 2164 1810 1553 1205  983  723
667A Lytt  200605141  878 1256 1459 1845 2431 2325 2288 2374 1890 1340 1041 1047
667A Lytt  200605142  821  927 1374 1780 1936 2233 2373 2063 1819 1434 1232  810
667A Lytt  200605151  726  969 1192 1589 2058 2306 2338 2435 2124 1598 1241 1026
667A Lytt  200605152  671  694  971 1389 1488 1877 2219 1935 1943 1641 1121  877
667A Lytt  200605161  633  567  777 1034 1648 1904 2073 2387 2084 1750 1474 1039
667A Lytt  200605162  681  544  644  837 1062 1638 1852 1876 2049 1727 1389 1095
667A Lytt  200605171  593  554  568  693 1152 1523 1854 2185 2108 2022 1737 1313
667A Lytt  200605172  832  643  559  498  839 1291 1583 1825 2119 1998 1718 1483
667A Lytt  200605181  988  691  533  529  910 1149 1560 1964 2214 2086 1978 1760
667A Lytt  200605182 1210  783  621  439  413  913 1195 1454 1870 2036 1934 1666
667A Lytt  200605191 1264  897  491  325  528  663 1057 1552 1850 2010 2115 2005
667A Lytt  200605192 1542 1166  836  500  250  563  907 1040 1583 1982 1959 1925
667A Lytt  200605201 1637 1235  890  459  493  415  661 1150 1576 1777 2135 2177
667A Lytt  200605202 1897 1610 1180  764  294  467  540  810 1277 1796 2051 2054
667A Lytt  200605211 2061 1729 1234  841  725  350  390  896 1153 1501 1923 2178
667A Lytt  200605212 2090 2037 1587 1126  696  498  389  450  953 1423 1748 2168
667A Lytt  200605221 2242 2027 1796 1258  994  474  391  548  757 1042 1623 2050
667A Lytt  200605222 2132 2212 1930 1581 1042  626  396  212  552  848 1443 1912
667A Lytt  200605231 2097 2209 2115 1646 1435  830  487  385  506  677 1080 1719
667A Lytt  200605232 2028 2118 2205 1971 1377 1030  510  281  298  528  911 1429
667A Lytt  200605241 1861 2221 2243 2035 1837 1192  799  503  297  347  719 1239
667A Lytt  200605242 1645 2020 2292 2144 1796 1446  944  403  296  276  528  960
667A Lytt  200605251 1545 1973 2164 2249 2245 1731 1222  884  474  313  400  768
667A Lytt  200605252 1278 1703 2049 2264 2144 1909 1360  837  506  366  289  575
667A Lytt  200605261 1111 1747 1944 2330 2576 2086 1859 1362  839  479  431  563
667A Lytt  200605262  854 1396 1855 2229 2265 2237 1926 1375 1002  653  357  527
667A Lytt  200605271  728 1194 1795 2206 2468 2517 2282 1933 1290  961  687  486
667A Lytt  200605272  651 1039 1584 1875 2318 2492 2174 1891 1493 1025  651  596
667A Lytt  200605281  480 1031 1326 1889 2425 2506 2509 2323 1914 1410  869  794
667A Lytt  200605282  666  670 1218 1592 1928 2364 2410 2201 1931 1454 1089  730
667A Lytt  200605291  585  748 1048 1460 2056 2346 2410 2611 2231 1722 1381  994
667A Lytt  200605292  734  560  846 1109 1615 2009 2246 2357 2207 1728 1454  913
667A Lytt  200605301  663  653  650 1078 1526 1989 2190 2390 2491 1879 1548 1209
667A Lytt  200605302  723  572  555  719 1126 1547 1834 2094 2098 1945 1580 1166
667A Lytt  200605311  785  592  395  696 1160 1401 1823 2192 2181 2015 1898 1408
667A Lytt  200605312  959  696  522  502  781 1213 1436 1803 2046 1979 1849 1502
667A Lytt  200606011 1015  790  469  506  862 1018 1410 1893 2016 2001 1991 1645
667A Lytt  200606012 1235  978  564  467  542  838 1024 1410 1854 1925 1873 1752
667A Lytt  200606021 1313  928  704  469  526  803 1112 1512 1799 1945 2014 1933
667A Lytt  200606022 1510 1256  923  572  587  582  867 1259 1599 1761 2071 1893
667A Lytt  200606031 1625 1339 1059  697  663  768  934 1384 1658 1851 2145 2120
667A Lytt  200606032 2010 1656 1296 1051  715  824  929 1138 1540 1871 2077 2186
667A Lytt  200606041 2060 1813 1523 1162 1045  880  957 1431 1608 1891 2058 2371
667A Lytt  200606042 2279 1992 1868 1421 1135  981  947 1175 1398 1752 2142 2127
667A Lytt  200606051 2267 2125 1695 1498 1318  829  872 1172 1263 1456 1872 2135
667A Lytt  200606052 2074 2053 1910 1414 1124  957  701  673 1070 1340 1674 1895
667A Lytt  200606061 2033 2082 1841 1512 1424  983  815  859  969 1218 1541 1868
667A Lytt  200606062 2005 2079 1947 1706 1275 1006  724  682  801  977 1380 1707
667A Lytt  200606071 2010 2017 1892 1780 1558 1060  934  786  674  893 1265 1536
667A Lytt  200606072 1807 1974 1960 1764 1507 1153  732  677  713  757 1033 1479
667A Lytt  200606081 1789 1989 1972 1982 1812 1277 1104  808  713  701  981 1320
667A Lytt  200606082 1663 1864 1984 1920 1748 1355  988  737  707  582  904 1262
667A Lytt  200606091 1534 1853 2122 2121 1981 1688 1347  949  741  746  650 1049
667A Lytt  200606092 1533 1664 1986 2146 1909 1765 1312  998  803  642  756  985
667A Lytt  200606101 1300 1795 1972 2200 2295 1940 1733 1238  914  799  703  776
667A Lytt  200606102 1230 1622 1901 2135 2216 2074 1644 1390 1045  771  750  990
667A Lytt  200606111 1143 1558 1976 2275 2427 2356 2189 1854 1212 1076  902  685
667A Lytt  200606112 1195 1423 1861 2221 2429 2500 2124 1847 1554 1011  863 1226
667A Lytt  200606121 1085 1361 1902 2279 2554 2609 2665 2198 1762 1397 1001  847
667A Lytt  200606122  941 1129 1522 1941 2157 2386 2274 1942 1948 1158  944  914
667A Lytt  200606131  718  984 1555 1907 2311 2622 2638 2420 2043 1609 1115  726
667A Lytt  200606132  757  782  952 1488 1847 2129 2141 2219 1947 1453 1064  821
667A Lytt  200606141  566  671  905 1411 1898 2173 2552 2509 2189 1935 1362 1029
667A Lytt  200606142  801  615  673 1129 1555 1895 2119 2308 2313 1764 1367 1175
667A Lytt  200606151  616  514  613  968 1422 1780 2222 2434 2368 2177 1750 1307
667A Lytt  200606152  982  674  457  742 1168 1585 1931 2343 2555 2105 1858 1650
667A Lytt  200606161  949  675  677  717 1020 1488 1873 2318 2515 2457 2207 1757
667A Lytt  200606162 1426  964  626  647  860 1245 1587 2035 2486 2381 2138 2050
667A Lytt  200606171 1452  921  748  514  745  987 1520 1903 2341 2453 2381 2112
667A Lytt  200606172 1778 1261  826  649  522  797 1087 1676 2104 2217 2552 2358
667A Lytt  200606181 1695 1412 1024  490  545  691 1023 1403 1891 2276 2218 2297
667A Lytt  200606182 2137 1483 1089  679  349  427  524  954 1552 1743 2188 2307
667A Lytt  200606191 1903 1710 1145  678  574  120  568  800 1182 1582 2053 2113
667A Lytt  200606192 1979 1882 1288  820  476  286  201  395  957 1327 1820 2082
667A Lytt  200606201 2142 1949 1589 1070  809  353  374  517  840 1228 1715 1976
667A Lytt  200606202 2179 2040 1840 1361  908  513  261  400  560 1028 1656 1958
667A Lytt  200606211 2253 2308 2077 1684 1392  830  516  587  548  863 1322 1818
667A Lytt  200606212 2090 2181 2189 1813 1297 1084  436  308  456  630 1071 1645
667A Lytt  200606221 2046 2225 2242 2191 1782 1235  935  581  475  577  869 1333
667A Lytt  200606222 1777 2099 2180 2039 1807 1432  734  565  377  326  832 1121
667A Lytt  200606231 1599 2125 2210 2168 2238 1626 1151  833  530  376  341  921
667A Lytt  200606232 1342 1616 2089 2094 1899 1737 1244  685  496  309  338  699
667A Lytt  200606241 1184 1604 2005 2265 2267 1978 1575 1208  717  297  366  506
667A Lytt  200606242  784 1345 1773 1909 2117 1970 1452 1042  794  342  125  500
667A Lytt  200606251  765 1157 1659 2108 2277 2059 2012 1530  947  594  422  277
667A Lytt  200606252  501  958 1357 1649 2005 2186 1722 1461 1193  519  304  268
667A Lytt  200606261  424  764 1303 1735 2137 2119 2175 1879 1288  970  535  340
667A Lytt  200606262  332  684  932 1380 1762 2032 1865 1795 1540  850  618  416
667A Lytt  200606271  231  462 1038 1339 1760 2136 2249 2030 1735 1318  814  565
667A Lytt  200606272  326  454  613 1183 1507 1880 1917 2018 1796 1256  985  608
667A Lytt  200606281  414  330  723 1020 1497 1925 2176 2139 2030 1686 1153  855
667A Lytt  200606282  534  397  526  847 1275 1509 1920 2083 1959 1620 1384  909
667A Lytt  200606291  618  406  517  766 1306 1555 1947 2190 2084 1977 1542 1150
667A Lytt  200606292  831  533  514  595  956 1390 1585 1978 2071 1799 1649 1284
667A Lytt  200606301  789  646  483  568  996 1311 1641 2006 2061 2012 1757 1381
667A Lytt  200606302 1081  750  527  550  736 1146 1401 1674 2057 1908 1808 1522
667A Lytt  200607011 1212  813  501  653  754 1052 1447 1741 2061 2103 1852 1695
667A Lytt  200607012 1372  991  728  588  610  991 1120 1428 1883 2013 1920 1834
667A Lytt  200607021 1573 1126  829  718  785  840 1212 1571 1851 1941 1980 2024
667A Lytt  200607022 1545 1288 1058  619  622  791 1023 1179 1676 1948 2038 2009
667A Lytt  200607031 1724 1442 1134  925  771  794 1053 1375 1602 1974 2030 2131
667A Lytt  200607032 2038 1616 1343  942  806  929  901 1086 1651 1817 2095 2196
667A Lytt  200607041 2130 1843 1410 1292 1030  880 1017 1232 1382 1830 1982 2030
667A Lytt  200607042 2039 1977 1415 1325  967  775  656  919 1183 1509 1679 1977
667A Lytt  200607051 2154 1836 1643 1384 1102  810  830  800  983 1432 1660 1895
667A Lytt  200607052 1887 1853 1679 1322 1092  832  559  586 1099 1105 1545 1933
667A Lytt  200607061 2026 2013 1867 1485 1201 1072  808  730  846 1218 1414 1683
667A Lytt  200607062 2073 2069 1840 1687 1380  958  719  746  827  974 1410 1854
667A Lytt  200607071 2007 2101 2161 1970 1588 1329 1121  834  748 1131 1261 1632
667A Lytt  200607072 1940 2205 2114 1992 1763 1273  940  877  897  804 1291 1733
667A Lytt  200607081 1931 2181 2414 2264 2001 1680 1412  981  974  939 1095 1445
667A Lytt  200607082 1755 2208 2201 2180 1946 1784 1187  830  945  691  956 1353
667A Lytt  200607091 1728 2039 2312 2389 2331 1868 1484 1227  830  662  762 1089
667A Lytt  200607092 1414 1874 2093 2218 2195 1906 1492 1091  993  588  730  968
667A Lytt  200607101 1287 1770 2156 2274 2487 2166 1825 1486  994  709  547  808
667A Lytt  200607102  947 1453 1959 2017 2200 2292 1666 1329 1107  629  551  616
667A Lytt  200607111  940 1371 1807 2215 2480 2390 2302 1828 1325  994  527  646
667A Lytt  200607112  677 1070 1615 1997 2210 2428 2142 1791 1465  879  754  482
667A Lytt  200607121  778  973 1463 2016 2436 2592 2444 2384 1722 1235  865  593
667A Lytt  200607122  616  687 1266 1596 2016 2436 2422 2289 1712 1351  927  514
667A Lytt  200607131  434  738  948 1467 2246 2385 2562 2609 2270 1622 1150  803
667A Lytt  200607132  448  375  681 1052 1543 2005 2189 2237 2074 1625 1181  660
667A Lytt  200607141  323  297  407  838 1437 1991 2203 2370 2453 1793 1415 1019
667A Lytt  200607142  468  254  307  537 1012 1508 1915 2186 2145 1991 1546  918
667A Lytt  200607151  632  252   92  354  854 1302 1810 2103 2381 2090 1637 1347
667A Lytt  200607152  796  286  191  207  492  974 1418 1861 2111 2085 1975 1379
667A Lytt  200607161  923  555  166   91  402  840 1256 1765 2169 2061 1925 1812
667A Lytt  200607162 1131  685  384  214   95  505  976 1432 1845 2129 2192 1807
667A Lytt  200607171 1521  970  554  296  358  473  915 1418 1741 2094 2074 2099
667A Lytt  200607172 1721 1294  854  363  322  326  597 1047 1674 1907 2308 2269
667A Lytt  200607181 1916 1668 1103  745  450  384  621 1075 1456 1826 2144 2135
667A Lytt  200607182 2179 1823 1368  932  604  454  347  694 1299 1708 2010 2320
667A Lytt  200607191 2402 2028 1653 1330  916  496  552  750 1046 1556 1893 2076
667A Lytt  200607192 2383 2089 1849 1392  927  657  385  542  937 1244 1777 2193
667A Lytt  200607201 2362 2406 2135 1701 1344  856  657  597  835  971 1405 1902
667A Lytt  200607202 2204 2284 2127 1915 1321  933  718  574  547 1009 1402 1776
667A Lytt  200607211 2129 2473 2400 2041 1864 1324  922  777  721  815 1105 1578
667A Lytt  200607212 2027 2184 2362 2321 1815 1429 1030  585  600  659 1114 1370
667A Lytt  200607221 1841 2393 2283 2298 2242 1768 1160  922  748  424  772 1190
667A Lytt  200607222 1472 1884 2279 2214 1980 1776 1251  834  520  643  678  986
667A Lytt  200607231 1499 1979 2189 2473 2421 2009 1697 1217  857  578  629  782
667A Lytt  200607232 1180 1651 1956 2163 2161 2033 1656 1089  957  551  481  786
667A Lytt  200607241 1075 1563 1965 2263 2405 2258 1923 1590 1003  763  500  636
667A Lytt  200607242  839 1196 1705 1980 2107 2256 1822 1422 1186  610  570  406
667A Lytt  200607251  675 1147 1551 1854 2364 2307 1943 1871 1331  749  580  543
667A Lytt  200607252  440  770 1288 1565 1768 2207 1900 1587 1363  828  588  350
667A Lytt  200607261  493  669 1115 1549 2029 2081 2132 2010 1518  999  647  554
667A Lytt  200607262  270  535  878 1319 1419 1990 2036 1709 1546 1077  769  405
667A Lytt  200607271  368  417  831 1201 1726 1911 2151 2123 1748 1446  761  708
667A Lytt  200607272  434  373  620 1073 1301 1629 1912 1898 1729 1369 1148  541
667A Lytt  200607281  404  533  543  797 1469 1772 1805 2166 1971 1549 1132 1052
667A Lytt  200607282  468  412  555  873  988 1519 1804 1874 2025 1667 1415  873
667A Lytt  200607291  723  572  523  636 1251 1541 1720 2080 2162 1778 1456 1268
667A Lytt  200607292  779  534  602  763  837 1353 1679 1840 1993 1938 1723 1232
667A Lytt  200607301 1093  800  572  723 1086 1353 1635 2145 2107 2034 1895 1532
667A Lytt  200607302 1103  969  769  711  801 1346 1426 1732 2128 2072 2033 1743
667A Lytt  200607311 1294 1110  829  735 1026 1203 1454 1782 2100 2022 1941 1909
667A Lytt  200607312 1382 1089  860  844  616 1022 1336 1485 1807 2081 2056 1857
667A Lytt  200608011 1572 1274  976  693  853  842 1283 1500 1819 1955 1946 2022
667A Lytt  200608012 1495 1345 1203  693  687  980  981 1357 1780 1896 2095 2080
667A Lytt  200608021 1810 1562 1308  964  945  724 1128 1454 1564 1881 2032 2076
667A Lytt  200608022 1915 1615 1450 1115  732  882  966 1132 1492 1816 2031 2109
667A Lytt  200608031 2016 1818 1457 1115 1042  727  850 1120 1278 1600 1692 2015
667A Lytt  200608032 2019 1606 1513 1222  766  705  579  848 1081 1357 1804 1815
667A Lytt  200608041 1997 1982 1501 1319 1006  725  628  781  952 1219 1387 1881
667A Lytt  200608042 1862 1737 1690 1405  822  747  617  449  725 1169 1480 1645
667A Lytt  200608051 1969 2049 1794 1473 1256  921  606  632  741  849 1145 1576
667A Lytt  200608052 1837 1787 1844 1673 1170  835  724  495  460  939 1269 1456
667A Lytt  200608061 1927 2285 1980 1843 1869 1243  873  816  676  748  982 1634
667A Lytt  200608062 1753 2008 2316 2057 1587 1453 1097  672  613  856 1144 1425
667A Lytt  200608071 1932 2280 2348 2294 2293 1787 1409 1206  908  757  911 1440
667A Lytt  200608072 1770 2131 2393 2487 2176 1927 1485 1024  802  646  882 1215
667A Lytt  200608081 1569 2142 2415 2487 2613 2221 1716 1417  917  595  565  947
667A Lytt  200608082 1187 1702 2164 2252 2295 2194 1604 1195  793  539  403  544
667A Lytt  200608091 1066 1509 1963 2348 2540 2382 2028 1564 1047  692  288  472
667A Lytt  200608092  718 1058 1739 2147 2196 2373 2054 1427 1119  585  434  252
667A Lytt  200608101  523 1089 1539 1993 2574 2503 2286 2142 1476  843  551  322
667A Lytt  200608102  368  671 1301 1852 2057 2468 2374 2065 1597 1030  617  288
667A Lytt  200608111  263  647 1096 1545 2230 2532 2474 2450 2028 1374  859  622
667A Lytt  200608112  242  453  893 1353 1821 2366 2479 2480 2111 1613 1124  655
667A Lytt  200608121  388  448  594 1099 1813 2224 2523 2705 2516 2018 1366 1065
667A Lytt  200608122  541  299  592  989 1355 2045 2391 2579 2504 2204 1743 1024
667A Lytt  200608131  708  460  405  733 1318 1807 2205 2607 2672 2244 1851 1623
667A Lytt  200608132  863  510  475  600  865 1508 1999 2258 2596 2597 2233 1677
667A Lytt  200608141 1213  880  439  353  938 1305 1578 2217 2563 2316 2165 1957
667A Lytt  200608142 1295  727  619  400  362  898 1434 1705 2183 2542 2253 1918
667A Lytt  200608151 1543 1030  526  300  405  643  929 1579 1963 1919 2209 2036
667A Lytt  200608152 1473 1065  733  341   42  450  763 1073 1621 2104 2218 2069
667A Lytt  200608161 1866 1517  856  601  409  336  614 1107 1383 1773 2013 2116
667A Lytt  200608162 1841 1430 1180  618  253  407  299  698 1272 1658 2035 2288
667A Lytt  200608171 2148 1854 1469  993  735  295  544  674 1006 1430 1771 2082
667A Lytt  200608172 2164 1858 1560 1251  691  504  426  542  951 1363 1825 2106
667A Lytt  200608181 2279 2383 1892 1548 1158  827  458  644  837 1067 1487 1947
667A Lytt  200608182 2226 2140 2042 1718 1247  856  643  541  681 1087 1515 1816
667A Lytt  200608191 2243 2507 2175 1895 1723 1166  685  739  698  770 1108 1736
667A Lytt  200608192 1976 2053 2341 2123 1527 1253  943  643  440  830 1258 1378
667A Lytt  200608201 1992 2408 2203 2132 2134 1425 1012 1008  572  499  921 1437
667A Lytt  200608202 1541 1917 2425 2103 1856 1637 1168  725  632  652  811 1037
667A Lytt  200608211 1770 2089 2184 2400 2398 1729 1443 1244  851  506  818 1175
667A Lytt  200608212 1228 1913 2331 2230 2111 2106 1698 1093  886  777  758  856
667A Lytt  200608221 1429 1812 2068 2346 2448 2193 1801 1635 1003  689  746  826
667A Lytt  200608222 1107 1560 1999 2160 2196 2166 1851 1396 1024  733  561  645
667A Lytt  200608231  987 1353 1719 2056 2405 2056 1877 1676 1105  711  501  608
667A Lytt  200608232  682 1016 1532 1891 1915 2062 2003 1507 1097  838  680  326
667A Lytt  200608241  678 1076 1365 1752 2167 2196 1945 1892 1413  910  572  698
667A Lytt  200608242  460  775 1334 1618 1831 2033 2162 1630 1439 1150  735  501
667A Lytt  200608251  647  768 1178 1546 1958 2146 2126 2075 1621 1140  864  626
667A Lytt  200608252  565  598 1032 1456 1738 1930 2143 2086 1688 1373 1085  721
667A Lytt  200608261  587  751  860 1355 1722 2044 2191 2123 1913 1600 1071  874
667A Lytt  200608262  749  522  910 1232 1428 1812 2091 2062 1911 1668 1214  834
667A Lytt  200608271  682  720  601  973 1571 1672 1884 2209 1903 1567 1351 1009
667A Lytt  200608272  677  548  689  917 1194 1584 1822 2031 1877 1821 1522 1012
667A Lytt  200608281  876  685  622  777 1308 1531 1735 2071 2048 1850 1564 1155
667A Lytt  200608282  954  612  720  782 1003 1341 1638 1837 1997 1974 1702 1297
667A Lytt  200608291 1015  850  600  714  927 1349 1464 1849 2001 1845 1663 1476
667A Lytt  200608292 1175  727  730  771  783 1085 1556 1766 1846 2053 1963 1526
667A Lytt  200608301 1389 1105  735  631  944  984 1156 1674 1886 1702 1865 1658
667A Lytt  200608302 1323  946  907  731  622 1000 1223 1496 1711 1997 2145 1770
667A Lytt  200608311 1572 1551  925  780  954  980 1052 1591 1848 1871 1911 1946
667A Lytt  200608312 1603 1246 1137  842  611  788 1055 1206 1462 2034 1970 1782
667A Lytt  200609011 1826 1612 1115  932  910  757  732 1277 1637 1575 1994 2123
667A Lytt  200609012 1809 1526 1418 1007  637  815  930 1052 1247 1855 2032 2020
667A Lytt  200609021 2073 2029 1486 1255 1089  946  552 1016 1430 1428 1753 2114
667A Lytt  200609022 2003 1674 1689 1333  734  801  769  636  960 1588 1676 1893
667A Lytt  200609031 2230 2035 1702 1511 1277  744  613  852  949 1083 1575 1949
667A Lytt  200609032 2051 1958 1965 1602 1164  844  727  679  741 1239 1548 1785
667A Lytt  200609041 2151 2358 1995 1822 1566 1047  721  727  754  785 1288 1711
667A Lytt  200609042 1895 2051 2195 1912 1329 1053  857  398  358  864 1115 1292
667A Lytt  200609051 1952 2376 2108 2182 1959 1367  962  780  532  398  882 1310
667A Lytt  200609052 1598 2012 2338 2130 1786 1466 1087  575  357  611  646 1057
667A Lytt  200609061 1699 2100 2139 2524 2271 1717 1353  913  501  206  479  709
667A Lytt  200609062 1212 1736 2134 2269 2141 1799 1397  787  377  341  220  509
667A Lytt  200609071 1136 1673 1985 2425 2466 2174 1741 1282  714  295  214  362
667A Lytt  200609072  734 1340 1922 2240 2354 2202 1905 1263  798  479  184  231
667A Lytt  200609081  608 1198 1660 2183 2510 2360 2180 1731 1097  564  303  180
667A Lytt  200609082  228  804 1486 1920 2204 2439 2296 1869 1296  800  530   23
667A Lytt  200609091  247  647 1153 1717 2272 2405 2365 2212 1638  991  523  234
667A Lytt  200609092   99  281  830 1489 1868 2272 2461 2162 1784 1371  696  270
667A Lytt  200609101  188  255  616 1137 1698 2168 2325 2414 2115 1446 1008  524
667A Lytt  200609102   86  139  381  927 1432 1907 2397 2382 2227 1975 1327  714
667A Lytt  200609111  458  269  172  707 1214 1660 2130 2491 2295 2047 1626  924
667A Lytt  200609112  565  217  274  453  944 1453 2007 2404 2383 2380 1932 1242
667A Lytt  200609121  967  567  391  320  872 1347 1662 2221 2488 2197 1962 1542
667A Lytt  200609122 1048  482  473  248  649 1005 1497 2041 2366 2509 2317 1872
667A Lytt  200609131 1494 1029  510  459  565  805 1244 1728 2058 2123 2357 1827
667A Lytt  200609132 1399 1078  660  334  409  538 1003 1509 1912 2190 2350 2172
667A Lytt  200609141 1762 1456  847  701  301  594  859 1105 1661 1987 2146 2069
667A Lytt  200609142 1822 1375 1104  570  478  338  631  970 1480 1987 2096 2248
667A Lytt  200609151 2228 1746 1289  953  622  429  527  765 1189 1576 1873 2114
667A Lytt  200609152 2065 1784 1528 1027  691  532  552  691 1092 1646 1953 2234
667A Lytt  200609161 2417 2132 1812 1517  899  820  650  743 1020 1182 1772 2067
667A Lytt  200609162 2161 2154 1936 1514 1113  774  598  626  741 1263 1720 1909
667A Lytt  200609171 2337 2451 2115 1867 1569  995  745  756  758  912 1313 1844
667A Lytt  200609172 2086 2085 2197 1876 1407 1037  810  613  613  994 1224 1606
667A Lytt  200609181 2201 2253 2183 2192 1707 1282 1021  696  645  649 1070 1367
667A Lytt  200609182 1722 2083 2068 2127 1688 1344 1061  727  602  776 1016 1202
667A Lytt  200609191 1806 2147 2180 2180 1964 1721 1209  776  767  633  801 1098
667A Lytt  200609192 1634 1863 2163 2244 2006 1682 1312  911  635  693  766  949
667A Lytt  200609201 1443 1952 2091 2168 2198 1873 1598  985  780  623  601  889
667A Lytt  200609202 1217 1613 2038 2062 2087 1870 1593 1130  746  673  502  738
667A Lytt  200609211 1145 1692 1818 2087 2301 1958 1784 1322  955  658  482  773
667A Lytt  200609212  858 1248 1817 2075 2094 2077 1922 1452  996  870  641  554
667A Lytt  200609221  949 1450 1616 2032 2272 2087 1937 1676 1194  801  578  666
667A Lytt  200609222  756  949 1580 1934 1938 2015 2042 1642 1207 1028  688  482
667A Lytt  200609231  746 1089 1361 1779 1993 2204 1994 1833 1562  913  762  599
667A Lytt  200609232  591  813 1256 1688 1854 2043 2077 1747 1569 1094  961  483
667A Lytt  200609241  758  931  919 1575 1890 1985 2080 1957 1574 1212  902  595
667A Lytt  200609242  433  685  957 1231 1712 1844 1972 2033 1682 1445  967  683
667A Lytt  200609251  663  660  845 1301 1637 1835 2057 1917 1781 1426 1054  790
667A Lytt  200609252  616  555  798 1143 1464 1739 2016 2084 1895 1746 1259  876
667A Lytt  200609261  702  562  625  991 1276 1558 1794 1879 1821 1536 1232  883
667A Lytt  200609262  665  525  516  853 1134 1431 1758 1871 1959 1809 1433 1067
667A Lytt  200609271  850  631  530  701 1034 1349 1591 1834 1872 1655 1515 1127
667A Lytt  200609272  777  609  603  514  988 1218 1498 1788 1910 1918 1689 1357
667A Lytt  200609281 1020  772  620  674  758 1050 1561 1566 1854 1996 1691 1508
667A Lytt  200609282 1121  914  555  760  737 1000 1360 1738 1845 2033 1920 1574
667A Lytt  200609291 1417 1012  798  660  735  958 1214 1450 1805 1905 1880 1690
667A Lytt  200609292 1379 1187  751  712  728  741 1123 1473 1772 1992 2042 1940
667A Lytt  200609301 1809 1281 1120  846  690  814 1024 1297 1629 1860 1969 1964
667A Lytt  200609302 1682 1461 1138  872  723  697  967 1163 1565 1892 2109 2093
667A Lytt  200610011 2085 1706 1404 1065  752  726  794  976 1330 1667 1955 2012
667A Lytt  200610012 1883 1721 1410 1065  724  583  709  841 1144 1645 1926 2058
667A Lytt  200610021 2188 1974 1684 1287  930  643  601  731  868 1366 1689 1963
667A Lytt  200610022 2172 1942 1734 1512  952  675  637  633  820 1346 1703 1913
667A Lytt  200610031 2294 2266 1917 1701 1339  754  555  614  588  874 1464 1852
667A Lytt  200610032 2056 2235 2162 1855 1419 1078  690  518  705 1004 1360 1807
667A Lytt  200610041 2226 2425 2307 2196 1738 1317  745  543  477  544 1031 1523
667A Lytt  200610042 1845 2264 2327 2129 1867 1323  868  471  404  566  802 1289
667A Lytt  200610051 1894 2201 2434 2432 2081 1651 1136  671  365  318  520  995
667A Lytt  200610052 1447 1934 2305 2369 2092 1746 1186  672  303  295  331  722
667A Lytt  200610061 1253 1890 2251 2346 2399 2016 1455  994  432  178  269  420
667A Lytt  200610062  907 1574 2119 2258 2457 2275 1646 1171  700  340  153  315
667A Lytt  200610071  799 1368 1904 2339 2508 2477 1973 1482  950  526  195  180
667A Lytt  200610072  522 1111 1699 2272 2435 2569 2350 1817 1238  860  369  191
667A Lytt  200610081  524  884 1401 2026 2362 2495 2475 1998 1509  935  524  133
667A Lytt  200610082  357  550 1066 1884 2339 2485 2621 2437 1860 1321  883  524
667A Lytt  200610091  287  492 1087 1473 1895 2538 2624 2275 2105 1441  907  486
667A Lytt  200610092  330  372  574 1192 1885 2348 2588 2634 2486 1899 1363  971
667A Lytt  200610101  483  342  658  964 1514 1950 2389 2491 2312 1993 1499 1027
667A Lytt  200610102  475  416  376  719 1384 1830 2279 2641 2686 2379 1763 1424
667A Lytt  200610111  914  438  562  633  912 1470 1988 2226 2398 2320 1860 1418
667A Lytt  200610112 1046  513  655  404  768 1549 1813 2092 2625 2575 2151 1929
667A Lytt  200610121 1570  822  672  759  497  912 1633 1875 2016 2465 2090 1673
667A Lytt  200610122 1385  921  637  331  630  908 1132 1829 2385 2311 2360 2298
667A Lytt  200610131 1661 1266  950  661  549  671 1105 1491 1761 2203 2323 2072
667A Lytt  200610132 1777 1524 1001  723  614  719  958 1326 1896 2185 2259 2310
667A Lytt  200610141 2138 1695 1209  984  672  482  812 1062 1471 1857 2301 2183
667A Lytt  200610142 1983 2002 1341  925  792  733  596  957 1493 1849 2032 2401
667A Lytt  200610151 2370 2053 1741 1478  987  672  795  893  997 1676 2002 2092
667A Lytt  200610152 2213 2171 1778 1357 1015  866  507  747 1136 1421 1706 2196
667A Lytt  200610161 2315 2056 1965 1668 1172  773  832  660  791 1169 1613 1892
667A Lytt  200610162 2007 2183 2012 1658 1289 1063  750  532  957 1117 1328 1852
667A Lytt  200610171 2191 2109 2084 1976 1424 1014  791  721  471  868 1244 1477
667A Lytt  200610172 1776 2054 2010 1696 1524 1108  635  526  510  750  979 1383
667A Lytt  200610181 1882 2043 2000 2051 1735 1225  903  728  499  614  914 1176
667A Lytt  200610182 1563 1948 2075 1974 1752 1507  923  671  700  540  740 1276
667A Lytt  200610191 1567 1959 2125 2132 1935 1547 1207  897  632  617  814 1065
667A Lytt  200610192 1456 1843 2047 2175 1915 1775 1340  787  711  695  574  832
667A Lytt  200610201 1302 1665 1691 1691 2048 1679 1490 1014  709  592  575  705
667A Lytt  200610202 1071 1586 1796 1982 2077 1839 1589 1217  947  673  729  702
667A Lytt  200610211 1176 1577 1927 2099 2170 2100 1855 1396  916  745  683  826
667A Lytt  200610212 1023 1403 1701 2008 2186 2086 1915 1546 1161  890  610  696
667A Lytt  200610221  795 1142 1586 1782 2014 1960 1841 1504 1127  751  666  545
667A Lytt  200610222  703 1117 1486 1708 2067 2196 1866 1748 1447  957  720  676
667A Lytt  200610231  722  869 1345 1728 1866 2016 2042 1815 1331 1140  862  599
667A Lytt  200610232  678 1002 1290 1542 2027 2209 1984 1974 1812 1212  826  869
667A Lytt  200610241  678  648 1117 1531 1679 1945 2243 1822 1621 1472 1009  636
667A Lytt  200610242  703  911  875 1399 1856 2009 1956 2169 2013 1389 1203  956
667A Lytt  200610251  705  568  926 1296 1383 1795 2146 1889 1696 1751 1098  695
667A Lytt  200610252  725  632  644 1019 1526 1718 1867 2119 2075 1659 1366 1155
667A Lytt  200610261  673  615  687  872 1096 1501 1882 1818 1815 1795 1322 1051
667A Lytt  200610262  740  627  639  748 1266 1589 1705 2131 2250 1881 1730 1404
667A Lytt  200610271 1032  716  748  863  922 1332 1686 1929 1938 2042 1816 1251
667A Lytt  200610272 1143  801  661  677 1079 1307 1578 2073 2269 2137 2051 1828
667A Lytt  200610281 1329 1035  847  753  748 1149 1516 1739 1943 2141 1999 1620
667A Lytt  200610282 1455 1113  728  688  845 1044 1389 1850 2121 2198 2393 2105
667A Lytt  200610291 1695 1512 1030  850  822  830 1325 1571 1892 2270 2236 2167
667A Lytt  200610292 1808 1566 1203  757  726  764 1052 1588 1881 2268 2616 2433
667A Lytt  200610301 2181 2070 1550 1212 1007  882 1089 1278 1694 2057 2188 2275
667A Lytt  200610302 2125 1681 1415  903  748  629  648 1022 1484 1754 2091 2401
667A Lytt  200610311 2127 1974 1657 1116  790  561  536  669 1050 1509 1791 2101
667A Lytt  200610312 2061 1841 1608 1078  849  427  328  550  926 1232 1708 2043
667A Lytt  200611011 2207 2114 1788 1509  951  527  415  408  481  989 1537 1787
667A Lytt  200611012 2057 2143 1863 1437 1107  670  277  325  541  761 1272 1796
667A Lytt  200611021 2038 2236 2118 1751 1377  791  494  240  191  628 1066 1464
667A Lytt  200611022 1888 2243 2144 1879 1589  983  591  320  322  357  894 1389
667A Lytt  200611031 1793 2180 2316 2175 1812 1301  768  419  103  293  501 1069
667A Lytt  200611032 1592 1986 2276 2190 1999 1564  945  581  314  186  389  924
667A Lytt  200611041 1379 1866 2289 2353 2160 1787 1283  724  322  248  287  576
667A Lytt  200611042 1232 1787 2134 2348 2464 2057 1484 1108  691  227  280  501
667A Lytt  200611051  911 1549 2020 2340 2400 2256 1855 1157  830  360   24  296
667A Lytt  200611052  648 1381 1849 2297 2652 2468 2161 1755 1095  667  351  231
667A Lytt  200611061  530  907 1510 1949 2314 2310 2099 1807 1116  662  323  115
667A Lytt  200611062  310  714 1351 1844 2333 2562 2486 2124 1648 1210  611  371
667A Lytt  200611071  404  589  944 1688 2061 2296 2497 2247 1725 1287  896  421
667A Lytt  200611072  321  535  971 1517 2115 2571 2681 2505 2416 1743 1335  886
667A Lytt  200611081  562  624  823 1336 1767 2163 2483 2403 2240 1809 1373  999
667A Lytt  200611082  440  419  870 1047 1573 2298 2588 2637 2722 2291 1778 1243
667A Lytt  200611091  923  614  506  909 1289 1667 2144 2434 2333 2255 1809 1307
667A Lytt  200611092  882  466  541  630 1139 1622 2022 2406 2590 2464 2123 1625
667A Lytt  200611101 1209  759  573  613  845 1206 1647 2108 2281 2326 2036 1682
667A Lytt  200611102 1226  769  635  543  745 1145 1545 2042 2355 2514 2308 2078
667A Lytt  200611111 1645 1147  775  715  640  819 1316 1655 2026 2363 2285 1931
667A Lytt  200611112 1678 1291  894  711  738  893 1182 1663 2091 2344 2380 2368
667A Lytt  200611121 1956 1518 1086  828  658  683  984 1191 1718 1979 2141 2103
667A Lytt  200611122 1894 1505 1148  769  727  593  757 1305 1557 1946 2208 2248
667A Lytt  200611131 2107 1810 1414  974  774  694  705 1004 1372 1828 2074 2181
667A Lytt  200611132 2160 1946 1518 1231  956  802  679  999 1368 1737 2120 2232
667A Lytt  200611141 2258 2150 1698 1323 1125  724  702  840 1168 1490 1821 2151
667A Lytt  200611142 2305 2066 1794 1503 1104  857  712  793 1016 1290 1767 2018
667A Lytt  200611151 2147 2203 2014 1652 1411  893  706  766  863 1098 1552 1888
667A Lytt  200611152 2002 2093 2101 1637 1335 1023  764  818  667 1122 1501 1737
667A Lytt  200611161 2026 2275 2101 1898 1637 1068  893  740  774  941 1323 1618
667A Lytt  200611162 1816 1860 2007 2040 1586 1407  944  821  816  811 1114 1641
667A Lytt  200611171 1756 2178 2176 1997 1782 1396 1044  677  772  746  916 1182
667A Lytt  200611172 1816 1780 1957 2249 1854 1520 1138  945  753  698  845 1230
667A Lytt  200611181 1607 1930 2260 2168 1938 1757 1305  871  807  733  854 1069
667A Lytt  200611182 1724 1885 2199 2241 2194 1937 1451 1158  953  774  721 1014
667A Lytt  200611191 1332 1624 1868 1968 2073 1733 1358 1115  718  681  589  785
667A Lytt  200611192 1210 1510 2027 2079 2100 2094 1673 1313  984  832  660  768
667A Lytt  200611201 1043 1467 1763 1979 2206 1922 1666 1370  968  702  618  766
667A Lytt  200611202  901 1215 1795 1992 2037 2206 1957 1538 1145 1039  706  610
667A Lytt  200611211  894 1228 1454 1885 2087 2070 1918 1631 1248  838  782  619
667A Lytt  200611212  722 1028 1500 1878 2056 2245 2215 1811 1584 1168  864  623
667A Lytt  200611221  794 1007 1203 1624 1985 2000 2063 1864 1496 1134  847  537
667A Lytt  200611222  730  749 1131 1627 1910 2073 2224 2071 1837 1432 1037  845
667A Lytt  200611231  658  766 1041 1345 1824 1908 2178 2085 1832 1517 1066  882
667A Lytt  200611232  772  683  986 1408 1807 2045 2277 2351 2207 1804 1440 1105
667A Lytt  200611241  695  777  850 1073 1576 1842 2077 2130 2099 1835 1335 1107
667A Lytt  200611242  878  629  840 1130 1485 1838 2215 2326 2291 2159 1849 1238
667A Lytt  200611251 1030  877  701  964 1342 1693 1976 2176 2369 2187 1784 1455
667A Lytt  200611252 1074  723  756  859 1185 1586 1953 2275 2404 2418 2119 1766
667A Lytt  200611261 1347 1100  860  746 1092 1396 1634 2015 2386 2276 2034 1816
667A Lytt  200611262 1450  824  779  860  749 1196 1663 2031 2210 2459 2397 2033
667A Lytt  200611271 1694 1276  864  666  772  922 1284 1658 2040 2251 2253 2047
667A Lytt  200611272 1693 1300  941  729  622  876 1157 1614 2014 2260 2377 2248
667A Lytt  200611281 1974 1616 1195  754  696  617  908 1235 1738 2118 2272 2242
667A Lytt  200611282 2111 1534 1218  859  610  552  838 1264 1577 1982 2345 2345
667A Lytt  200611291 2176 2048 1389  962  920  571  563  944 1459 1794 2134 2556
667A Lytt  200611292 2392 2085 1798 1411 1004  798  761 1140 1153 1718 2223 2362
667A Lytt  200611301 2433 2389 2017 1554 1212  877  736  808 1111 1531 1986 2413
667A Lytt  200611302 2465 2339 2171 1632 1227  840  651  591  824 1163 1637 2074
667A Lytt  200612011 2345 2393 2192 1775 1435  788  550  364  526  870 1227 1751
667A Lytt  200612012 2269 2194 2244 2002 1516 1069  655  506  333  708 1171 1435
667A Lytt  200612021 1975 2365 2278 2010 1792 1236  692  364  398  509  749 1355
667A Lytt  200612022 1903 2062 2461 2329 1862 1544 1066  562  352  422  595  956
667A Lytt  200612031 1591 2004 2183 2279 2093 1678 1141  585  462  231  285  938
667A Lytt  200612032 1385 1857 2280 2484 2416 2001 1629 1111  697  453  425  727
667A Lytt  200612041 1170 1719 2084 2368 2417 2177 1640 1118  758  497  205  499
667A Lytt  200612042 1054 1423 1948 2443 2523 2349 2132 1569  972  664  397  386
667A Lytt  200612051  686 1204 1618 2078 2366 2279 2013 1652 1097  665  344  294
667A Lytt  200612052  558  921 1550 1996 2384 2527 2330 2043 1462  977  699  349
667A Lytt  200612061  336  763 1175 1542 2044 2317 2204 1924 1546  982  568  429
667A Lytt  200612062  332  547  985 1583 2077 2391 2555 2257 1990 1535  932  564
667A Lytt  200612071  430  474  804 1178 1801 2128 2184 2228 2002 1476 1108  705
667A Lytt  200612072  463  344  855 1175 1681 2229 2509 2523 2423 1942 1411 1090
667A Lytt  200612081  682  563  563  967 1478 1863 2155 2335 2306 1970 1509 1061
667A Lytt  200612082  772  392  563  743 1222 1772 2193 2405 2377 2306 1833 1377
667A Lytt  200612091  921  692  465  562 1036 1384 1655 2057 2341 2008 1802 1467
667A Lytt  200612092  948  548  493  536  818 1216 1799 2050 2181 2337 1977 1540
667A Lytt  200612101 1237  874  467  487  685  968 1265 1796 2040 2009 1997 1634
667A Lytt  200612102 1208  817  722  336  556  971 1361 1608 2054 2323 1897 1911
667A Lytt  200612111 1569 1005  728  437  598  617 1020 1368 1726 1950 2081 1859
667A Lytt  200612112 1694 1189  915  649  545  716 1051 1384 1760 2103 2198 2160
667A Lytt  200612121 1880 1601 1159  748  734  592  803 1208 1581 1815 2084 2159
667A Lytt  200612122 1848 1604 1243 1001  668  714  899 1074 1497 1861 2046 2096
667A Lytt  200612131 2050 1817 1435 1050  817  651  702  964 1263 1666 1873 2127
667A Lytt  200612132 2129 1759 1530 1239  935  713  769  936 1148 1600 1877 2003
667A Lytt  200612141 2111 2019 1612 1233 1032  743  622  737 1105 1406 1570 2088
667A Lytt  200612142 2111 1845 1855 1522 1056  864  883  696  913 1327 1642 1763
667A Lytt  200612151 2022 2145 1838 1496 1335  948  582  778  846 1092 1371 1847
667A Lytt  200612152 2030 1894 1991 1742 1235 1017  944  639  797 1060 1374 1611
667A Lytt  200612161 1899 2064 1889 1720 1570 1109  739  808  796  865 1236 1680
667A Lytt  200612162 1807 1918 2148 1857 1629 1383 1026  789  711  856 1140 1434
667A Lytt  200612171 1734 2054 2025 1973 1772 1315 1074  759  638  842  914 1240
667A Lytt  200612172 1768 1860 2010 2025 1785 1620 1118  864  695  669  827 1100
667A Lytt  200612181 1403 1804 1953 1913 1844 1519 1140  835  622  585  744  974
667A Lytt  200612182 1371 1751 1972 1977 2074 1817 1433 1131  847  667  669  904
667A Lytt  200612191 1210 1659 1922 1906 2067 1870 1464 1115  956  665  656  956
667A Lytt  200612192 1254 1503 1997 2179 2182 2147 1901 1470 1101  999  684  859
667A Lytt  200612201 1093 1481 1851 2017 2223 2096 1747 1570 1065  792  820  911
667A Lytt  200612202 1057 1466 1968 2319 2434 2542 2391 2004 1506 1243  894  635
667A Lytt  200612211  896 1180 1479 1874 2219 2176 2140 1901 1384 1105  776  669
667A Lytt  200612212  800 1050 1528 1912 2239 2536 2439 2241 1857 1402  946  757
667A Lytt  200612221  637  852 1097 1581 1879 2258 2326 2250 1791 1391  991  708
667A Lytt  200612222  712  802 1000 1683 1992 2218 2557 2421 2103 1705 1295  897
667A Lytt  200612231  698  772  816 1238 1745 2061 2195 2290 2148 1645 1260  864
667A Lytt  200612232  658  467  748 1147 1555 2009 2258 2423 2260 1946 1534 1071
667A Lytt  200612241  699  527  499  792 1226 1594 1998 2098 2142 1977 1416 1050
667A Lytt  200612242  787  394  433  700 1079 1544 1892 2357 2197 2141 1958 1219
667A Lytt  200612251  885  691  404  354  880 1169 1509 1968 2286 2050 1834 1575
667A Lytt  200612252  977  585  502  383  694 1244 1696 1971 2242 2417 2063 1639
667A Lytt  200612261 1377  972  406  381  554  906 1208 1752 2163 2212 2328 1883
667A Lytt  200612262 1451 1062  754  439  558  900 1292 1729 2139 2347 2344 2178
667A Lytt  200612271 1817 1422  951  645  611  603  946 1550 1869 2227 2398 2364
667A Lytt  200612272 1919 1576 1187  690  579  749  934 1267 1812 2183 2313 2389
667A Lytt  200612281 2244 1907 1334  913  723  474  544 1104 1482 1809 2283 2466
667A Lytt  200612282 2153 1833 1578 1028  646  592  560  789 1274 1730 1997 2313
667A Lytt  200612291 2353 2097 1766 1267  839  544  465  712  976 1508 1963 2240
667A Lytt  200612292 2435 2240 1981 1487 1051  794  581  639  895 1357 1711 2081
667A Lytt  200612301 2224 2426 2071 1697 1349  790  554  519  731 1079 1562 2051
667A Lytt  200612302 2342 2467 2272 2047 1597 1058  805  536  547  863 1238 1651
667A Lytt  200612311 2019 2345 2254 1950 1706 1111  687  424  395  583  965 1517
667A Lytt  200612312 1953 2250 2413 2257 1876 1514 1040  664  430  519  719 1131
