667A Lyttelton          New Zealand         2009 43360S 172430E 0000 3 00000R MM
667A Lytt  200901011 1149  952  836  739 1193 1592 1723 1960 2251 2045 1623 1549
667A Lytt  200901012 1168  652  734  835 1012 1381 1745 2091 2127 2198 2189 1542
667A Lytt  200901021 1362 1142  762  718  976 1311 1365 1802 2216 2287 1907 1657
667A Lytt  200901022 1536  951 1031  807  834 1378 1591 1887 2141 2456 2242 1925
667A Lytt  200901031 1666 1458  804  766  800  931 1202 1713 1834 2026 2236 1923
667A Lytt  200901032 1567 1264 1032  673  679  986 1098 1505 1889 2156 2136 2090
667A Lytt  200901041 1829 1427 1108  857  655  600  934 1250 1580 1908 2099 2084
667A Lytt  200901042 1887 1463 1227  853  684  732  777 1189 1587 1817 2060 2208
667A Lytt  200901051 2050 1628 1420 1058  682  547  835  952 1255 1835 1969 2135
667A Lytt  200901052 2288 1831 1538 1219  969  727  699  997 1347 1609 1963 2228
667A Lytt  200901061 2248 2051 1672 1331 1005  629  710  743 1003 1518 1842 2168
667A Lytt  200901062 2408 2225 2008 1701 1209 1007  740  751  988 1268 1606 2050
667A Lytt  200901071 2286 2266 2111 1696 1343  896  688  514  688 1145 1520 2006
667A Lytt  200901072 2300 2422 2394 1948 1712 1228  817  741  711  833 1336 1742
667A Lytt  200901081 2119 2374 2386 2061 1752 1305  841  656  591  737 1147 1652
667A Lytt  200901082 2100 2397 2594 2367 2156 1776 1127  855  642  610  885 1324
667A Lytt  200901091 1772 2189 2377 2367 2128 1814 1210  722  514  471  556 1091
667A Lytt  200901092 1658 2131 2497 2682 2498 2144 1530 1222  740  468  565  800
667A Lytt  200901101 1245 1839 2248 2347 2447 2185 1732 1047  656  481  201  589
667A Lytt  200901102 1086 1585 2017 2510 2616 2436 2042 1458  997  505  372  326
667A Lytt  200901111  600 1280 1753 1961 2430 2438 1981 1561  916  549  150  165
667A Lytt  200901112  452  908 1553 2103 2496 2614 2328 1905 1406  866  411  153
667A Lytt  200901121  223  681 1142 1686 2119 2404 2389 2098 1445  957  438   82
667A Lytt  200901122  206  454  862 1645 2097 2410 2608 2365 1892 1264  775  293
667A Lytt  200901131  246  267  568 1190 1748 2131 2378 2375 2066 1427  941  530
667A Lytt  200901132   50  133  503  960 1585 2222 2346 2521 2542 1725 1321  811
667A Lytt  200901141  420  220  339  696 1226 1808 2178 2390 2406 2105 1371  960
667A Lytt  200901142  569  289  229  610 1155 1673 2114 2562 2556 2324 1863 1313
667A Lytt  200901151  805  441  412  394  905 1442 1822 2300 2539 2372 2067 1584
667A Lytt  200901152 1036  675  340  420  779 1258 1756 2213 2467 2571 2463 1735
667A Lytt  200901161 1445  966  534  485  780  956 1545 2028 2306 2509 2450 2095
667A Lytt  200901162 1585 1111  862  588  575 1099 1395 1902 2215 2564 2408 2182
667A Lytt  200901171 1876 1422  965  675  740  874 1190 1524 1990 2328 2440 2376
667A Lytt  200901172 1974 1591 1191  798  678  792 1121 1544 1787 2333 2473 2288
667A Lytt  200901181 2251 1856 1346  900  858  649  804 1217 1632 1963 2282 2391
667A Lytt  200901182 2267 1910 1641 1212  791  890  958 1124 1451 1993 2081 2182
667A Lytt  200901191 2437 1979 1616 1211 1172  695  729 1118 1240 1595 2079 2287
667A Lytt  200901192 2159 2255 1840 1476 1240  915  854  923 1177 1554 1756 2032
667A Lytt  200901201 2305 2117 1828 1650 1154  866  768  828  855 1267 1724 1887
667A Lytt  200901202 2190 2200 2057 1682 1415 1118  724  819  848 1079 1423 1751
667A Lytt  200901211 1882 2110 1992 1637 1529 1076  876  704  705 1036 1240 1664
667A Lytt  200901212 1885 2037 2096 1825 1560 1414  882  733  801  827 1132 1444
667A Lytt  200901221 1709 2015 1970 1841 1614 1308  956  718  618  741 1029 1326
667A Lytt  200901222 1641 1911 2142 1959 1852 1637 1076  946  810  777  835 1241
667A Lytt  200901231 1613 1761 1989 2097 1846 1605 1266 1006  725  703  881 1087
667A Lytt  200901232 1544 1889 2026 2173 2067 1862 1487 1103  923  852  696  949
667A Lytt  200901241 1429 1632 1789 2135 2144 1820 1535 1268  868  767  806  892
667A Lytt  200901242 1245 1700 1959 2091 2208 2139 1777 1369 1167  800  785  935
667A Lytt  200901251 1017 1499 1803 1965 2012 2057 1705 1366 1065  839  645  786
667A Lytt  200901252 1000 1313 1831 1891 2228 2295 1865 1770 1268  940  787  806
667A Lytt  200901261  838 1224 1665 1862 2120 2228 2046 1733 1350 1148  799  767
667A Lytt  200901262  979 1116 1621 1984 2109 2342 2251 2003 1612 1389  856  769
667A Lytt  200901271  890 1089 1267 1852 2099 2059 2208 2089 1614 1272 1129  666
667A Lytt  200901272  827 1009 1245 1723 2077 2230 2292 2192 1758 1584 1003  764
667A Lytt  200901281  750  804  973 1426 1907 1946 2144 2155 1755 1440 1162  852
667A Lytt  200901282  621  748  993 1313 1700 2122 2237 2058 2016 1770 1073  936
667A Lytt  200901291  633  726  725 1027 1643 1746 1963 2239 1952 1615 1380 1006
667A Lytt  200901292  539  688  727  951 1389 1908 2045 1995 2224 1830 1342 1135
667A Lytt  200901301  755  607  581  835 1298 1619 1853 2115 2149 1923 1594 1329
667A Lytt  200901302  920  664  755  808 1212 1604 1974 2134 2034 2149 1809 1300
667A Lytt  200901311 1162  774  570  688  978 1267 1638 2001 2098 2102 1870 1452
667A Lytt  200901312 1152  793  723  705  865 1320 1700 1932 2257 2262 2116 1625
667A Lytt  200902011 1499 1242  753  719  881 1131 1440 1988 2186 2180 2210 1957
667A Lytt  200902012 1548 1212  968  695  761 1048 1353 1734 2101 2230 2292 1921
667A Lytt  200902021 1819 1405  997  741  809  842 1124 1632 1870 2134 2367 2200
667A Lytt  200902022 1805 1468 1268  814  612  888 1021 1320 1791 2083 2152 2170
667A Lytt  200902031 1966 1678 1292  852  764  621  847 1188 1589 1913 2218 2283
667A Lytt  200902032 2132 1820 1513 1115  715  722  780  870 1375 1724 1903 2156
667A Lytt  200902041 2192 1870 1507 1232  813  559  589  840 1071 1478 2007 2188
667A Lytt  200902042 2215 2163 1828 1356 1051  734  595  631  969 1363 1672 1900
667A Lytt  200902051 2256 2192 1755 1688 1139  637  580  533  673 1105 1579 1928
667A Lytt  200902052 2366 2301 2164 1855 1452 1093  581  582  591  905 1277 1715
667A Lytt  200902061 2045 2316 2183 1994 1591 1101  711  471  473  729 1185 1664
667A Lytt  200902062 2128 2439 2494 2373 1914 1546  970  575  533  619  857 1342
667A Lytt  200902071 1872 2155 2418 2372 2004 1523 1044  638  447  395  741 1147
667A Lytt  200902072 1634 2235 2480 2638 2250 1905 1473 1010  617  463  524  821
667A Lytt  200902081 1365 1970 2217 2397 2432 2007 1569 1064  571  368  383  735
667A Lytt  200902082 1190 1814 2322 2593 2602 2526 1999 1380 1100  595  523  576
667A Lytt  200902091  917 1606 2001 2353 2658 2478 2098 1772  893  603  391  337
667A Lytt  200902092  698 1372 1987 2334 2723 2898 2242 1956 1651  790  472  550
667A Lytt  200902101  417 1032 1637 2065 2397 2685 2514 2071 1479 1043  579  352
667A Lytt  200902102  329  765 1289 1870 2317 2630 2636 2262 1922 1241  718  413
667A Lytt  200902111  345  446  951 1609 2099 2386 2552 2437 1860 1470  970  424
667A Lytt  200902112  248  426  758 1232 1980 2381 2521 2560 2302 1765 1199  762
667A Lytt  200902121  450  412  528 1195 1693 2055 2559 2626 2303 2025 1475  952
667A Lytt  200902122  538  452  478  877 1504 1953 2404 2516 2526 2217 1636 1236
667A Lytt  200902131  786  457  487  785 1302 1700 2130 2549 2476 2296 1910 1395
667A Lytt  200902132  937  464  497  461  897 1495 1893 2243 2486 2228 1902 1422
667A Lytt  200902141 1035  690  315  473  882 1114 1597 2101 2228 2204 2184 1662
667A Lytt  200902142 1167  777  588  350  557 1027 1392 1650 2116 2251 1983 1681
667A Lytt  200902151 1427  997  462  494  656  781 1198 1766 1929 2116 2320 1986
667A Lytt  200902152 1576 1221  949  442  562  840 1104 1428 1935 2134 2068 2045
667A Lytt  200902161 1776 1282  949  794  549  565 1032 1367 1517 1991 2285 2044
667A Lytt  200902162 1891 1601 1168  713  680  760  732 1110 1581 1807 1934 2094
667A Lytt  200902171 1959 1568 1274 1073  747  605  847 1039 1220 1802 2046 1973
667A Lytt  200902172 2119 1904 1458 1157  922  785  617  883 1230 1459 1723 2019
667A Lytt  200902181 1996 1750 1531 1237  876  653  760  779  969 1390 1805 1961
667A Lytt  200902182 2093 2111 1786 1438 1203  952  710  797  988 1203 1556 1807
667A Lytt  200902191 2034 2010 1781 1580 1234  897  869  754  831 1181 1551 1796
667A Lytt  200902192 2023 2191 2016 1716 1582 1213  866  822  912 1137 1342 1693
667A Lytt  200902201 2046 2097 2029 1943 1641 1185 1124  949  842 1085 1483 1764
667A Lytt  200902202 2018 2300 2363 2080 1915 1611 1211  950  988 1015 1192 1520
667A Lytt  200902211 1898 2024 2087 2039 1944 1493 1155 1032  811  784 1199 1420
667A Lytt  200902212 1785 2041 2293 2237 1917 1873 1399  988  977  973  852 1238
667A Lytt  200902221 1641 1866 1964 2057 2128 1609 1329 1159  741  683  960 1081
667A Lytt  200902222 1334 1776 2183 2041 2031 2007 1603 1048  923  907  655  882
667A Lytt  200902231 1251 1636 1746 2092 2168 1751 1595 1296  854  641  791  876
667A Lytt  200902232 1088 1531 2002 2021 2119 2276 1709 1414 1169  812  674  749
667A Lytt  200902241  946 1331 1619 1910 2103 1975 1787 1482 1069  754  684  732
667A Lytt  200902242  835 1209 1653 1912 2080 2304 1952 1585 1351  960  659  689
667A Lytt  200902251  729  951 1474 1815 1935 2115 2006 1638 1326  904  654  592
667A Lytt  200902252  588  877 1297 1653 1977 2177 2075 1788 1505 1143  742  578
667A Lytt  200902261  552  728 1081 1546 1843 1979 2167 1814 1493 1173  767  520
667A Lytt  200902262  540  574  939 1408 1761 1942 2173 1905 1675 1400  902  576
667A Lytt  200902271  448  535  697 1147 1601 1865 2019 2121 1659 1442 1041  677
667A Lytt  200902272  491  509  673 1081 1532 1871 2021 2139 1981 1658 1284  758
667A Lytt  200902281  591  514  612  906 1417 1811 1990 2369 2136 1928 1633 1077
667A Lytt  200902282  814  624  754  975 1275 1769 2047 2096 2236 1909 1703 1195
667A Lytt  200903011  838  670  493  713 1076 1557 1890 2218 2271 2154 1963 1500
667A Lytt  200903012 1071  782  676  748  934 1510 1750 2055 2276 2239 2040 1550
667A Lytt  200903021 1227  812  596  587  872 1116 1584 1967 2090 2256 2109 1827
667A Lytt  200903022 1312  905  683  556  532  951 1371 1556 2004 2194 2108 1806
667A Lytt  200903031 1442 1069  637  544  521  858 1122 1569 1898 2161 2274 2046
667A Lytt  200903032 1684 1309  948  552  504  681  902 1217 1721 2051 2108 2064
667A Lytt  200903041 1852 1390  964  628  532  485  843 1197 1528 1985 2295 2301
667A Lytt  200903042 2035 1734 1356  870  513  639  579  927 1359 1749 2102 2224
667A Lytt  200903051 2154 1862 1412  965  855  405  648  911 1201 1670 2175 2344
667A Lytt  200903052 2360 2242 1814 1386  962  793  621  760 1035 1504 1899 2081
667A Lytt  200903061 2360 2191 1927 1548 1063  756  647  573  882 1338 1869 2282
667A Lytt  200903062 2527 2555 2309 1968 1510  971  760  644  596 1125 1657 1892
667A Lytt  200903071 2290 2569 2311 1992 1662 1164  775  605  647  899 1481 1991
667A Lytt  200903072 2286 2604 2607 2391 1978 1465  979  647  617  813 1186 1633
667A Lytt  200903081 2089 2378 2655 2379 2152 1652 1110  740  538  594  923 1518
667A Lytt  200903082 2051 2408 2703 2777 2328 1999 1529  851  672  664  736 1009
667A Lytt  200903091 1738 2106 2272 2599 2479 1933 1632 1039  635  496  639  949
667A Lytt  200903092 1445 2034 2474 2683 2650 2357 1821 1255  793  758  504  674
667A Lytt  200903101 1212 1848 2154 2470 2652 2244 2036 1609  828  698  487  746
667A Lytt  200903102  968 1555 2250 2418 2784 2778 2308 1828 1432  916  671  563
667A Lytt  200903111 1016 1273 1873 2439 2652 2621 2675 2069 1554 1086  766  613
667A Lytt  200903112  686 1163 1677 2107 2609 2720 2549 2188 1762 1273  841  623
667A Lytt  200903121  666  896 1357 2031 2320 2525 2708 2365 1968 1454 1004  618
667A Lytt  200903122  567  762 1172 1685 2173 2568 2584 2446 2171 1667 1077  820
667A Lytt  200903131  651  557  893 1503 1933 2260 2596 2555 2164 1848 1312  856
667A Lytt  200903132  526  547  668 1111 1621 2081 2288 2308 2156 1780 1298  907
667A Lytt  200903141  510  386  483  842 1369 1654 2075 2310 2144 1909 1460 1027
667A Lytt  200903142  537  390  438  493 1095 1462 1743 1998 2104 1818 1604 1058
667A Lytt  200903151  699  351  344  538  756 1290 1685 1924 2024 2065 1734 1310
667A Lytt  200903152  931  489  486  377  667 1116 1390 1738 1968 2035 1790 1368
667A Lytt  200903161 1097  631  435  531  608  918 1371 1793 1906 2031 2121 1645
667A Lytt  200903162 1282  920  662  507  625  844 1139 1558 1835 2033 2042 1722
667A Lytt  200903171 1448 1062  725  729  622  824 1241 1550 1838 2087 2120 2091
667A Lytt  200903172 1702 1326 1093  774  768  885  958 1360 1750 1942 2129 2012
667A Lytt  200903181 1853 1533 1158 1022  785  798 1146 1401 1665 2027 2177 2285
667A Lytt  200903182 1981 1743 1549 1049 1007  876  963 1224 1595 1864 2067 2236
667A Lytt  200903191 2088 1785 1585 1278  966  908 1036 1017 1498 1780 2009 2239
667A Lytt  200903192 2204 2033 1708 1445 1148  926  851  957 1147 1645 1863 1970
667A Lytt  200903201 2191 1966 1676 1510 1140  925  939  976 1200 1448 1853 2173
667A Lytt  200903202 2175 2122 2016 1722 1327 1102  954  811 1069 1437 1614 1876
667A Lytt  200903211 2160 2081 2010 1783 1453 1206 1039  973 1060 1322 1648 1958
667A Lytt  200903212 2160 2262 2169 2055 1644 1308 1067  923  873 1227 1386 1732
667A Lytt  200903221 2030 2058 2062 2028 1609 1228 1089  829  756 1037 1218 1632
667A Lytt  200903222 1953 2048 2182 2047 1726 1480  999  831  681  767 1081 1305
667A Lytt  200903231 1641 1970 1964 1990 1821 1307 1141  794  575  651  868 1124
667A Lytt  200903232 1503 1881 1981 1981 1934 1502 1082  868  524  539  680  974
667A Lytt  200903241 1321 1693 1917 1992 1844 1619 1292  804  648  475  548  821
667A Lytt  200903242 1227 1571 1873 2044 2082 1718 1260 1067  704  474  611  756
667A Lytt  200903251 1038 1479 1858 1976 1980 1962 1545 1063  793  591  436  681
667A Lytt  200903252 1002 1310 1761 2121 2077 2001 1758 1296  939  684  577  558
667A Lytt  200903261  819 1325 1730 1962 2161 2185 1923 1543 1163  786  537  616
667A Lytt  200903262  762 1121 1586 1995 2192 2227 2062 1725 1349  996  726  628
667A Lytt  200903271  775 1081 1511 1957 2232 2399 2274 1978 1554 1226  770  686
667A Lytt  200903272  679  891 1330 1869 2144 2264 2234 2060 1673 1286  881  601
667A Lytt  200903281  541  825 1122 1570 2001 2294 2409 2170 1966 1423  977  686
667A Lytt  200903282  624  609  868 1434 1809 2010 2160 2347 1954 1551 1245  812
667A Lytt  200903291  629  597  892 1281 1748 2131 2443 2410 2267 1903 1383 1094
667A Lytt  200903292  620  532  710 1015 1438 1874 2100 2293 2246 1877 1534 1142
667A Lytt  200903301  674  485  583  861 1207 1736 2123 2240 2401 2128 1736 1300
667A Lytt  200903302  894  556  549  670  958 1450 1726 2117 2151 2159 1846 1312
667A Lytt  200903311  970  600  411  510  782 1273 1722 2063 2314 2288 2109 1682
667A Lytt  200903312 1216  835  559  442  552  974 1280 1745 2083 2125 2057 1697
667A Lytt  200904011 1214  876  510  447  486  796 1216 1658 2091 2227 2252 1998
667A Lytt  200904012 1648 1226  676  548  431  511  871 1367 1659 1962 2185 2015
667A Lytt  200904021 1600 1291  891  462  304  546  711 1150 1705 1961 2152 2297
667A Lytt  200904022 1911 1533 1087  672  405  334  519  866 1350 1738 2042 2190
667A Lytt  200904031 1933 1745 1293  848  558  320  540  726 1190 1694 2050 2218
667A Lytt  200904032 2272 1982 1563 1188  720  457  280  673  934 1314 1923 2200
667A Lytt  200904041 2110 2229 1863 1264  924  616  484  543  921 1277 1825 2220
667A Lytt  200904042 2324 2392 2066 1721 1173  706  518  557  624 1029 1571 1948
667A Lytt  200904051 2171 2401 2208 1773 1363 1020  586  394  680  935 1323 1932
667A Lytt  200904052 2381 2421 2441 2242 1747 1055  799  712  389  799 1280 1668
667A Lytt  200904061 2012 2498 2429 2208 1985 1422  924  665  592  602  983 1560
667A Lytt  200904062 2075 2350 2537 2610 2188 1648 1160  876  634  545  913 1394
667A Lytt  200904071 1721 2339 2582 2423 2351 2061 1381 1010  785  623  738 1196
667A Lytt  200904072 1688 2245 2475 2695 2664 2110 1628 1247  802  720  733  988
667A Lytt  200904081 1510 2087 2390 2623 2715 2462 1987 1538 1125  781  685  958
667A Lytt  200904082 1183 1808 2233 2513 2671 2476 2087 1700 1079  810  779  694
667A Lytt  200904091  970 1683 2023 2311 2622 2651 2295 1848 1423  859  732  582
667A Lytt  200904092  819 1267 1705 2177 2436 2417 2217 1938 1358  911  750  571
667A Lytt  200904101  630 1085 1593 1902 2234 2468 2323 2071 1638 1129  745  536
667A Lytt  200904102  584  721 1211 1732 1999 2172 2244 2059 1573 1189  846  550
667A Lytt  200904111  444  700 1014 1486 1884 2192 2280 2170 1942 1420  947  640
667A Lytt  200904112  564  492  781 1297 1674 1794 2124 2139 1793 1471 1092  715
667A Lytt  200904121  407  622  695 1035 1579 1969 2077 2192 2183 1702 1255  970
667A Lytt  200904122  689  483  640  940 1335 1601 1951 2122 1993 1855 1450 1086
667A Lytt  200904131  753  713  705  886 1377 1733 1978 2240 2372 2000 1621 1346
667A Lytt  200904132 1067  593  608  839 1007 1292 1692 1993 1901 1936 1768 1231
667A Lytt  200904141  888  752  584  600  970 1325 1530 1977 2171 2028 1877 1563
667A Lytt  200904142 1294  892  715  757  819 1058 1406 1741 1818 1989 1895 1495
667A Lytt  200904151 1169 1025  724  647  780 1149 1412 1702 2076 2151 1925 1946
667A Lytt  200904152 1659 1121  925  904  815  835 1328 1573 1761 2071 2147 1850
667A Lytt  200904161 1580 1317 1063  784  773  971 1192 1489 1845 2069 2066 2080
667A Lytt  200904162 1960 1454 1019 1011  751  641 1019 1351 1461 1872 2233 1945
667A Lytt  200904171 1796 1761 1323  918  935 1017  904 1341 1655 1923 2132 2090
667A Lytt  200904172 2089 1734 1490 1240  941  763  904 1176 1353 1656 2030 2069
667A Lytt  200904181 1998 1849 1603 1129  995 1019  698 1052 1464 1661 1821 2094
667A Lytt  200904182 2209 1921 1784 1527  986  705  905  971  979 1503 1944 1847
667A Lytt  200904191 2126 2218 1680 1292 1257  973  677  957 1241 1317 1645 2057
667A Lytt  200904192 2189 1978 2021 1702 1228  908  896  855  857 1263 1601 1852
667A Lytt  200904201 1963 2324 1933 1634 1502 1198  776  849 1034 1078 1455 1836
667A Lytt  200904202 2128 2019 2157 1971 1395 1145  946  668  704  998 1366 1525
667A Lytt  200904211 1961 2192 2094 1799 1636 1383  798  781  771  786  988 1550
667A Lytt  200904212 1870 1866 2134 2021 1608 1307 1041  657  481  718 1013 1179
667A Lytt  200904221 1695 1913 2043 2022 1866 1458  998  797  601  474  748 1166
667A Lytt  200904222 1544 1778 2020 2196 1833 1512 1255  819  454  484  701  888
667A Lytt  200904231 1329 1804 2031 2024 2091 1833 1297  999  790  505  492  984
667A Lytt  200904232 1200 1573 1973 2178 2009 1851 1595 1010  648  540  489  649
667A Lytt  200904241 1030 1551 1904 2059 2247 2225 1670 1341 1004  692  372  690
667A Lytt  200904242 1041 1280 1739 2177 2202 2066 1979 1482  961  771  586  505
667A Lytt  200904251  772 1362 1777 2018 2399 2567 2047 1848 1577  833  552  754
667A Lytt  200904252  727  928 1607 1996 2069 2225 2295 1821 1238 1094  708  411
667A Lytt  200904261  634  909 1389 1801 2297 2478 2359 2340 1854 1301  864  757
667A Lytt  200904262  595  659 1210 1741 1899 2275 2554 2183 1882 1544 1062  582
667A Lytt  200904271  607  738  883 1524 2138 2377 2519 2729 2279 1787 1458 1039
667A Lytt  200904272  710  691  867 1305 1802 2070 2509 2450 2324 2100 1570  995
667A Lytt  200904281  848  671  774 1159 1742 2121 2444 2784 2628 2383 1835 1489
667A Lytt  200904282  982  694  818  900 1285 1727 2147 2491 2524 2372 2157 1445
667A Lytt  200904291 1135  887  708  715 1226 1844 2090 2583 2827 2641 2287 1962
667A Lytt  200904292 1496  814  708  817  736 1244 1846 2079 2349 2605 2346 1942
667A Lytt  200904301 1471 1028  780  526  856 1270 1490 2111 2563 2523 2512 2293
667A Lytt  200904302 1726 1230  845  619  465  698 1199 1633 1925 2364 2464 1976
667A Lytt  200905011 1775 1374  804  434  537  683  758 1443 1988 2246 2224 2443
667A Lytt  200905012 2116 1431 1122  721  394  279  702 1059 1419 1932 2345 2254
667A Lytt  200905021 1923 1780 1258  605  541  533  401  897 1513 1834 2011 2482
667A Lytt  200905022 2327 1792 1556 1056  517  252  479  622  852 1578 2006 2079
667A Lytt  200905031 2117 2140 1616 1024  813  555  231  581  989 1340 1709 2272
667A Lytt  200905032 2350 2099 1997 1553  815  521  527  280  581 1207 1674 1986
667A Lytt  200905041 2257 2429 2036 1679 1332  885  430  499  725 1052 1435 2027
667A Lytt  200905042 2306 2373 2337 1968 1554 1053  815  583  489 1041 1338 1837
667A Lytt  200905051 2099 2505 2422 2206 1959 1354  837  819  616  835 1109 1842
667A Lytt  200905052 2123 2347 2474 2435 1993 1559 1153  774  583  849 1091 1569
667A Lytt  200905061 2010 2384 2558 2441 2286 1957 1339  988  811  596  948 1293
667A Lytt  200905062 1736 2143 2388 2505 2276 1960 1453 1017  764  637  798 1185
667A Lytt  200905071 1591 2041 2401 2456 2623 2180 1723 1408  940  690  669  969
667A Lytt  200905072 1388 1880 2169 2358 2488 2160 1738 1441  952  764  746  899
667A Lytt  200905081 1236 1788 2221 2423 2736 2572 2227 1893 1369 1083  828  946
667A Lytt  200905082 1176 1539 2003 2359 2472 2423 2230 1918 1397 1117 1053  964
667A Lytt  200905091 1038 1633 2022 2252 2574 2673 2475 2138 1770 1294  947  815
667A Lytt  200905092  984 1178 1607 2060 2208 2352 2425 2053 1578 1373 1038  776
667A Lytt  200905101  895 1141 1474 1871 2435 2460 2417 2487 1910 1442 1244  934
667A Lytt  200905102  877 1075 1358 1570 2049 2337 2237 2255 2051 1495 1348 1038
667A Lytt  200905111  729  953 1344 1635 2058 2364 2522 2382 2186 1819 1372 1231
667A Lytt  200905112  750  886 1060 1301 1712 1958 2301 2234 2039 1891 1453 1126
667A Lytt  200905121  780  913 1002 1237 1771 1993 2182 2369 2355 1953 1570 1446
667A Lytt  200905122 1016  730 1010 1127 1298 1750 2063 2073 2101 2010 1758 1249
667A Lytt  200905131  987 1035  911  940 1497 1879 1859 2328 2434 2088 1861 1665
667A Lytt  200905132 1253  808  975  949 1030 1536 1771 1924 2108 2215 1866 1500
667A Lytt  200905141 1335 1082  832  848 1267 1475 1708 2200 2251 2205 2092 1929
667A Lytt  200905142 1467 1235 1088  924 1112 1361 1759 1782 2015 2233 2145 1772
667A Lytt  200905151 1516 1285  950  885 1153 1282 1455 1949 2192 2101 2193 2192
667A Lytt  200905152 1700 1434 1295  926  907 1179 1458 1600 1929 2219 2151 2044
667A Lytt  200905161 1836 1447 1306  999 1048 1204 1284 1758 2042 2142 2288 2381
667A Lytt  200905162 1981 1761 1657 1155  953 1236 1161 1333 1935 1852 2110 2256
667A Lytt  200905171 1967 1753 1472 1324 1024  935 1144 1425 1586 1990 2215 2190
667A Lytt  200905172 2222 1864 1664 1322  855 1026  911 1122 1535 1782 2028 2151
667A Lytt  200905181 2195 1899 1720 1288 1082  817  831 1187 1343 1714 1995 2265
667A Lytt  200905182 2233 2130 1946 1619 1185 1131  928 1019 1254 1621 1827 2022
667A Lytt  200905191 2227 2343 1831 1616 1438 1046  869  911 1307 1187 1643 2155
667A Lytt  200905192 2123 2231 2054 1886 1393 1185 1005  802 1186 1328 1665 2026
667A Lytt  200905201 2221 2422 2193 2025 1710 1256  905  975  955 1058 1483 1964
667A Lytt  200905202 2019 2285 2361 1937 1574 1328  950  584  756  941 1259 1626
667A Lytt  200905211 1950 2320 2183 2032 1924 1404 1003  895  656  649  983 1521
667A Lytt  200905212 1711 1974 2355 2055 1758 1468  896  544  480  412  878 1180
667A Lytt  200905221 1637 2109 2228 2135 2227 1695 1261 1158  705  591  804 1294
667A Lytt  200905222 1505 1882 2186 2311 2141 1875 1408  913  712  595  593  887
667A Lytt  200905231 1494 1881 2269 2473 2610 2239 1732 1370  949  433  596  778
667A Lytt  200905232  975 1495 1989 2046 2235 2177 1591 1232  856  472  302  522
667A Lytt  200905241  909 1334 1817 2115 2419 2275 1988 1490 1089  520  325  346
667A Lytt  200905242  571  906 1510 1861 2014 2189 1930 1450 1060  599  348   97
667A Lytt  200905251  428  834 1285 1804 2275 2277 2160 1961 1276  780  412  204
667A Lytt  200905252   98  501  966 1360 1765 2175 2177 1781 1493 1035  458  167
667A Lytt  200905261  189  285  823 1408 1964 2158 2426 2382 1821 1386  963  407
667A Lytt  200905262  161  321  554  961 1485 2010 2149 2036 2073 1383  966  594
667A Lytt  200905271  140  162  431  885 1439 2003 2301 2538 2399 1901 1390  968
667A Lytt  200905272  442  285  368  556 1116 1627 2080 2227 2415 2091 1563 1097
667A Lytt  200905281  633  335  274  529 1091 1533 2060 2541 2602 2414 2065 1546
667A Lytt  200905282  994  568  336  420  681 1246 1684 2057 2485 2306 2109 1641
667A Lytt  200905291 1127  678  386  342  589 1047 1591 2150 2389 2564 2370 2066
667A Lytt  200905292 1531  968  625  382  402  874 1180 1686 2253 2390 2364 2292
667A Lytt  200905301 1566 1271  750  372  615  673 1008 1722 2215 2317 2566 2566
667A Lytt  200905302 1956 1610 1063  697  507  664  849 1355 1896 2296 2573 2635
667A Lytt  200905311 2183 1820 1417  832  700  726  773 1371 1722 2174 2549 2514
667A Lytt  200905312 2380 2111 1509 1071  632  623  585  843 1455 1838 2190 2418
667A Lytt  200906011 2354 2086 1635 1190  830  520  466  843 1107 1569 1904 2311
667A Lytt  200906012 2373 2094 1807 1362  756  588  379  418  789 1224 1648 2126
667A Lytt  200906021 2184 2100 1983 1420 1049  694  378  454  611  968 1355 1904
667A Lytt  200906022 2085 2021 1971 1541 1167  723  355  292  460  638 1274 1663
667A Lytt  200906031 1898 2146 2170 1674 1468 1030  558  464  396  681  856 1466
667A Lytt  200906032 1878 2011 2002 1935 1437 1094  581  462  389  464  952 1389
667A Lytt  200906041 1691 1999 2279 2008 1896 1449  966  780  486  625  642 1260
667A Lytt  200906042 1660 1917 2138 2197 1880 1520 1180  648  615  488  828 1167
667A Lytt  200906051 1558 1960 2204 2253 2244 1907 1484 1101  854  732  587  995
667A Lytt  200906052 1516 1829 2042 2362 2263 1896 1619 1108  939  664  748 1022
667A Lytt  200906061 1289 1805 2158 2277 2481 2271 1887 1619 1183  960  712  955
667A Lytt  200906062 1201 1619 2003 2169 2169 2352 1781 1466 1143  761  691  743
667A Lytt  200906071 1003 1378 1802 2004 2424 2128 2007 1786 1208  922  728  595
667A Lytt  200906072  735 1177 1438 1766 2056 2080 1866 1601 1301  770  675  683
667A Lytt  200906081  537  944 1387 1695 2012 2125 1977 1916 1443  967  771  599
667A Lytt  200906082  479  799 1080 1469 1724 1968 1878 1627 1512  907  640  608
667A Lytt  200906091  485  450 1026 1358 1780 1902 2054 1901 1613 1280  738  673
667A Lytt  200906092  519  606  808 1166 1524 1871 1888 1863 1797 1232 1100  737
667A Lytt  200906101  567  656  870 1182 1712 2001 2139 2076 1992 1645 1036  922
667A Lytt  200906102  666  604  637 1012 1419 1736 1820 1990 1928 1604 1334 1033
667A Lytt  200906111  763  654  832 1010 1445 1799 2046 2150 2245 1881 1567 1406
667A Lytt  200906112  920  795  733  927 1183 1621 1770 1947 2093 1868 1592 1380
667A Lytt  200906121  982  764  782  848 1099 1618 1975 2031 2217 2120 1831 1459
667A Lytt  200906122 1242  979  682  899 1006 1430 1627 1940 2122 2095 2011 1636
667A Lytt  200906131 1265 1042  918  795 1123 1319 1791 1940 2271 2151 2039 1847
667A Lytt  200906132 1477 1247  829  895  797 1235 1503 1743 2083 2137 2208 1970
667A Lytt  200906141 1478 1411 1064  856 1072 1202 1568 1786 2060 2184 2143 2137
667A Lytt  200906142 1756 1360 1167  915  817 1016 1213 1585 1883 2059 2168 2179
667A Lytt  200906151 1842 1599 1222 1074  947  927 1377 1497 1865 2072 2186 2292
667A Lytt  200906152 1964 1700 1449 1095  954  835 1118 1397 1675 1846 2197 2336
667A Lytt  200906161 2060 1845 1542 1334 1044 1103 1105 1391 1716 1984 2215 2268
667A Lytt  200906162 2187 1918 1666 1220  947  921  756 1023 1393 1741 2016 2070
667A Lytt  200906171 2272 2007 1587 1429 1196  693  851  973 1176 1477 1879 2099
667A Lytt  200906172 1994 2068 1759 1201 1088  809  509  559 1010 1184 1580 1950
667A Lytt  200906181 2079 1916 1722 1538 1106  727  805  521  726 1017 1442 1666
667A Lytt  200906182 1885 2151 1804 1442 1244  874  343  385  626  791 1210 1729
667A Lytt  200906191 1967 1927 2108 1824 1399 1010  834  540  558  759 1084 1460
667A Lytt  200906192 1856 2170 2071 1866 1610 1203  667  524  459  518  970 1447
667A Lytt  200906201 1727 2054 2261 2048 1857 1417 1025  575  488  411  535 1166
667A Lytt  200906202 1495 1780 2163 2028 1742 1579  894  546  325  264  474  933
667A Lytt  200906211 1288 1873 2178 2194 2188 1800 1408  911  507  285  354  588
667A Lytt  200906212 1088 1560 1958 2106 2160 1776 1326  908  431  240  206  469
667A Lytt  200906221  910 1470 1898 2263 2348 2197 1894 1207  825  377  149  211
667A Lytt  200906222  618 1118 1545 1974 2196 2196 1682 1419  914  338  233  113
667A Lytt  200906231  541  899 1441 2013 2473 2375 2217 1916 1229  648  284  188
667A Lytt  200906232  119  689 1148 1639 2065 2298 2079 1897 1431  740  427  307
667A Lytt  200906241   24  511 1009 1554 2162 2490 2526 2295 1857 1336  645  304
667A Lytt  200906242  200  305  636 1265 1719 2150 2395 2263 1915 1351  869  501
667A Lytt  200906251  -30  247  563  978 1688 2345 2521 2617 2501 1818 1285  737
667A Lytt  200906252  435  303  253  793 1383 1932 2182 2466 2423 2024 1442 1001
667A Lytt  200906261  455  199  283  589 1189 1747 2310 2587 2538 2393 1723 1326
667A Lytt  200906262  740  368  311  423  768 1470 1943 2226 2517 2398 1939 1617
667A Lytt  200906271 1081  488  218  384  771 1134 1762 2324 2454 2434 2318 1721
667A Lytt  200906272 1214  741  366  308  380  960 1372 1866 2311 2415 2292 2036
667A Lytt  200906281 1447  989  538  309  565  744 1208 1885 2252 2363 2512 2137
667A Lytt  200906282 1737 1377  857  463  340  718  871 1422 2119 2207 2381 2507
667A Lytt  200906291 1901 1401 1012  737  379  472  875 1329 1688 2198 2285 2331
667A Lytt  200906292 2089 1693 1181  677  465  504  501  958 1468 1920 2065 2377
667A Lytt  200906301 2211 1700 1432 1021  557  430  681  793 1222 1729 1963 2296
667A Lytt  200906302 2116 1996 1478 1079  543  547  337  460 1048 1343 1865 2139
667A Lytt  200907011 2259 2005 1748 1341  996  582  466  660  775 1305 1685 1980
667A Lytt  200907012 2132 2214 1675 1525 1091  690  537  406  753 1145 1533 1812
667A Lytt  200907021 2245 2275 2077 1862 1458 1066  714  817  788 1038 1270 1897
667A Lytt  200907022 2140 2141 2312 1939 1452 1122  713  598  539  865 1321 1695
667A Lytt  200907031 1963 2264 2385 2079 1984 1502 1031  997  778  818 1109 1587
667A Lytt  200907032 1862 2093 2307 2210 1741 1681  997  818  732  784 1017 1428
667A Lytt  200907041 1835 2059 2320 2327 2134 1819 1355 1198  809  676  940 1222
667A Lytt  200907042 1558 1889 2265 2260 1990 1920 1431  932  997  717  782 1216
667A Lytt  200907051 1369 1880 2087 2259 2250 1946 1647 1308  848  772  756  911
667A Lytt  200907052 1183 1681 1970 2149 2157 2007 1623 1200 1016  815  566  948
667A Lytt  200907061 1247 1442 1898 2222 2255 2108 1982 1508 1060  925  764  708
667A Lytt  200907062  951 1397 1719 1791 2161 2183 1660 1516 1240  718  692 9999
667A Lytt  200907071 9999 9999 9999 9999 9999 9999 9999 9999 9999 9999 9999 9999
667A Lytt  200907072 9999 9999 9999 9999 9999 9999 9999 9999 9999 9999 9999 9999
667A Lytt  200907081 9999 9999 9999 9999 9999 9999 9999 9999 9999 9999 9999 9999
667A Lytt  200907082 9999 9999 9999 9999 9999 9999 9999 9999 9999 1115  901  697
667A Lytt  200907091  473  702 1040 1290 1814 1975 2090 2087 1678 1452 1054  745
667A Lytt  200907092  562  538  728 1075 1437 1725 1898 1896 1702 1370 1056  804
667A Lytt  200907101  511  535  812 1006 1549 1830 1946 2090 1849 1682 1113  997
667A Lytt  200907102  698  555  596  858 1231 1576 1836 1971 1921 1690 1344  973
667A Lytt  200907111  697  665  573  870 1358 1599 1807 2175 2013 1772 1617 1131
667A Lytt  200907112  776  613  682  823  967 1553 1652 1881 2084 1792 1804 1195
667A Lytt  200907121  998  793  583  734 1145 1413 1656 2036 2141 1936 1720 1394
667A Lytt  200907122 1027  718  545  544  740 1086 1457 1766 1985 2044 1896 1596
667A Lytt  200907131 1240  928  681  637 9999 9999 9999 9999 9999 9999 9999 9999
667A Lytt  200907132 9999 9999 9999 9999 9999 9999 9999 9999 9999 9999 9999 9999
667A Lytt  200907141 9999 9999 9999 9999 9999 9999 9999 9999 9999 9999 9999 9999
667A Lytt  200907142 9999 9999 9999 9999 9999 9999 9999 9999 9999 9999 9999 9999
667A Lytt  200907151 9999 9999 9999 9999 9999 9999 9999 9999 9999 9999 9999 9999
667A Lytt  200907152 9999 9999 9999 9999 9999 9999 9999 9999 9999 9999 9999 9999
667A Lytt  200907161 9999 9999 9999 9999 9999 9999 9999 9999 9999 9999 9999 9999
667A Lytt  200907162 9999 9999 9999 9999 9999 9999 9999 9999 9999 9999 9999 9999
667A Lytt  200907171 9999 9999 9999 9999 9999 9999 9999 9999 9999 9999 9999 9999
667A Lytt  200907172 9999 9999 9999 9999 9999 9999 9999 9999 9999 9999 9999 9999
667A Lytt  200907181 9999 9999 9999 9999 9999 9999 9999 9999 9999 9999 9999 9999
667A Lytt  200907182 9999 9999 9999 9999 9999 9999 9999 9999 9999 9999 9999 9999
667A Lytt  200907191 9999 9999 9999 9999 9999 9999 9999 9999 9999 9999 9999 9999
667A Lytt  200907192 9999 9999 9999 9999 9999 9999 9999 9999 9999 9999 9999 9999
667A Lytt  200907201 9999 9999 9999 9999 9999 9999 9999 9999 9999 9999 9999 9999
667A Lytt  200907202 9999 9999 9999 9999 9999 9999 9999 9999 9999 9999 9999 9999
667A Lytt  200907211 9999 9999 9999 9999 2718 2357 1760 1518  866  323  393  515
667A Lytt  200907212  775 1569 2139 2262 2501 2488 1938 1454 1047  578  372  429
667A Lytt  200907221  852 1369 1925 2334 2760 2699 2326 1861 1361  718  366  370
667A Lytt  200907222  486  918 1669 2140 2318 2784 2462 1920 1454  972  530  298
667A Lytt  200907231  489  902 1328 2025 2810 2766 2710 2748 1990 1240  786  712
667A Lytt  200907232  299  573 1188 1785 2071 2662 2830 2434 2122 1500 1051  373
667A Lytt  200907241  371  441  811 1352 2198 2423 2681 2776 2327 1739 1045  653
667A Lytt  200907242  370  120  552  961 1494 2096 2385 2376 2353 1728 1204  706
667A Lytt  200907251  283  136  170  611 1387 1811 2246 2551 2387 1957 1490  919
667A Lytt  200907252  380  245  239  311  900 1599 1872 2163 2510 2034 1643 1254
667A Lytt  200907261  586  200  168  292  711 1264 1825 2148 2420 2317 1802 1345
667A Lytt  200907262  869  396  188  192  425 1109 1437 1880 2343 2239 2153 1746
667A Lytt  200907271 1248  790  467  361  533  932 1406 1840 2169 2310 2205 1875
667A Lytt  200907272 1413  946  572  453  260  703 1206 1498 1995 2366 2318 2155
667A Lytt  200907281 1712 1240  835  507  502  618 1068 1429 1977 2151 2237 2202
667A Lytt  200907282 1963 1332 1038  734  302  631  848 1149 1700 2061 2273 2397
667A Lytt  200907291 2101 1647 1479  880  795  656  728 1196 1679 1917 2112 2397
667A Lytt  200907292 2179 1705 1473 1037  742  638  577  883 1252 1800 2071 2284
667A Lytt  200907301 2296 2159 1729 1328  989  800  611  858 1222 1500 1765 2147
667A Lytt  200907302 2257 1988 1820 1441  986  821  683  757 1079 1351 1935 2184
667A Lytt  200907311 2229 2403 2187 1626 1439 1238  699  879 1188 1280 1581 2104
667A Lytt  200907312 2265 2211 2081 1939 1321 1044  917  669  841 1161 1607 1814
667A Lytt  200908011 2173 2419 2202 1973 1770 1453  937  841  853  988 1134 1705
667A Lytt  200908012 1990 2019 2199 2139 1642 1278 1079  712  747  921 1360 1622
667A Lytt  200908021 1882 2375 2389 2154 2118 1715 1144  992  913  778  914 1492
667A Lytt  200908022 1717 1861 2256 2165 1801 1659 1248  872  695  695  929 1175
667A Lytt  200908031 1603 2034 2091 2085 2270 1771 1366 1075  900  694  623 1145
667A Lytt  200908032 1360 1578 2075 2272 1862 1882 1607  894  846  793  741  847
667A Lytt  200908041 1375 1895 2034 2120 2424 2102 1567 1323 1056  590  716  974
667A Lytt  200908042 1150 1325 2001 2118 1906 2139 1837 1118  992  892  655  629
667A Lytt  200908051 1130 1474 1671 1917 2370 1962 1714 1686 1065  667  522  722
667A Lytt  200908052  638 1074 1537 1818 1847 1994 1857 1347 1054  787  647  400
667A Lytt  200908061  707 1160 1290 1654 2137 2109 1802 1758 1395  693  508  694
667A Lytt  200908062  370  716 1287 1570 1588 1954 1997 1434 1278  963  687  351
667A Lytt  200908071  543  784 1089 1476 1989 1967 1918 1999 1514 1071  657  676
667A Lytt  200908072  348  511  938 1359 1476 1828 2039 1696 1465 1239  768  431
667A Lytt  200908081  474  636  691 1222 1735 1819 1941 2058 1698 1284  846  687
667A Lytt  200908082  439  315  649 1151 1303 1682 2026 1822 1698 1473 1118  628
667A Lytt  200908091  541  648  548  886 1532 1714 1868 2089 1953 1582 1043 1004
667A Lytt  200908092  548  335  652  819 1114 1488 1837 1908 1799 1698 1416  860
667A Lytt  200908101  665  593  419  593 1186 1474 1650 2099 1992 1670 1440 1169
667A Lytt  200908102  709  401  537  571  772 1327 1629 1750 1976 1897 1695 1137
667A Lytt  200908111 1047  676  460  638  865 1226 1498 1894 1989 1956 1711 1453
667A Lytt  200908112 1055  692  578  525  557 1110 1353 1666 1955 1996 1966 1549
667A Lytt  200908121 1259  940  667  432  710 1004 1209 1665 1980 1920 1865 1853
667A Lytt  200908122 1324  960  767  610  326  781 1198 1341 1829 2091 2103 1774
667A Lytt  200908131 1653 1253  762  535  474  607  906 1402 1668 1873 1930 2050
667A Lytt  200908132 1622 1262 1079  664  442  608  910 1126 1533 1927 2231 2043
667A Lytt  200908141 1879 1741 1175  830  718  633  591 1108 1396 1587 1972 2123
667A Lytt  200908142 1996 1527 1448 1084  532  556  700  773 1189 1798 2044 2141
667A Lytt  200908151 2326 2128 1563 1219 1076  661  462  910 1171 1287 1796 2295
667A Lytt  200908152 2127 1999 1904 1494  867  714  658  540  957 1345 1924 2035
667A Lytt  200908161 2365 2420 1996 1762 1332  925  599  544  910  997 1431 1974
667A Lytt  200908162 2181 2153 2192 1844 1321  969  732  397  635  941 1401 1907
667A Lytt  200908171 2276 2499 2398 2132 1841 1263  826  734  524  735 1077 1633
667A Lytt  200908172 2060 2321 2417 2268 1882 1333  960  573  412  583  922 1438
667A Lytt  200908181 1884 2284 2618 2395 2201 1785 1163  667  598  320  507 1092
667A Lytt  200908182 1533 1978 2330 2427 2103 1704 1206  613  331  190  379  701
667A Lytt  200908191 1327 1838 2316 2463 2390 2060 1528  994  565  272  118  495
667A Lytt  200908192  906 1488 2030 2362 2228 2181 1587 1089  635  143  191  175
667A Lytt  200908201  778 1312 1929 2240 2663 2311 1951 1589  881  409  135  128
667A Lytt  200908202  465  916 1606 2072 2312 2376 2114 1565  962  565  146  -50
667A Lytt  200908211  249  707 1288 1899 2336 2438 2298 1985 1360  782  251  118
667A Lytt  200908212  177  406 1040 1699 2029 2346 2330 1996 1605  868  599   71
667A Lytt  200908221   19  304  759 1362 1955 2436 2372 2293 1886 1236  637  299
667A Lytt  200908222  182   96  486 1274 1619 2015 2493 2476 1878 1626 1153  411
667A Lytt  200908231  117  291  303  842 1549 2025 2164 2384 2338 1705 1091  798
667A Lytt  200908232  330   42  295  704 1148 1665 2176 2376 2123 2084 1594  901
667A Lytt  200908241  538  395  158  456 1094 1527 1970 2312 2363 2080 1646 1246
667A Lytt  200908242  761  324  403  503  679 1348 1901 2209 2371 2419 2143 1575
667A Lytt  200908251 1137  808  527  457  807 1312 1462 2176 2416 2187 2217 1954
667A Lytt  200908252 1347  762  887  550  692  970 1544 1913 2171 2446 2520 1871
667A Lytt  200908261 1628 1202  693  593  610  996 1234 1700 2115 2316 2248 2189
667A Lytt  200908262 1984 1240 1042  878  634  847 1170 1665 1981 2282 2586 2339
667A Lytt  200908271 1959 1809 1317  863  797  879  976 1510 1684 2086 2264 2262
667A Lytt  200908272 2170 1547 1426 1093  585  805  916 1160 1576 2069 2198 2307
667A Lytt  200908281 2247 1929 1473 1111  945  778  746 1099 1463 1676 1982 2306
667A Lytt  200908282 2151 1856 1680 1368  895  740  871  889 1174 1729 1872 2095
667A Lytt  200908291 2290 2157 1788 1512 1154  891  705  814 1094 1295 1619 1977
667A Lytt  200908292 2088 1964 1959 1540 1168  939  740  790  915 1297 1868 2011
667A Lytt  200908301 2172 2454 2082 1978 1711 1236  909 1020  925 1156 1604 2002
667A Lytt  200908302 2173 2236 2304 2092 1643 1318 1016  930  854 1429 1494 1863
667A Lytt  200908311 2125 2554 2209 2079 2003 1353  905  970  854  731 1191 1605
667A Lytt  200908312 1878 1903 2223 2125 1690 1304 1236  826  718  785 1141 1360
667A Lytt  200909011 1824 2182 2079 2093 1945 1572 1103  914  778  589  843 1166
667A Lytt  200909012 1648 1745 2169 2109 1836 1770 1318  858  784  832  846 1085
667A Lytt  200909021 1613 1959 2055 2239 2127 1875 1450 1134  892  622  707  945
667A Lytt  200909022 1285 1510 2010 2027 1868 1768 1577  936  704  856  490  731
667A Lytt  200909031 1201 1623 1749 2082 2203 1906 1556 1355  919  356  543  670
667A Lytt  200909032  704 1196 1683 1868 1809 1852 1513 1088  707  604  369  408
667A Lytt  200909041  744 1183 1442 1809 2053 1837 1654 1509  925  450  424  432
667A Lytt  200909042  333  779 1361 1602 1728 1799 1665 1288  968  672  368  297
667A Lytt  200909051  547  812 1130 1610 1929 1931 1792 1649 1196  731  441  388
667A Lytt  200909052  327  496 1056 1496 1700 1767 1950 1618 1230  985  603  351
667A Lytt  200909061  386  655  901 1378 1831 1940 1987 1872 1596 1077  695  556
667A Lytt  200909062  322  464  900 1278 1514 1825 1985 1837 1617 1210  987  371
667A Lytt  200909071  410  534  558 1203 1543 1805 2033 1992 1845 1338 1004  618
667A Lytt  200909072  394  343  581  979 1333 1708 2059 2006 1861 1659 1204  796
667A Lytt  200909081  608  521  547  901 1244 1558 1892 2078 1947 1697 1307  899
667A Lytt  200909082  550  402  384  716 1087 1421 1815 2114 1950 1886 1622 1052
667A Lytt  200909091  809  583  421  591  981 1290 1579 1955 2028 1824 1634 1248
667A Lytt  200909092  753  474  517  386  768 1147 1524 1942 1975 2109 1956 1442
667A Lytt  200909101 1168  855  481  504  710  980 1342 1756 2007 1951 2023 1557
667A Lytt  200909102 1201  893  588  491  594  864 1274 1659 2022 2207 2205 1955
667A Lytt  200909111 1518 1196  839  566  683  846 1065 1506 1875 1925 2154 2040
667A Lytt  200909112 1589 1237  927  622  526  620 1032 1347 1738 2151 2315 2178
667A Lytt  200909121 1938 1684 1205  844  626  684  843 1227 1490 1842 2220 2138
667A Lytt  200909122 1979 1700 1296  864  667  434  726  937 1310 1893 2205 2319
667A Lytt  200909131 2245 2020 1608 1093  802  531  547  830 1091 1505 1949 2182
667A Lytt  200909132 2208 2031 1632 1327  885  451  420  666 1005 1344 1856 2297
667A Lytt  200909141 2313 2148 2090 1568 1057  774  589  495  769 1190 1663 1978
667A Lytt  200909142 2386 2290 2029 1676 1329  715  370  444  583  920 1390 2021
667A Lytt  200909151 2302 2358 2456 2060 1410 1108  645  300  403  680 1061 1480
667A Lytt  200909152 2016 2311 2097 2133 1780 1065  649  546  232  487  993 1422
667A Lytt  200909161 1859 2379 2520 2301 1985 1520 1037  390  397  381  560 1078
667A Lytt  200909162 1762 2043 2307 2413 2066 1562 1057  622  198  224  469  873
667A Lytt  200909171 1397 2005 2369 2308 2358 1950 1363  850  424  275  290  626
667A Lytt  200909172 1253 1842 2109 2505 2481 2007 1643 1206  500  325  378  388
667A Lytt  200909181  896 1744 2195 2363 2700 2470 1913 1358  903  418  128  422
667A Lytt  200909182  737 1171 1909 2358 2371 2378 2114 1607  898  467  364  102
667A Lytt  200909191  450 1112 1634 1993 2464 2518 2173 1810 1295  642  237  181
667A Lytt  200909192  379  577 1296 1967 2170 2356 2463 1913 1376  909  534  174
667A Lytt  200909201  205  604 1026 1642 2136 2391 2409 2092 1722 1084  567  302
667A Lytt  200909202  293  364  809 1510 1988 2210 2482 2293 1896 1455  973  568
667A Lytt  200909211  268  481  772 1236 1781 2240 2427 2423 2207 1654 1165  745
667A Lytt  200909212  495  412  636 1187 1747 1988 2402 2668 2269 2031 1611 1069
667A Lytt  200909221  665  494  709  833 1458 1875 2251 2495 2338 2054 1629 1079
667A Lytt  200909222  687  507  566  768 1210 1710 2078 2402 2488 2363 1947 1494
667A Lytt  200909231 1133  649  673  783  894 1469 1851 2209 2220 2182 1994 1442
667A Lytt  200909232 1172  776  626  669  888 1302 1638 2095 2349 2375 2238 1666
667A Lytt  200909241 1408 1028  681  589  804 1041 1463 1841 2008 2114 2191 1765
667A Lytt  200909242 1356 1064  770  675  683  919 1365 1710 2118 2196 2189 2062
667A Lytt  200909251 1719 1312  974  745  592  750 1127 1332 1597 1896 2053 1909
667A Lytt  200909252 1521 1321  947  736  596  603  886 1188 1621 2063 2074 1920
667A Lytt  200909261 1968 1479 1218  756  709  620  759 1113 1421 1725 2013 2113
667A Lytt  200909262 1774 1561 1433  952  582  756  826  984 1352 1813 1858 2071
667A Lytt  200909271 2182 1776 1601 1138  910  804  749  958 1224 1486 1799 2066
667A Lytt  200909272 2058 1913 1755 1442 1022  841  852  925 1160 1651 1893 2053
667A Lytt  200909281 2300 2156 1889 1681 1172  953  880  857 1042 1396 1676 2010
667A Lytt  200909282 2136 2089 2044 1783 1357 1034 1044  778 1056 1380 1680 1874
667A Lytt  200909291 2229 2279 2006 1934 1530 1155  987  802  918 1006 1464 1718
667A Lytt  200909292 1972 2074 2084 1975 1519 1199  983  788  761 1153 1231 1532
667A Lytt  200909301 2109 2138 2139 2130 1814 1413 1058  987  664  912 1230 1418
667A Lytt  200909302 1775 2048 2113 2124 1823 1430 1113  886  744  924 1174 1345
667A Lytt  200910011 1799 2077 2165 2140 2102 1588 1270  861  944  519  894 1250
667A Lytt  200910012 1520 1849 2186 2278 1943 1731 1444 1002  817  846  917 1152
667A Lytt  200910021 1588 1979 2164 2370 2272 1901 1685 1268  821  728  855 1048
667A Lytt  200910022 1211 1819 2112 2204 2262 1956 1602 1306  847  791  781  939
667A Lytt  200910031 1237 1610 2103 2110 2232 2226 1751 1312 1015  741  552  857
667A Lytt  200910032  980 1301 1974 2315 2182 2298 2023 1552 1209  867  704  613
667A Lytt  200910041  991 1371 1629 2090 2276 2147 2004 1606 1155  741  646  528
667A Lytt  200910042  619 1039 1472 1807 2113 2156 2049 1684 1341  930  620  482
667A Lytt  200910051  629  866 1251 1718 1940 2081 2077 1808 1337 1018  591  393
667A Lytt  200910052  420  709 1043 1554 1933 2090 2086 1985 1582 1170  751  529
667A Lytt  200910061  412  537  841 1393 1701 1935 2167 1908 1617 1305  844  447
667A Lytt  200910062  280  484  624 1204 1644 1901 2083 2146 1878 1506 1082  681
667A Lytt  200910071  413  390  636 1013 1348 1812 2126 2028 1911 1620 1192  702
667A Lytt  200910072  420  430  465  827 1305 1753 1956 2229 2176 1906 1451 1062
667A Lytt  200910081  722  346  534  756 1001 1530 1986 2018 2055 2085 1602 1008
667A Lytt  200910082  836  546  362  517 1046 1318 1782 2227 2252 2137 1940 1445
667A Lytt  200910091 1051  637  582  502  778 1155 1664 1888 2151 2181 2032 1538
667A Lytt  200910092 1111  914  394  512  780 1019 1417 1934 2252 2299 2269 1910
667A Lytt  200910101 1520 1024  797  476  460  936 1255 1603 1981 2332 2144 1922
667A Lytt  200910102 1653 1123  777  614  483  690 1120 1501 1986 2306 2401 2270
667A Lytt  200910111 1957 1457 1071  686  497  587  868 1280 1590 2010 2268 2175
667A Lytt  200910112 1875 1650 1181  637  476  511  684 1087 1542 2001 2284 2330
667A Lytt  200910121 2305 1835 1475  995  676  458  547  958 1257 1652 2230 2317
667A Lytt  200910122 2146 2113 1615 1056  784  542  418  668 1177 1612 1981 2431
667A Lytt  200910131 2500 2161 1961 1636  935  583  585  569  755 1299 1835 2107
667A Lytt  200910132 2262 2391 2068 1542 1133  820  414  418  873 1114 1585 2224
667A Lytt  200910141 2486 2397 2366 2087 1429  941  774  563  424  962 1414 1798
667A Lytt  200910142 2196 2523 2377 1948 1661 1188  585  429  528  745 1080 1679
667A Lytt  200910151 2248 2355 2506 2380 1810 1387  903  438  261  468  887 1252
667A Lytt  200910152 1806 2298 2389 2217 2078 1580  927  554  431  385  612 1171
667A Lytt  200910161 1693 2147 2387 2469 2123 1794 1243  688  400  352  508  787
667A Lytt  200910162 1466 1989 2204 2480 2433 1876 1412  996  555  301  379  707
667A Lytt  200910171 1203 1737 2142 2402 2436 2163 1700 1166  671  422  334  536
667A Lytt  200910172  988 1540 2049 2318 2459 2321 1885 1433  941  508  412  395
667A Lytt  200910181  730 1243 1823 2131 2378 2352 2000 1532 1020  537  344  304
667A Lytt  200910182  532  981 1636 1927 2303 2478 2167 1778 1413  868  531  390
667A Lytt  200910191  509  793 1312 1903 2143 2365 2260 1933 1551  963  605  344
667A Lytt  200910192  445  643 1244 1713 2042 2417 2442 2083 1783 1310  833  449
667A Lytt  200910201  459  505  955 1453 1865 2080 2329 2258 1738 1406  924  561
667A Lytt  200910202  354  512  802 1200 1773 2141 2292 2278 2093 1690 1156  888
667A Lytt  200910211  470  483  611 1029 1413 1800 2112 2144 1995 1681 1329  830
667A Lytt  200910212  563  462  660  759 1357 1855 2021 2245 2247 2009 1559 1145
667A Lytt  200910221  824  516  477  838 1051 1415 1871 2061 1943 1989 1623 1049
667A Lytt  200910222  784  602  482  529 1074 1423 1687 2047 2256 2108 1837 1519
667A Lytt  200910231 1146  725  576  654  777 1077 1628 1825 1877 2095 1832 1413
667A Lytt  200910232 1038  787  552  418  721 1067 1275 1698 2098 2004 1945 1815
667A Lytt  200910241 1318  927  721  668  534  775 1250 1496 1640 1984 1948 1580
667A Lytt  200910242 1358 1085  670  581  627  801 1068 1364 1891 1963 1889 2052
667A Lytt  200910251 1640 1118 1049  710  566  641  992 1194 1426 1863 1969 1832
667A Lytt  200910252 1634 1405  969  676  772  646  765 1248 1625 1754 2075 2117
667A Lytt  200910261 1845 1670 1283 1051  708  704  882  984 1284 1752 1892 1954
667A Lytt  200910262 1919 1710 1373 1032  993  826  668 1086 1457 1641 1953 2170
667A Lytt  200910271 2071 2066 1583 1337 1052  754  814  850 1076 1454 1720 1889
667A Lytt  200910272 1926 1840 1603 1181 1041  737  650  778 1144 1284 1678 2039
667A Lytt  200910281 2075 1985 1839 1522 1242  962  701  845  895 1296 1596 1941
667A Lytt  200910282 2106 2154 1938 1768 1373 1151  904  800 1018 1155 1492 1823
667A Lytt  200910291 2122 2070 2033 1954 1432 1108  883  758  728  972 1411 1607
667A Lytt  200910292 1930 2041 2141 1790 1503 1293  784  669  830  818 1144 1633
667A Lytt  200910301 1834 1957 2070 1941 1635 1186  924  690  524  698  938 1294
667A Lytt  200910302 1623 1884 2058 1811 1762 1355  880  646  618  533  800 1164
667A Lytt  200910311 1454 1879 1952 1915 1813 1304 1010  662  422  340  622  831
667A Lytt  200910312 1277 1646 1885 1953 1803 1569 1179  740  584  481  459  824
667A Lytt  200911011 1204 1605 1844 2045 2019 1629 1409  903  621  505  571  684
667A Lytt  200911012 1118 1597 1933 2098 2254 1971 1610 1251  810  676  538  690
667A Lytt  200911021 1015 1537 1806 2167 2224 2104 1826 1406  916  691  503  523
667A Lytt  200911022  849 1249 1791 2036 2244 2355 1843 1566 1240  653  543  611
667A Lytt  200911031  624 1032 1605 1919 2115 2251 2026 1695 1193  907  579  499
667A Lytt  200911032  605  927 1516 1841 2305 2553 2128 2147 1793 1086  858  537
667A Lytt  200911041  743  753 1327 1664 2114 2321 2388 2156 1541 1401  796  461
667A Lytt  200911042  600  633 1041 1541 2018 2381 2398 2309 2034 1470 1133  684
667A Lytt  200911051  435  515  883 1210 1741 2075 2253 2288 1978 1613 1194  686
667A Lytt  200911052  451  406  727 1069 1598 2142 2307 2420 2371 1895 1382 1048
667A Lytt  200911061  548  380  514  818 1209 1602 2072 2212 2049 1982 1465  843
667A Lytt  200911062  634  245  298  493 1132 1523 1872 2358 2393 2058 1871 1411
667A Lytt  200911071  795  532  353  514  759 1251 1742 1942 2211 2155 1744 1382
667A Lytt  200911072  963  466  282  329  625 1040 1456 1992 2335 2313 2117 1775
667A Lytt  200911081 1317  884  461  402  544  768 1337 1771 2051 2250 2261 1805
667A Lytt  200911082 1465 1033  648  299  436  792 1166 1641 2179 2389 2355 2257
667A Lytt  200911091 1849 1409  866  639  415  479  961 1417 1730 2205 2413 2181
667A Lytt  200911092 1947 1557 1029  607  458  499  693 1147 1728 2182 2308 2480
667A Lytt  200911101 2226 1744 1339  917  620  290  654  987 1244 1885 2362 2250
667A Lytt  200911102 2289 2090 1430  995  758  475  329  816 1295 1689 2091 2432
667A Lytt  200911111 2343 2169 1895 1268  897  588  382  639  877 1458 1938 2163
667A Lytt  200911112 2479 2281 1837 1598 1043  681  452  546  915 1256 1778 2248
667A Lytt  200911121 2399 2450 2309 1679 1390  896  653  458  644 1035 1537 1893
667A Lytt  200911122 2352 2413 2226 2003 1538 1078  660  537  656  787 1288 1936
667A Lytt  200911131 1932 2536 2579 2003 1768 1228  851  443  500  714 1088 1455
667A Lytt  200911132 2045 2307 2297 2256 2077 1489  921  783  550  511  919 1474
667A Lytt  200911141 1762 2206 2445 2222 2026 1667 1167  611  521  665  616 1134
667A Lytt  200911142 1781 2076 2337 2500 2375 1893 1394 1185  648  544  791 1073
667A Lytt  200911151 1487 2004 2369 2418 2442 1991 1614 1127  724  650  498  701
667A Lytt  200911152 1297 1729 2135 2394 2474 2305 1788 1423 1080  633  597  790
667A Lytt  200911161 1035 1512 2049 2260 2446 2287 1969 1556 1030  797  566  575
667A Lytt  200911162  927 1322 1876 2154 2464 2365 2211 1812 1303  913  699  560
667A Lytt  200911171  725 1178 1525 1947 2215 2421 2112 1804 1413  939  699  507
667A Lytt  200911172  653  916 1482 1883 2201 2447 2255 2163 1651 1211  877  568
667A Lytt  200911181  614  784 1081 1607 1990 2027 2290 2063 1591 1393  831  522
667A Lytt  200911182  651  667 1070 1511 1953 2229 2210 2209 1887 1456 1129  767
667A Lytt  200911191  507  663  820 1145 1679 1863 2045 2133 1795 1470 1111  719
667A Lytt  200911192  553  499  738 1092 1595 1943 2127 2346 2146 1716 1495 1076
667A Lytt  200911201  673  668  724  850 1399 1642 1889 2112 2132 1777 1411 1192
667A Lytt  200911202  822  573  729 1005 1275 1804 2043 2255 2348 2179 1794 1359
667A Lytt  200911211 1083  877  673  898 1115 1406 1756 2084 2093 2014 1807 1334
667A Lytt  200911212 1069  708  697  901  930 1294 1748 1968 2035 2089 1895 1443
667A Lytt  200911221 1206  921  578  751  807 1080 1446 1731 1859 2143 1747 1573
667A Lytt  200911222 1270  871  763  590  764 1160 1317 1785 2018 2092 2033 1850
667A Lytt  200911231 1437 1095  850  674  722  864 1206 1522 1778 2030 1957 1817
667A Lytt  200911232 1624 1060 1044  737  712  942 1217 1391 1787 2019 2173 1880
667A Lytt  200911241 1692 1438  991  726  483  700  818 1096 1539 1700 1778 1942
667A Lytt  200911242 1764 1308 1090  948  653  716  930 1204 1526 1817 2078 2062
667A Lytt  200911251 1974 1814 1345 1102  975  746  843 1179 1366 1817 2000 2095
667A Lytt  200911252 2095 1770 1488 1193 1078  882  883 1190 1431 1698 2000 2134
667A Lytt  200911261 2128 2000 1666 1279 1025  821  674  902 1091 1497 1790 1911
667A Lytt  200911262 2124 1968 1653 1410 1161  871  863  988 1171 1453 1808 2016
667A Lytt  200911271 2081 2203 1818 1612 1369  962  794  734  975 1236 1537 2089
667A Lytt  200911272 2151 2210 2063 1794 1506 1235  984  855 1021 1248 1507 1881
667A Lytt  200911281 2064 2207 2058 1857 1510 1059  910  670  776 1059 1356 1738
667A Lytt  200911282 2109 2112 2355 1967 1649 1452 1016  841  850  826 1206 1571
667A Lytt  200911291 1872 2145 2201 1996 1748 1394  931  708  607  751  986 1212
667A Lytt  200911292 1870 2072 2155 2165 2034 1604 1086  916  699  569  795 1215
667A Lytt  200911301 1495 1891 2080 2082 1932 1585 1246  814  538  448  591  855
667A Lytt  200911302 1419 1711 2078 2300 2066 1933 1488 1076  738  488  594  668
667A Lytt  200912011 1166 1543 1875 2110 2169 1874 1401 1117  678  365  462  531
667A Lytt  200912012  903 1433 1944 2162 2242 2252 1865 1348  930  599  411  460
667A Lytt  200912021  726 1213 1663 1969 2227 2123 1855 1446 1008  608  282  333
667A Lytt  200912022  617  925 1543 2051 2193 2352 2223 1719 1294  804  444  257
667A Lytt  200912031  288  704 1116 1585 2046 2102 2032 1767 1306  860  333  220
667A Lytt  200912032  302  410  988 1587 1994 2302 2324 2075 1728 1199  691  293
667A Lytt  200912041  220  297  701 1138 1706 2042 2161 2091 1765 1309  682  365
667A Lytt  200912042  196  138  527 1066 1563 2101 2365 2331 2157 1701 1116  572
667A Lytt  200912051  295  151  321  703 1283 1736 2063 2292 2091 1851 1269  737
667A Lytt  200912052  479   39  300  664 1121 1714 2234 2515 2353 2306 1807 1172
667A Lytt  200912061  653  526  236  390 1003 1416 1782 2167 2443 2269 1832 1342
667A Lytt  200912062  911  390  218  423  698 1224 1802 2272 2449 2404 2302 1674
667A Lytt  200912071 1144  823  338  256  510  974 1329 1836 2269 2382 2135 1894
667A Lytt  200912072 1356  762  475  220  365  784 1254 1766 2180 2529 2432 2056
667A Lytt  200912081 1618 1193  626  311  420  622  900 1465 2023 2221 2443 2186
667A Lytt  200912082 1817 1424  948  423  400  616  817 1339 1844 2269 2389 2383
667A Lytt  200912091 2104 1641 1128  655  430  381  560  978 1527 1985 2308 2428
667A Lytt  200912092 2142 1844 1420  871  486  444  477  795 1317 1787 2148 2311
667A Lytt  200912101 2159 2051 1403  984  675  314  281  577  963 1530 1863 2216
667A Lytt  200912102 2286 2120 1783 1308  787  616  372  560  885 1350 1717 2150
667A Lytt  200912111 2293 2253 1957 1450 1107  722  571  395  859 1232 1567 2040
667A Lytt  200912112 2431 2312 2174 1899 1420 1022  706  616  650 1156 1514 1843
667A Lytt  200912121 2218 2499 2246 1834 1653 1120  627  654  584  841 1268 1816
667A Lytt  200912122 2150 2279 2543 2191 1725 1530 1008  793  579  828  969 1468
667A Lytt  200912131 1901 2206 2218 2196 1916 1401 1073  762  505  656  930 1308
667A Lytt  200912132 1757 2155 2377 2353 2074 1890 1265  963  884  608  806 1180
667A Lytt  200912141 1636 1895 2157 2277 2082 1836 1197  940  641  583  564  988
667A Lytt  200912142 1355 1859 2090 2338 2245 2122 1672 1164  946  727  512  785
667A Lytt  200912151 1228 1587 1819 2129 2284 1941 1678 1305  849  629  577  718
667A Lytt  200912152  962 1441 1877 2058 2170 2323 1896 1448 1189  795  536  592
667A Lytt  200912161  841 1182 1584 1892 2086 2076 1918 1526 1050  781  450  577
667A Lytt  200912162  739  956 1544 1920 2007 2257 2156 1768 1471 1018  665  603
667A Lytt  200912171  583  931 1237 1633 1904 2034 2028 1740 1421 1018  684  548
667A Lytt  200912172  520  813 1157 1631 1878 2221 2163 2093 1759 1395 1052  730
667A Lytt  200912181  632  769  884 1259 1815 1977 1967 2033 1732 1244  890  736
667A Lytt  200912182  596  500 1062 1335 1615 2129 2295 2135 2056 1817 1174 1016
667A Lytt  200912191  866  787  882 1179 1774 1873 2112 2268 2068 1716 1347 1118
667A Lytt  200912192  811  719  973 1162 1619 2039 2269 2318 2270 2188 1686 1145
667A Lytt  200912201 1030 1015  665  938 1460 1692 1817 2233 2222 1894 1589 1426
667A Lytt  200912202  957  738  877  904 1225 1811 2055 2249 2344 2347 1857 1493
667A Lytt  200912211 1279  928  703  844 1158 1363 1595 2066 2123 1932 1786 1494
667A Lytt  200912212 1101  705  779  737  865 1352 1663 1860 2185 2139 1921 1638
667A Lytt  200912221 1250 1023  705  642  809 1044 1320 1651 1884 1969 1835 1569
667A Lytt  200912222 1296  930  689  637  603 1056 1312 1494 1888 2018 1911 1702
667A Lytt  200912231 1481 1208  754  591  729  735 1050 1434 1700 1859 1961 1794
667A Lytt  200912232 1436 1205  935  644  610  812 1007 1310 1709 1885 1904 1866
667A Lytt  200912241 1618 1321  960  726  598  613  814 1041 1399 1748 1863 1808
667A Lytt  200912242 1773 1360 1096  679  672  689  656 1101 1494 1721 1884 2077
667A Lytt  200912251 1825 1638 1302  924  797  604  693  944 1273 1627 1816 2025
667A Lytt  200912252 1952 1694 1516 1027  812  762  702  870 1288 1493 1765 1991
667A Lytt  200912261 1971 1898 1599 1174  934  688  594  740 1095 1413 1708 2131
667A Lytt  200912262 2134 2084 1752 1512 1202  884  792  676 1062 1359 1532 1922
667A Lytt  200912271 2125 2080 1888 1538 1209  971  585  600  815 1155 1425 1824
667A Lytt  200912272 2151 2046 1999 1721 1365 1030  781  612  691 1026 1267 1586
667A Lytt  200912281 2003 2064 2075 1749 1488 1109  717  595  568  812 1039 1645
667A Lytt  200912282 1932 2147 2250 2039 1655 1441  922  748  630  704 1080 1419
667A Lytt  200912291 1842 2147 2348 2143 1952 1534 1071  806  538  664  935 1238
667A Lytt  200912292 1878 2178 2438 2474 2237 1910 1412 1000  735  702  611 1173
667A Lytt  200912301 1567 1928 2211 2394 2234 2106 1454 1107  769  663  589  950
667A Lytt  200912302 1490 1952 2262 2540 2688 2364 1821 1504 1036  624  532  743
667A Lytt  200912311 1115 1683 2006 2288 2412 2367 1943 1298 1034  643  294  511
667A Lytt  200912312  915 1432 1919 2373 2592 2554 2401 1770 1269  870  545  402
