667A Lyttelton          New Zealand         2005 43360S 172430E 0000 3 00000R MM
667A Lytt  200501011 1235 1088  753  652  839 1153 1421 1804 2021 2100 1988 1691
667A Lytt  200501012 1457  991  799  692  806 1063 1461 1805 2018 2097 2208 1861
667A Lytt  200501021 1494 1264  946  695  637  901 1261 1376 1815 2130 1857 1803
667A Lytt  200501022 1745 1147  840  716  710  705 1080 1480 1788 1950 2196 2042
667A Lytt  200501031 1573 1482 1084  678  668  722  791 1180 1608 1895 1956 2166
667A Lytt  200501032 1724 1464 1261  801  652  669  898 1097 1555 1866 2071 2044
667A Lytt  200501041 2025 1706 1315 1010  729  693  711 1031 1434 1735 1991 2192
667A Lytt  200501042 2087 1724 1450 1279  772  612  839  976 1207 1692 2047 2125
667A Lytt  200501051 2116 2153 1615 1193 1008  738  477  807 1117 1384 1804 2176
667A Lytt  200501052 2167 2014 1861 1465 1028  841  609  773  956 1292 1795 1971
667A Lytt  200501061 2207 2227 1952 1534 1299  851  620  655  791 1264 1601 2004
667A Lytt  200501062 2252 2370 2062 1820 1486 1084  736  631  711  941 1397 1743
667A Lytt  200501071 2089 2328 2157 1892 1582 1190  695  561  637  819 1151 1680
667A Lytt  200501072 2048 2269 2366 2112 1829 1480  950  760  552  677 1019 1445
667A Lytt  200501081 1763 2174 2404 2059 1911 1459  979  606  429  546  658 1254
667A Lytt  200501082 1712 2074 2328 2429 2151 1827 1404  806  609  498  528  781
667A Lytt  200501091 1375 1882 2006 2252 2184 1803 1306  776  469  297  276  621
667A Lytt  200501092 1194 1666 1999 2423 2321 2156 1704 1262  681  445  296  349
667A Lytt  200501101  700 1356 1750 1950 2366 2109 1665 1255  696  374  116  253
667A Lytt  200501102  554 1107 1633 2170 2376 2419 2182 1681 1151  722  328  127
667A Lytt  200501111  276  710 1355 1673 2091 2379 2008 1613 1252  653  160   68
667A Lytt  200501112  259  406 1076 1711 2142 2432 2369 2183 1722 1054  638  272
667A Lytt  200501121   15  333  688 1277 1820 2134 2334 2140 1732 1203  686  225
667A Lytt  200501122  177  140  511 1163 1736 2202 2410 2481 2160 1718 1119  644
667A Lytt  200501131  210  269  342  715 1366 1914 2108 2397 2253 1648 1227  792
667A Lytt  200501132  227  173  219  679 1098 1838 2162 2422 2440 2115 1661 1022
667A Lytt  200501141  639  324  193  342  829 1435 1823 2182 2380 2206 1667 1200
667A Lytt  200501142  887  236  193  342  644 1198 1833 2209 2339 2437 2106 1577
667A Lytt  200501151 1088  783  289  243  569  999 1391 1850 2195 2423 2060 1729
667A Lytt  200501152 1310  750  327  314  438  749 1310 1688 2151 2286 2283 1929
667A Lytt  200501161 1479 1187  598  291  388  610  982 1559 1940 2201 2313 2112
667A Lytt  200501162 1859 1319  958  565  365  643  915 1451 1731 2166 2381 2081
667A Lytt  200501171 2067 1618 1242  780  646  400  640 1278 1560 2017 2229 2424
667A Lytt  200501172 2143 1821 1518  903  689  579  608  985 1420 1747 2114 2260
667A Lytt  200501181 2255 1904 1527 1200  757  581  586  680 1351 1615 1928 2261
667A Lytt  200501182 2365 1995 1759 1473 1004  780  615  835 1047 1387 1892 2029
667A Lytt  200501191 2225 2247 1810 1486 1200  810  616  625  875 1304 1641 1981
667A Lytt  200501192 2231 2247 2014 1815 1244 1093  800  571  874 1129 1405 1708
667A Lytt  200501201 2074 2250 1956 1767 1545 1007  717  698  626  802 1371 1762
667A Lytt  200501202 1909 2194 2257 1950 1545 1403  990  620  737  847 1042 1400
667A Lytt  200501211 1807 1995 1993 1913 1732 1230  966  650  571  638  920 1434
667A Lytt  200501212 1695 1900 2228 2125 1817 1637 1208  843  637  806  850 1113
667A Lytt  200501221 1591 1788 2050 2031 1946 1610 1201  989  686  651  797 1042
667A Lytt  200501222 1494 1799 2003 2115 2068 1857 1395 1070  739  625  644  855
667A Lytt  200501231 1156 1509 1882 1888 1952 1798 1490 1050  612  616  514  714
667A Lytt  200501232 1156 1459 1770 2055 2053 1894 1748 1326  903  652  773  586
667A Lytt  200501241  906 1373 1656 1777 2038 1989 1655 1343  964  681  543  651
667A Lytt  200501242  809 1193 1595 1847 2038 2149 1831 1578 1177  812  647  570
667A Lytt  200501251  671 1044 1312 1653 1876 1984 1843 1465 1184  891  422  612
667A Lytt  200501252  559  827 1252 1740 1868 2005 2035 1749 1306  988  774  524
667A Lytt  200501261  462  810 1052 1380 1724 1874 1870 1743 1393 1028  760  513
667A Lytt  200501262  524  655 1007 1365 1752 1998 1963 1985 1591 1286  830  658
667A Lytt  200501271  494  597  855 1150 1535 1726 2001 1803 1576 1360  922  651
667A Lytt  200501272  461  531  699 1070 1416 1845 2013 1990 1789 1503 1178  758
667A Lytt  200501281  599  577  578  986 1343 1655 1913 1942 1851 1602 1222  842
667A Lytt  200501282  592  464  689  779 1220 1709 1829 2024 2031 1659 1397 1037
667A Lytt  200501291  632  590  560  667 1078 1460 1686 1976 1912 1743 1503 1115
667A Lytt  200501292  793  515  535  680  989 1440 1689 1998 2061 1884 1697 1290
667A Lytt  200501301  931  720  561  616  892 1188 1606 1848 1947 1973 1792 1427
667A Lytt  200501302 1031  806  611  634  795 1198 1591 1782 2061 2075 1954 1525
667A Lytt  200501311 1246 1066  645  619  735 1028 1407 1680 1915 2072 2026 1734
667A Lytt  200501312 1403 1039  765  585  721 1033 1188 1644 1978 2127 2074 1809
667A Lytt  200502011 1575 1115  915  591  641  746 1142 1394 1728 2109 1963 1974
667A Lytt  200502012 1654 1204 1084  637  566  748  961 1268 1706 1973 1985 2028
667A Lytt  200502021 1702 1436 1107  769  541  674  864 1104 1545 1804 2112 2017
667A Lytt  200502022 1986 1596 1312  913  629  644  765  914 1325 1773 2012 1977
667A Lytt  200502031 1981 1742 1222 1034  705  463  559  887 1131 1500 1991 2091
667A Lytt  200502032 2098 1916 1647 1202  832  729  463  765 1062 1358 1715 2042
667A Lytt  200502041 2123 1921 1700 1388  931  564  577  619  774 1194 1761 1960
667A Lytt  200502042 2176 2200 1965 1565 1236  846  623  493  733 1024 1352 1797
667A Lytt  200502051 2110 2143 1979 1729 1263  928  509  498  543  828 1354 1760
667A Lytt  200502052 2054 2365 2348 1937 1652 1311  759  545  592  615 1021 1496
667A Lytt  200502061 1920 2108 2263 2122 1667 1321  908  564  429  596  919 1405
667A Lytt  200502062 1850 2271 2484 2375 2126 1773 1317  758  617  596  636 1121
667A Lytt  200502071 1671 1955 2241 2476 2145 1773 1376  959  452  436  694  934
667A Lytt  200502072 1427 2062 2476 2491 2575 2304 1671 1155  954  497  406  718
667A Lytt  200502081 1154 1578 2102 2423 2494 2233 1822 1345  773  453  393  518
667A Lytt  200502082  934 1457 2123 2364 2583 2655 2157 1725 1160  738  508  337
667A Lytt  200502091  687 1159 1628 2172 2470 2490 2285 1857 1235  883  409  306
667A Lytt  200502092  549  933 1501 2013 2440 2737 2454 2179 1840 1018  726  467
667A Lytt  200502101  429  655 1119 1874 2176 2414 2678 2221 1696 1204  932  366
667A Lytt  200502102  340  628 1052 1576 2162 2714 2604 2695 2362 1710 1245  815
667A Lytt  200502111  581  466  801 1334 1909 2288 2680 2702 2309 2007 1452  795
667A Lytt  200502112  579  397  703 1108 1685 2287 2427 2778 2568 2183 1713 1218
667A Lytt  200502121  773  565  586  864 1401 2012 2345 2683 2626 2405 1949 1405
667A Lytt  200502122  966  563  595  736 1142 1717 2121 2420 2577 2381 2003 1517
667A Lytt  200502131 1061  640  462  576  778 1267 1796 2122 2349 2385 2170 1691
667A Lytt  200502132 1231  817  587  391  702 1133 1540 1860 2390 2446 2162 1911
667A Lytt  200502141 1444  930  570  556  557  728 1407 1794 1996 2420 2390 1999
667A Lytt  200502142 1725 1278  846  623  493  923 1145 1452 1988 2205 2186 2134
667A Lytt  200502151 1726 1402  948  682  591  522  936 1394 1601 2088 2458 2149
667A Lytt  200502152 1923 1680 1218  852  712  835  685 1173 1652 1866 2086 2260
667A Lytt  200502161 2025 1642 1419  940  698  590  795 1111 1294 1794 2288 2274
667A Lytt  200502162 2286 2017 1659 1338 1014  939  707 1106 1462 1604 1975 2362
667A Lytt  200502171 2351 2089 1763 1642 1044  771  841  984 1106 1526 2012 2131
667A Lytt  200502172 2322 2246 2066 1586 1351  987  754  766 1074 1285 1446 1988
667A Lytt  200502181 2127 1986 1900 1685 1281  904  816  594  741 1247 1511 1852
667A Lytt  200502182 2155 2175 2163 1804 1463 1237  813  688  885  947 1318 1691
667A Lytt  200502191 1984 2092 2136 1953 1580 1297  947  810  715 1004 1320 1632
667A Lytt  200502192 1987 2240 2306 2071 1827 1635 1109  880  909  916 1133 1489
667A Lytt  200502201 1805 2091 2099 2046 1997 1431 1094  943  564  686 1000 1232
667A Lytt  200502202 1544 2008 2114 2047 2012 1701 1266  849  788  712  801 1048
667A Lytt  200502211 1435 1735 1970 2037 1996 1653 1399 1050  635  670  803 1003
667A Lytt  200502212 1386 1747 1979 2129 2079 1887 1478 1089  903  595  670  806
667A Lytt  200502221 1050 1488 1803 1908 2073 1824 1470 1279  731  551  580  705
667A Lytt  200502222  998 1361 1860 1975 2020 2201 1662 1230 1105  617  580  709
667A Lytt  200502231  739 1200 1579 1867 1945 1951 1725 1498 1022  683  586  590
667A Lytt  200502232  737 1112 1704 1885 2090 2228 1960 1604 1326  881  645  690
667A Lytt  200502241  704 1028 1355 1818 1985 2001 2032 1758 1330  906  765  590
667A Lytt  200502242  535  933 1365 1650 1987 2249 2105 1762 1615 1220  714  689
667A Lytt  200502251  644  772 1076 1633 1869 1956 2161 1926 1516 1232  890  570
667A Lytt  200502252  546  722 1054 1376 1886 2114 2134 2058 1860 1414  961  798
667A Lytt  200502261  611  678  884 1401 1674 1931 2165 2199 1738 1611 1212  798
667A Lytt  200502262  576  690  875 1112 1700 2078 2082 2213 2164 1729 1376 1073
667A Lytt  200502271  779  675  872 1194 1490 1892 2163 2311 2093 1995 1614 1124
667A Lytt  200502272  922  813  744  975 1498 1749 2043 2310 2196 1974 1662 1253
667A Lytt  200502281  927  758  737  933 1304 1709 1982 2306 2305 2197 2004 1516
667A Lytt  200502282 1176  924  727  871 1221 1625 1859 2202 2408 2187 1991 1660
667A Lytt  200503011 1177  829  785  811  901 1383 1806 1929 2145 2344 2015 1727
667A Lytt  200503012 1259  977  758  583  897 1139 1432 1853 2138 2144 2068 1798
667A Lytt  200503021 1384 1074  737  781  649 1062 1368 1705 2036 2260 2345 1962
667A Lytt  200503022 1605 1293  984  607  795  928 1219 1510 1909 2177 2031 2055
667A Lytt  200503031 1777 1351 1009  818  672  722 1070 1427 1728 2021 2285 2122
667A Lytt  200503032 1835 1580 1285  725  689  747  758 1061 1663 1953 1981 2205
667A Lytt  200503041 2069 1617 1316 1148  743  623  980 1122 1350 1990 2213 2223
667A Lytt  200503042 2256 2126 1604 1247  977  736  733  890 1258 1690 1921 2172
667A Lytt  200503051 2346 1949 1652 1546  888  608  717  928  981 1412 2083 2241
667A Lytt  200503052 2248 2397 2109 1547 1307  964  599  724 1012 1272 1658 2098
667A Lytt  200503061 2384 2279 2075 1873 1335  920  677  751  737 1163 1669 2002
667A Lytt  200503062 2254 2643 2330 2111 1682 1358  783  611  778  881 1214 1735
667A Lytt  200503071 2151 2247 2326 2201 1777 1254  924  647  496  806 1119 1601
667A Lytt  200503072 1980 2367 2564 2393 2105 1654 1178  691  623  678  829 1229
667A Lytt  200503081 1929 2200 2253 2581 2172 1684 1395  859  515  544  824 1154
667A Lytt  200503082 1547 2239 2534 2506 2592 2232 1581 1110  799  474  508  855
667A Lytt  200503091 1332 1804 2192 2509 2505 2117 1776 1246  700  475  479  664
667A Lytt  200503092  987 1760 2166 2419 2718 2493 2112 1634 1089  718  510  654
667A Lytt  200503101  871 1360 2024 2401 2417 2688 2160 1698 1276  767  532  402
667A Lytt  200503102  865 1176 1715 2292 2620 2659 2446 2116 1490 1054  654  437
667A Lytt  200503111  509  847 1430 1963 2250 2529 2505 2106 1605 1143  702  325
667A Lytt  200503112  338  659 1092 1584 2133 2437 2375 2266 1920 1253  864  514
667A Lytt  200503121  344  395  851 1470 1803 2186 2552 2276 1927 1541 1029  557
667A Lytt  200503122  297  400  531 1097 1657 2013 2184 2356 2122 1646 1203  777
667A Lytt  200503131  465  244  474  872 1398 1812 2259 2337 2209 1984 1444 1010
667A Lytt  200503132  551  471  408  649 1247 1602 1936 2173 2214 2037 1529 1124
667A Lytt  200503141  776  378  316  643  955 1322 1911 2133 2205 2232 1821 1334
667A Lytt  200503142  988  603  494  390  808 1242 1485 1869 2169 2113 1817 1510
667A Lytt  200503151 1091  595  481  502  534 1040 1481 1816 2015 2247 2013 1743
667A Lytt  200503152 1306  998  614  506  620  861 1208 1623 1923 2093 2062 1827
667A Lytt  200503161 1484  983  797  629  465  789 1246 1455 1817 2219 2162 2043
667A Lytt  200503162 1714 1474  991  750  742  637  939 1344 1648 1920 2096 2031
667A Lytt  200503171 1823 1433 1157  889  609  781  920 1185 1553 1993 2267 2141
667A Lytt  200503172 2145 1799 1272 1092  943  770  680 1166 1224 1736 2014 2004
667A Lytt  200503181 1950 1648 1472 1236  739  741  801  928 1203 1758 1962 1993
667A Lytt  200503182 2097 1901 1607 1380 1052  627  685  832 1129 1322 1663 1911
667A Lytt  200503191 1871 1833 1615 1429  931  735  736  570  959 1314 1531 1807
667A Lytt  200503192 2091 2017 1748 1580 1208  763  689  654  804 1042 1347 1712
667A Lytt  200503201 1906 1925 1828 1592 1206  945  801  612  680 1063 1333 1612
667A Lytt  200503202 1948 2139 1884 1820 1601  973  835  746  568  895 1200 1445
667A Lytt  200503211 1768 1962 1982 1809 1559 1226  962  687  738  816 1140 1475
667A Lytt  200503212 1775 2075 2072 2024 1822 1404 1056  875  652  731 1035 1291
667A Lytt  200503221 1580 1913 2148 1912 1813 1590 1161  811  760  648  827 1327
667A Lytt  200503222 1579 1888 2170 2197 1974 1714 1249 1056  728  727  874  972
667A Lytt  200503231 1382 1822 1966 2043 2036 1832 1367  999  870  638  667 1023
667A Lytt  200503232 1324 1695 2042 2212 2183 1897 1641 1175  852  828  679  816
667A Lytt  200503241 1244 1622 1823 2151 2251 1963 1790 1398  997  743  796  806
667A Lytt  200503242 1104 1569 1990 2235 2381 2147 1943 1583 1136 1016  768  844
667A Lytt  200503251 1049 1462 1861 2252 2302 2364 2138 1670 1393  988  792  905
667A Lytt  200503252  970 1350 1822 2165 2242 2406 2097 1927 1474 1107  846  772
667A Lytt  200503261  916 1173 1650 2085 2240 2462 2333 1922 1663 1134  868  616
667A Lytt  200503262  773  899 1383 1769 2134 2189 2237 2002 1567 1221  918  585
667A Lytt  200503271  647  758 1167 1631 1945 2183 2344 1930 1859 1356  902  705
667A Lytt  200503272  637  718  927 1509 1835 2007 2282 2225 1800 1523 1198  699
667A Lytt  200503281  610  741  951 1351 1765 2155 2252 2190 2180 1742 1282  985
667A Lytt  200503282  749  595  854 1199 1584 1885 2193 2351 2020 1929 1518  969
667A Lytt  200503291  761  637  751  969 1466 1891 2067 2248 2358 1914 1547 1306
667A Lytt  200503292  847  579  628  836 1140 1541 1857 2179 2068 2004 1780 1104
667A Lytt  200503301  936  636  514  676  996 1422 1667 2094 2214 2021 1939 1413
667A Lytt  200503302 1022  723  470  599  716 1066 1451 1842 1879 2097 1841 1369
667A Lytt  200503311 1104  830  450  420  708  981 1375 1683 2132 2062 2031 1867
667A Lytt  200503312 1355 1009  605  477  461  721 1035 1450 1741 2016 2030 1712
667A Lytt  200504011 1460 1135  694  523  584  776  947 1513 1949 2003 2154 2248
667A Lytt  200504012 1757 1432 1193  780  603  685  889 1276 1671 1969 2295 2131
667A Lytt  200504021 2068 1665 1177  927  707  592  896 1209 1556 1892 2258 2421
667A Lytt  200504022 2159 1888 1554 1105  790  563  632  940 1254 1668 2144 2330
667A Lytt  200504031 2215 2095 1718 1214  931  787  673  823 1257 1621 1966 2358
667A Lytt  200504032 2508 2225 2077 1689 1204  718  701  754  829 1358 1762 2116
667A Lytt  200504041 2245 2321 2096 1590 1158  956  586  493  663 1282 1505 2020
667A Lytt  200504042 2322 2413 2274 1951 1502 1036  683  510  556  842 1283 1738
667A Lytt  200504051 2104 2300 2263 2004 1589 1116  716  487  470  683 1084 1562
667A Lytt  200504052 2002 2243 2361 2270 1945 1360  902  654  402  535  819 1251
667A Lytt  200504061 1752 2139 2323 2280 2020 1635 1041  724  500  435  705 1151
667A Lytt  200504062 1729 2031 2439 2590 2292 1901 1391  971  567  469  623  781
667A Lytt  200504071 1352 1919 2183 2304 2359 1996 1504  971  700  329  235  662
667A Lytt  200504072 1049 1520 2003 2272 2327 2014 1652 1199  595  414  294  356
667A Lytt  200504081  674 1383 1815 2035 2262 2325 1776 1340 1050  456  257  433
667A Lytt  200504082  672 1025 1617 2183 2242 2200 2135 1574  983  728  360  265
667A Lytt  200504091  370  919 1398 1794 2229 2388 2139 1843 1352  817  539  289
667A Lytt  200504092  416  632 1161 1718 1966 2121 2281 1899 1340 1004  650  345
667A Lytt  200504101  224  627  945 1368 1885 2196 2233 2124 1774 1179  803  512
667A Lytt  200504102  343  419  675 1335 1647 1879 2251 2142 1746 1540 1023  578
667A Lytt  200504111  419  434  621  976 1587 2032 2167 2252 2240 1631 1214  965
667A Lytt  200504112  650  273  724 1050 1279 1765 2211 2159 2075 2025 1528  962
667A Lytt  200504121  750  703  546  845 1442 1761 2094 2434 2372 2052 1773 1367
667A Lytt  200504122 1054  539  712  839 1099 1436 1952 2181 2054 2281 1853 1304
667A Lytt  200504131 1031  847  606  699 1049 1498 1730 2220 2436 2140 2062 1794
667A Lytt  200504132 1250  895  785  677  805 1108 1459 1806 1988 2155 2038 1560
667A Lytt  200504141 1382 1115  617  661  795 1108 1313 1771 2126 2036 2151 2024
667A Lytt  200504142 1476 1196  866  754  521  820 1205 1399 1654 2081 2052 1718
667A Lytt  200504151 1548 1344  802  634  803  709  935 1440 1723 1826 1985 2116
667A Lytt  200504152 1594 1349 1211  680  516  657  776  981 1462 1860 1823 1792
667A Lytt  200504161 1869 1466 1065  933  706  635  758 1192 1410 1646 2013 2107
667A Lytt  200504162 1856 1616 1492 1051  687  703  690  848 1151 1558 1752 1863
667A Lytt  200504171 1946 1683 1413 1081  950  731  610  979 1140 1408 1805 2088
667A Lytt  200504172 1923 1800 1825 1316  845  808  696  661  946 1364 1663 1713
667A Lytt  200504181 2002 2033 1601 1409 1245  790  708  878  970 1218 1664 1905
667A Lytt  200504182 2068 1994 1980 1688 1182  970  780  716  747 1094 1458 1709
667A Lytt  200504191 1858 2148 1834 1663 1420 1030  799  621  870  957 1225 1708
667A Lytt  200504192 1961 1982 2031 1935 1438 1140  847  719  609  909 1315 1553
667A Lytt  200504201 1869 2154 2135 1917 1827 1400  935  890  822  856 1123 1613
667A Lytt  200504202 1981 2058 2249 2198 1939 1449 1165  849  646  841 1014 1360
667A Lytt  200504211 1643 2056 2117 2086 2064 1688 1167  944  776  627  854 1252
667A Lytt  200504212 1631 1933 2223 2192 1976 1795 1341  968  695  698  945  933
667A Lytt  200504221 1428 1939 2069 2048 2217 1949 1427 1088  936  617  564  996
667A Lytt  200504222 1426 1583 2035 2292 2132 1866 1663 1209  750  726  662  870
667A Lytt  200504231 1107 1747 2023 2046 2330 2226 1782 1486 1173  730  537  913
667A Lytt  200504232 1025 1342 1847 2314 2322 1956 2096 1576 1017  845  896  787
667A Lytt  200504241  757 1534 2131 2001 2532 2711 2149 1901 1642 1020  517  825
667A Lytt  200504242  863 1091 1600 2104 2181 2210 2259 1800 1270 1037  761  518
667A Lytt  200504251  653 1097 1468 1701 2240 2434 2092 2048 1721 1072  664  648
667A Lytt  200504252  574  658 1228 1623 1894 2067 2268 1950 1472 1251  911  434
667A Lytt  200504261  307  791  909 1222 1980 2222 1994 2214 2034 1270  887  712
667A Lytt  200504262  429  298  702 1314 1485 1722 2236 2018 1715 1688 1123  644
667A Lytt  200504271  445  606  599  905 1730 1999 2037 2419 2292 1753 1345 1125
667A Lytt  200504272  628  374  535  999 1044 1565 2157 2112 1975 2130 1605  955
667A Lytt  200504281  668  691  484  574 1451 1722 1815 2421 2464 2115 1802 1572
667A Lytt  200504282  994  592  577  702  870 1243 1789 2030 2070 2284 1957 1470
667A Lytt  200504291 1077  925  591  457 1032 1355 1545 2197 2563 2361 2194 2059
667A Lytt  200504292 1539  953  827  782  619  927 1565 1819 2034 2419 2434 1856
667A Lytt  200504301 1581 1375  695  596  765  921 1125 1774 2210 2248 2400 2320
667A Lytt  200504302 1913 1395 1017  862  487  581 1002 1325 1654 2083 2413 2116
667A Lytt  200505011 1885 1689 1095  649  754  669  708 1289 1812 2051 2239 2532
667A Lytt  200505012 2289 1775 1494 1134  585  449  817  868 1290 1911 2211 2249
667A Lytt  200505021 2210 2021 1678  969  867  684  376  935 1380 1538 1999 2509
667A Lytt  200505022 2361 2184 1914 1436  819  578  466  545  745 1317 1779 1976
667A Lytt  200505031 2136 2282 1786 1297 1122  666  336  504  732 1114 1458 2053
667A Lytt  200505032 2269 2158 2131 1731 1061  834  474  197  389  798 1309 1625
667A Lytt  200505041 2006 2271 2051 1726 1424  914  395  400  321  595  897 1535
667A Lytt  200505042 1949 2058 2122 2028 1482  990  685  391  185  393  920 1225
667A Lytt  200505051 1632 2169 2204 1902 1929 1406  686  630  450  270  624 1200
667A Lytt  200505052 1614 1882 2237 2312 1863 1544 1147  580  297  449  554  851
667A Lytt  200505061 1413 1999 2150 2189 2368 1899 1229 1008  687  373  439  973
667A Lytt  200505062 1229 1705 2222 2324 2088 2111 1695  934  763  580  515  670
667A Lytt  200505071 1099 1786 1982 2220 2712 2164 1850 1614 1091  562  589  737
667A Lytt  200505072  891 1423 2043 2158 2267 2458 2062 1488 1159  933  592  590
667A Lytt  200505081  918 1389 1690 2142 2658 2345 2247 2087 1430  956  657  753
667A Lytt  200505082  646  933 1648 1875 2017 2364 2260 1708 1457 1123  693  471
667A Lytt  200505091  647  910 1248 1745 2331 2240 2231 2357 1696 1233  956  735
667A Lytt  200505092  501  746 1272 1554 1818 2241 2312 2081 1867 1452 1053  745
667A Lytt  200505101  608  851 1046 1503 2078 2186 2330 2533 2125 1666 1373 1037
667A Lytt  200505102  713  725 1004 1307 1583 2036 2286 2205 2106 1898 1400 1145
667A Lytt  200505111  776  821  905 1204 1770 2006 2276 2456 2394 1978 1616 1408
667A Lytt  200505112  933  771  912 1133 1309 1819 2105 2153 2341 2100 1773 1450
667A Lytt  200505121 1047  917  807  941 1469 1740 1973 2414 2435 2183 1939 1672
667A Lytt  200505122 1219  878  880  832 1039 1392 1723 1903 2145 2180 1925 1637
667A Lytt  200505131 1309 1056  826  847 1201 1456 1734 2128 2331 2189 2107 1884
667A Lytt  200505132 1515 1079  950  827  838 1210 1523 1708 2078 2270 2137 1825
667A Lytt  200505141 1528 1397  900  837 1095 1120 1375 2005 2138 2111 2226 2199
667A Lytt  200505142 1691 1399 1300  816  769 1123 1238 1328 1968 2105 2102 2007
667A Lytt  200505151 1801 1530 1084  973 1072  864 1175 1663 1802 2083 2268 2163
667A Lytt  200505152 1913 1597 1377 1055  771  859  970 1163 1536 1853 2008 2119
667A Lytt  200505161 1933 1683 1349 1007  944  758  876 1299 1488 1693 2050 2140
667A Lytt  200505162 2019 1742 1569 1172  787  808  731  872 1231 1530 1827 1968
667A Lytt  200505171 2012 1792 1431 1246  971  698  660  994 1065 1360 1827 1970
667A Lytt  200505172 1976 1905 1659 1233  925  814  545  593 1023 1270 1494 1799
667A Lytt  200505181 2040 1882 1586 1422 1097  673  649  764  794 1119 1525 1855
667A Lytt  200505182 1973 1965 1895 1548 1130  976  592  500  757  982 1317 1760
667A Lytt  200505191 1861 2004 1909 1652 1393  896  791  645  673  883 1252 1618
667A Lytt  200505192 1864 2061 2006 1784 1462 1075  746  534  622  789 1092 1496
667A Lytt  200505201 1840 2036 2089 1907 1715 1263  944  785  573  710 1069 1478
667A Lytt  200505202 1800 2102 2168 2093 1864 1453  959  789  668  707 1049 1284
667A Lytt  200505211 1755 2100 2171 2265 2196 1600 1284  964  686  618  757 1190
667A Lytt  200505212 1583 1908 2244 2211 1980 1778 1343  890  765  597  658 1075
667A Lytt  200505221 1442 1827 2192 2278 2308 2054 1610 1200  823  661  663  854
667A Lytt  200505222 1252 1801 2022 2279 2322 2096 1653 1302  979  629  710  838
667A Lytt  200505231 1157 1686 2102 2321 2562 2316 2078 1591 1156  868  614  644
667A Lytt  200505232  872 1395 1825 2067 2308 2278 1856 1568 1112  763  470  494
667A Lytt  200505241  847 1114 1619 2114 2360 2329 2387 1886 1405 1074  659  478
667A Lytt  200505242  520  968 1369 1693 2159 2360 2045 1999 1557  997  810  581
667A Lytt  200505251  525  783 1416 1820 2112 2555 2575 2337 2004 1501 1020  691
667A Lytt  200505252  609  759 1043 1538 1964 2273 2385 2300 2114 1591 1146  774
667A Lytt  200505261  620  657  979 1422 1972 2393 2567 2665 2414 1911 1542 1057
667A Lytt  200505262  724  615  733 1122 1643 2071 2299 2470 2492 2047 1607 1220
667A Lytt  200505271  840  566  702 1129 1573 1979 2465 2702 2737 2441 2005 1614
667A Lytt  200505272 1052  873  777  848 1195 1687 2061 2407 2576 2433 2073 1572
667A Lytt  200505281 1208  785  486  765 1166 1419 1992 2549 2532 2601 2476 1973
667A Lytt  200505282 1549 1076  803  501  816 1145 1500 1901 2401 2439 2207 1952
667A Lytt  200505291 1550 1035  681  591  817  855 1521 1979 2344 2519 2638 2251
667A Lytt  200505292 2012 1487  941  677  581  722 1025 1602 2069 2323 2491 2315
667A Lytt  200505301 2018 1506 1044  818  522  752  958 1505 1970 2234 2464 2538
667A Lytt  200505302 2268 1902 1600  958  712  806  807 1149 1788 2242 2401 2615
667A Lytt  200505311 2472 2100 1685 1244  880  679  853 1130 1493 1887 2372 2495
667A Lytt  200505312 2489 2327 1767 1428  902  721  547  760 1241 1560 2179 2442
667A Lytt  200506011 2480 2437 2064 1668 1245  899  746  729 1186 1461 1820 2191
667A Lytt  200506012 2559 2332 2206 1869 1296  935  646  612  824 1238 1834 2133
667A Lytt  200506021 2361 2569 2344 2025 1774 1201  880  832  920 1026 1503 2009
667A Lytt  200506022 2264 2446 2509 2043 1825 1397  637  652  718  927 1161 1754
667A Lytt  200506031 2070 2349 2480 2396 2147 1608 1258  959  795  924 1110 1620
667A Lytt  200506032 2023 2346 2445 2430 2032 1785 1027  850  691  579  942 1365
667A Lytt  200506041 1777 2041 2384 2429 2193 1844 1619  910  720  677  555 1042
667A Lytt  200506042 1469 1812 2083 2250 2146 1824 1365 1039  691  436  613  765
667A Lytt  200506051 1268 1609 2028 2233 2225 2043 1601 1203  846  557  423  614
667A Lytt  200506052  926 1386 1742 1944 2138 2067 1493 1224  824  487  424  603
667A Lytt  200506061  728 1256 1770 2048 2188 2385 1948 1581 1228  766  549  490
667A Lytt  200506062  769 1133 1339 1865 2074 2067 1846 1584 1075  798  567  415
667A Lytt  200506071  557  966 1392 1756 2057 2208 2187 1807 1421 1050  533  517
667A Lytt  200506072  472  801 1111 1535 1837 1953 2076 1829 1433 1054  820  455
667A Lytt  200506081  455  710 1035 1454 1873 2081 2196 1950 1744 1297  819  646
667A Lytt  200506082  456  584  742 1150 1532 1841 1867 1893 1733 1176  977  673
667A Lytt  200506091  448  438  804 1108 1553 1908 2114 2037 1958 1552 1129  776
667A Lytt  200506092  620  505  556  873 1271 1605 1735 1978 1808 1534 1249  839
667A Lytt  200506101  551  542  570  706 1321 1579 1827 1979 2072 1694 1327 1111
667A Lytt  200506102  659  532  524  611 1016 1326 1573 1845 1883 1710 1578  987
667A Lytt  200506111  792  584  398  602 1042 1237 1623 1981 1938 1858 1622 1249
667A Lytt  200506112  988  668  471  469  725 1135 1259 1534 1882 1713 1675 1331
667A Lytt  200506121  909  675  586  440  717 1011 1274 1673 1909 1794 1796 1509
667A Lytt  200506122 1148  864  545  520  500  798 1072 1309 1613 1808 1694 1491
667A Lytt  200506131 1201  916  667  435  502  783  998 1442 1708 1754 1798 1730
667A Lytt  200506132 1338 1137  720  521  499  564  787 1122 1411 1622 1851 1592
667A Lytt  200506141 1418 1198  745  537  628  499  752 1179 1462 1603 1830 1836
667A Lytt  200506142 1568 1208 1100  597  354  526  555  792 1273 1511 1661 1772
667A Lytt  200506151 1690 1341  966  763  578  428  633  904 1221 1388 1754 1933
667A Lytt  200506152 1641 1583 1323  788  627  610  442  690 1112 1314 1540 1973
667A Lytt  200506161 1851 1656 1349  953  719  478  596  705  903 1277 1707 1816
667A Lytt  200506162 1838 1940 1467 1135  906  569  396  613  842 1119 1587 1858
667A Lytt  200506171 1889 1855 1788 1260  982  833  605  486  909 1087 1421 1838
667A Lytt  200506172 2049 1999 1836 1590 1124  945  584  544  791  893 1496 1827
667A Lytt  200506181 1920 2297 2098 1766 1587 1131  828  653  789 1012 1212 1668
667A Lytt  200506182 2116 2214 2146 2020 1614 1208  831  705  668  796 1276 1666
667A Lytt  200506191 1905 2263 2281 2194 1847 1451 1146  764  669  693  980 1286
667A Lytt  200506192 1873 2048 2244 2151 1898 1597 1025  781  618  664  803 1403
667A Lytt  200506201 1762 2061 2286 2513 2212 1779 1576 1025  663  616  727  981
667A Lytt  200506202 1566 2001 2077 2328 2377 1889 1486 1132  878  603  729  992
667A Lytt  200506211 1447 1845 2291 2573 2620 2295 1984 1483  954  792  656  753
667A Lytt  200506212 1138 1763 2016 2288 2571 2345 1900 1511 1098  707  562  673
667A Lytt  200506221 1127 1433 1911 2436 2705 2476 2369 1978 1267  897  669  611
667A Lytt  200506222  602 1240 1738 1864 2396 2631 2124 1899 1550  838  661  468
667A Lytt  200506231  665  979 1607 1976 2477 2614 2584 2348 1744 1329  767  549
667A Lytt  200506232  431  748 1058 1594 1947 2315 2362 2110 1767 1129  817  486
667A Lytt  200506241  259  529  956 1530 1992 2344 2572 2605 2169 1664 1204  631
667A Lytt  200506242  419  377  566  969 1620 1939 2289 2364 2241 1632 1195  887
667A Lytt  200506251  368  282  526  869 1411 1992 2455 2455 2545 2173 1575 1137
667A Lytt  200506252  789  380  405  660 1075 1650 1961 2321 2564 2142 1757 1288
667A Lytt  200506261  686  469  295  566  894 1459 2098 2252 2519 2429 1993 1563
667A Lytt  200506262 1153  661  310  292  677 1015 1472 1925 2445 2230 2070 1745
667A Lytt  200506271 1073  777  291  304  545  902 1346 1889 2209 2247 2222 2027
667A Lytt  200506272 1469  902  660  334  199  669 1021 1428 1946 2363 2286 2101
667A Lytt  200506281 1730 1236  788  481  457  649  956 1486 1942 2213 2377 2235
667A Lytt  200506282 2042 1487 1167  697  376  637  686 1081 1720 2099 2244 2486
667A Lytt  200506291 2209 1826 1288 1001  707  319  951  975 1506 1985 2320 2316
667A Lytt  200506292 2253 1952 1423 1129  505  648  409  794 1260 1686 2091 2347
667A Lytt  200506301 2370 2192 1776 1441  950  580  659  706  950 1413 1836 2039
667A Lytt  200506302 2281 2102 1767 1464  890  600  452  508  741 1117 1685 1970
667A Lytt  200507011 2080 2348 1901 1560 1379  810  552  629  762  823 1356 1784
667A Lytt  200507012 1969 2119 2050 1627 1227  971  440  309  586  706 1101 1599
667A Lytt  200507021 1911 2075 2155 1976 1614 1113  854  454  468  666  833 1408
667A Lytt  200507022 1672 2026 2077 1800 1724 1286  664  670  416  494  898 1277
667A Lytt  200507031 1647 1998 2183 2052 2003 1458 1066  864  462  516  598  996
667A Lytt  200507032 1458 1774 2034 1941 1946 1592 1000  857  494  329  626  906
667A Lytt  200507041 1193 1715 2138 2049 2118 1957 1345 1103  776  431  471  760
667A Lytt  200507042 1145 1427 1850 2006 1965 1901 1306 1098  730  420  435  641
667A Lytt  200507051  982 1369 1836 2025 2114 2063 1751 1241  950  630  414  513
667A Lytt  200507052  757 1161 1466 1790 1920 1967 1621 1255 1028  540  519  390
667A Lytt  200507061  760 1057 1467 1804 2096 2194 1899 1547 1243  832  444  451
667A Lytt  200507062  577  840 1182 1595 1831 2012 1795 1558 1425  764  663  511
667A Lytt  200507071  550  907 1261 1686 1988 2203 2095 2028 1534 1143  724  625
667A Lytt  200507072  664  670 1090 1508 1738 2075 2129 1914 1681 1309  978  809
667A Lytt  200507081  564  883 1123 1500 2035 2172 2271 2356 2030 1446 1248  998
667A Lytt  200507082  723  753 1105 1337 1645 2097 2182 2002 2009 1706 1359  945
667A Lytt  200507091  887  898  797 1407 1889 2010 2248 2473 2153 1822 1453 1164
667A Lytt  200507092  830  821  852 1067 1438 1875 1937 2080 2181 1741 1397 1158
667A Lytt  200507101  950  649  749 1057 1486 1639 2130 2251 2073 2038 1586 1244
667A Lytt  200507102  953  819  712  786 1116 1589 1675 1952 2147 1903 1702 1411
667A Lytt  200507111 1115  828  700  936 1099 1413 1842 2073 2147 2044 1823 1508
667A Lytt  200507112 1233  880  724  756  906 1403 1493 1917 2219 1972 2010 1702
667A Lytt  200507121 1352 1017  758  930  937 1269 1667 2045 2230 2245 2060 1927
667A Lytt  200507122 1555 1321 1006  938  962 1190 1403 1774 2085 2113 2152 1859
667A Lytt  200507131 1621 1267  914  826  896 1074 1307 1677 2104 2139 2104 2063
667A Lytt  200507132 1831 1364 1162  930  678  967 1170 1477 1818 2158 2149 1964
667A Lytt  200507141 1850 1509 1085  855  848  827 1015 1479 1729 1962 2056 2147
667A Lytt  200507142 1814 1665 1398  948  818  895  897 1107 1616 1860 2061 2095
667A Lytt  200507151 2113 1652 1338 1226  863  729  866 1139 1412 1771 1915 2134
667A Lytt  200507152 1934 1730 1551 1128  719  770  662  809 1283 1585 1805 2090
667A Lytt  200507161 2178 1869 1530 1335 1080  652  725  826 1042 1387 1570 2033
667A Lytt  200507162 2028 1877 1701 1277  997  692  541  689  828 1157 1612 1914
667A Lytt  200507171 2010 2088 1820 1469 1269  847  613  575  792  962 1338 1714
667A Lytt  200507172 1943 2015 1904 1418 1204  909  524  399  510  729 1211 1653
667A Lytt  200507181 1861 2052 2023 1791 1584 1112  676  549  505  538  970 1315
667A Lytt  200507182 1701 2006 1924 1790 1488 1230  528  499  263  316  908 1299
667A Lytt  200507191 1640 2047 2283 2035 1858 1497  985  609  439  334  507  996
667A Lytt  200507192 1486 1788 2042 2176 1761 1568 1033  605  382  160  460  869
667A Lytt  200507201 1227 1956 2301 2311 2305 1970 1465  972  794  228  288  598
667A Lytt  200507202 1035 1558 2042 2208 2167 1994 1462 1126  590  280  325  549
667A Lytt  200507211  924 1542 1972 2380 2550 2392 2029 1623 1016  540  278  320
667A Lytt  200507212  577 1044 1675 1974 2201 2323 1871 1510  972  398  291  160
667A Lytt  200507221  355  919 1425 1780 2429 2589 2185 2005 1497  775  298  359
667A Lytt  200507222  247  496 1234 1649 1853 2428 2403 1852 1585  985  553  180
667A Lytt  200507231  261  404  891 1544 2170 2435 2497 2594 1991 1281  968  545
667A Lytt  200507232  138  334  712 1185 1627 2268 2376 2292 2164 1575  961  485
667A Lytt  200507241  333  168  425  966 1684 1962 2452 2690 2336 1846 1329  981
667A Lytt  200507242  328  289  310  626 1247 1869 2069 2384 2571 2034 1565 1095
667A Lytt  200507251  609  318  265  593 1075 1593 2194 2509 2466 2386 1903 1401
667A Lytt  200507252  956  469  397  342  777 1309 1785 2173 2433 2496 2028 1511
667A Lytt  200507261 1142  659  368  293  770 1091 1550 2169 2480 2302 2320 1867
667A Lytt  200507262 1258  930  507  341  372  823 1280 1767 2114 2396 2394 2034
667A Lytt  200507271 1589 1218  631  457  556  720 1176 1595 1986 2230 2292 2167
667A Lytt  200507272 1756 1193  851  585  257  544  823 1243 1715 2091 2395 2138
667A Lytt  200507281 1972 1537 1089  693  508  468  717 1071 1524 1815 2074 2178
667A Lytt  200507282 2011 1595 1347  765  489  400  507  862 1285 1714 2080 2338
667A Lytt  200507291 2127 2077 1458 1143  880  552  530  816 1210 1352 1813 2177
667A Lytt  200507292 2129 1994 1650 1186  748  536  433  542  838 1411 1708 1956
667A Lytt  200507301 2369 2253 1786 1556 1254  729  544  734  926  990 1532 1926
667A Lytt  200507302 2060 2090 2038 1601 1137  925  460  503  724  949 1376 1850
667A Lytt  200507311 2136 2233 2163 1875 1589 1147  810  705  659  833 1172 1562
667A Lytt  200507312 1900 2112 2101 1952 1534 1204  772  554  559  679 1101 1440
667A Lytt  200508011 1919 2144 2179 2093 1916 1417  959  792  688  511  908 1219
667A Lytt  200508012 1572 1821 2151 2002 1831 1524  962  822  525  518  764 1169
667A Lytt  200508021 1482 1889 2170 2217 1987 1832 1367  859  748  601  537  879
667A Lytt  200508022 1384 1625 1884 2136 1943 1639 1379  948  611  528  609  768
667A Lytt  200508031 1193 1625 1911 2064 2240 1900 1521 1271  786  625  479  641
667A Lytt  200508032 1028 1329 1787 2028 1990 1945 1656 1197  854  651  662  447
667A Lytt  200508041 1016 1364 1607 2069 2152 2092 1924 1470 1006  757  459  606
667A Lytt  200508042  685 1125 1520 1756 1918 2119 1750 1508 1174  692  687  472
667A Lytt  200508051  755 1079 1406 1806 2125 2123 2051 1816 1343  872  657  563
667A Lytt  200508052  617  780 1247 1712 1814 2048 2036 1666 1424 1066  657  553
667A Lytt  200508061  661  731 1091 1691 1935 2039 2205 1951 1610 1129  903  626
667A Lytt  200508062  499  742  981 1387 1730 1977 2011 2049 1585 1307  915  649
667A Lytt  200508071  527  739  881 1268 1879 2035 2087 2248 1862 1513 1165  770
667A Lytt  200508072  704  617  894 1191 1541 1921 2035 2137 1924 1593 1252  974
667A Lytt  200508081  645  672  802 1062 1571 1936 2018 2295 2085 1697 1457 1105
667A Lytt  200508082  802  626  722  972 1335 1694 1829 2089 1989 1892 1612 1049
667A Lytt  200508091  882  735  605  901 1329 1744 1922 2221 2300 1953 1687 1365
667A Lytt  200508092 1037  720  760  959 1143 1554 1869 2019 2254 2095 1785 1576
667A Lytt  200508101 1125  775  766  670 1022 1514 1661 2047 2203 2023 1756 1579
667A Lytt  200508102 1172  785  728  731  776 1147 1585 1804 1990 2100 2148 1554
667A Lytt  200508111 1242 1045  658  655  884 1107 1396 1848 1985 2050 1984 1806
667A Lytt  200508112 1394 1037  910  761  728  989 1372 1631 1923 2101 2229 1816
667A Lytt  200508121 1715 1295  989  753  837 1038 1103 1577 1901 2025 2019 2021
667A Lytt  200508122 1637 1239 1160  722  622  802 1146 1277 1658 2083 2164 2021
667A Lytt  200508131 1926 1672 1125  908  911  746  862 1338 1668 1741 2027 2186
667A Lytt  200508132 1911 1669 1439  937  786  804  701 1134 1491 1802 2125 2259
667A Lytt  200508141 2118 1970 1549 1200 1159  660  767 1005 1347 1497 1827 2151
667A Lytt  200508142 1926 1850 1561 1202  827  656  582  718 1032 1376 1896 2078
667A Lytt  200508151 2146 2161 1811 1478 1162  775  630  629  978 1169 1512 2002
667A Lytt  200508152 2053 1934 1920 1519 1060  778  529  580  677 1076 1621 1820
667A Lytt  200508161 2178 2335 2136 1768 1574 1057  666  565  677  799 1139 1678
667A Lytt  200508162 1993 2134 2138 1992 1451 1070  765  507  437  718 1164 1423
667A Lytt  200508171 1982 2313 2334 2089 1935 1450  878  600  539  445  606 1327
667A Lytt  200508172 1548 1908 2297 2114 1637 1496  894  513  256  264  586  938
667A Lytt  200508181 1468 2011 2235 2179 2314 1689 1245  861  510  180  275  781
667A Lytt  200508182 1092 1567 2140 2309 2035 1846 1402  819  291  208  264  371
667A Lytt  200508191  952 1637 2047 2181 2548 2289 1687 1360  870  290  179  417
667A Lytt  200508192  667 1173 1893 2226 2270 2255 1917 1340  652  482  167   54
667A Lytt  200508201  435 1144 1532 1994 2561 2475 2129 1838 1251  552  207  205
667A Lytt  200508202  247  483 1351 1900 2023 2446 2276 1854 1359  751  510  102
667A Lytt  200508211  117  733 1079 1611 2308 2554 2435 2302 1813 1095  585  384
667A Lytt  200508212  177  246  872 1518 1764 2259 2638 2314 1895 1482  901  422
667A Lytt  200508221  182  393  688 1175 1855 2240 2445 2572 2292 1610 1113  775
667A Lytt  200508222  231  196  464  897 1424 2021 2344 2468 2379 2052 1448  864
667A Lytt  200508231  567  403  320  794 1349 1857 2113 2592 2433 2074 1668 1255
667A Lytt  200508232  631  382  504  452 1021 1510 2022 2314 2515 2365 2010 1347
667A Lytt  200508241 1034  615  345  521  848 1429 1722 2316 2505 2292 2162 1663
667A Lytt  200508242 1186  731  538  518  531 1113 1603 1868 2299 2454 2321 1785
667A Lytt  200508251 1435 1121  440  508  649  808 1276 1677 2141 2075 2101 2048
667A Lytt  200508252 1421 1020  827  470  407  673 1113 1480 1918 2398 2413 2230
667A Lytt  200508261 1908 1593 1034  744  786  644  927 1436 1752 1944 2237 2245
667A Lytt  200508262 1813 1528 1292  746  654  533  849 1127 1539 1950 2225 2301
667A Lytt  200508271 2095 1813 1483  989  755  643  643 1005 1273 1476 1863 2112
667A Lytt  200508272 1927 1791 1394 1056  770  403  569  789  913 1475 1922 1952
667A Lytt  200508281 2256 1990 1643 1314  971  607  551  728  881 1107 1544 1929
667A Lytt  200508282 2004 1743 1854 1265  935  643  448  517  618 1058 1515 1691
667A Lytt  200508291 1971 2172 1896 1505 1315  893  584  441  726  763 1129 1572
667A Lytt  200508292 1836 1923 1878 1735 1271  853  658  526  505  811 1155 1407
667A Lytt  200508301 1919 2080 2056 1819 1599 1320  697  776  573  558  958 1334
667A Lytt  200508302 1594 1858 2022 1831 1620 1236  862  692  558  626  976 1241
667A Lytt  200508311 1589 2080 2100 2058 1924 1544 1085  807  699  526  685 1112
667A Lytt  200508312 1488 1624 1970 2144 1748 1465 1287  822  574  595  830 1009
667A Lytt  200509011 1362 1865 2056 2051 2085 1834 1377 1086  753  529  668  924
667A Lytt  200509012 1120 1563 1923 2012 1978 1723 1469 1012  680  633  526  738
667A Lytt  200509021 1183 1576 1837 2088 2183 1986 1639 1327  874  518  594  642
667A Lytt  200509022  810 1261 1733 1817 1904 1948 1623 1225  882  743  548  452
667A Lytt  200509031  942 1289 1535 1912 2221 2016 1779 1633 1069  656  624  518
667A Lytt  200509032  654 1027 1527 1693 1916 2073 1843 1521 1211  916  502  585
667A Lytt  200509041  707  974 1381 1935 2019 2158 2105 1844 1359  878  779  467
667A Lytt  200509042  645  828 1196 1641 1884 1990 2070 1779 1407 1038  821  461
667A Lytt  200509051  525  755 1080 1490 1871 2179 2032 1963 1649 1167  821  656
667A Lytt  200509052  561  596 1007 1504 1685 1859 2165 1985 1658 1447 1004  689
667A Lytt  200509061  512  749  888 1250 1715 2040 2146 2157 1933 1534 1115  829
667A Lytt  200509062  676  628  836 1258 1550 1808 2105 2185 1952 1602 1320  935
667A Lytt  200509071  606  662  719  980 1432 1876 1942 2049 2109 1638 1261  963
667A Lytt  200509072  768  431  554  985 1215 1520 1910 2070 1974 1855 1541 1033
667A Lytt  200509081  786  606  569  721 1154 1434 1693 1996 2133 1741 1600 1197
667A Lytt  200509082  793  556  590  703  875 1373 1601 1821 2045 2000 1660 1383
667A Lytt  200509091  967  641  585  516  789 1215 1453 1751 1971 1869 1674 1442
667A Lytt  200509092 1025  778  560  519  727  965 1380 1662 1887 2098 1919 1656
667A Lytt  200509101 1330  956  650  635  605  916 1261 1554 1815 1981 1954 1701
667A Lytt  200509102 1355 1075  800  569  637  874 1151 1495 1841 2128 2084 2144
667A Lytt  200509111 1744 1413 1033  852  715  811 1105 1314 1704 1951 2108 2037
667A Lytt  200509112 1831 1409 1152  913  671  678  922 1326 1569 2070 2228 2258
667A Lytt  200509121 2144 1791 1463 1125  820  729  862 1047 1435 1750 2022 2180
667A Lytt  200509122 2152 1792 1482 1211  923  541  733 1046 1215 1709 2187 2282
667A Lytt  200509131 2247 2252 1883 1376 1046  865  636  771 1109 1420 1791 2153
667A Lytt  200509132 2294 2080 1886 1589 1117  785  616  741  935 1366 1801 2173
667A Lytt  200509141 2371 2387 2252 1929 1353 1120  757  614  782 1095 1460 1944
667A Lytt  200509142 2266 2301 2241 2054 1560 1023  822  579  602 1032 1398 1815
667A Lytt  200509151 2345 2468 2510 2393 1795 1518 1038  671  625  706 1056 1559
667A Lytt  200509152 2039 2311 2460 2435 1932 1507 1077  668  498  652 1026 1431
667A Lytt  200509161 1944 2445 2591 2609 2359 1985 1368  974  714  445  673 1191
667A Lytt  200509162 1620 2078 2506 2638 2388 2074 1484  969  713  534  583  944
667A Lytt  200509171 1491 2013 2449 2669 2605 2362 1868 1255  823  515  426  619
667A Lytt  200509172 1115 1695 2146 2509 2688 2292 2040 1488  863  667  385  535
667A Lytt  200509181  899 1504 2152 2422 2724 2761 2351 1876 1292  878  571  511
667A Lytt  200509182  808 1167 1863 2402 2588 2637 2524 2099 1483 1065  761  436
667A Lytt  200509191  720 1048 1624 2130 2590 2756 2720 2463 1720 1312  859  436
667A Lytt  200509192  487  651 1276 1959 2321 2586 2736 2588 1946 1485 1046  501
667A Lytt  200509201  488  694  922 1523 2047 2477 2494 2525 2280 1506 1111  690
667A Lytt  200509202  340  439  657 1169 1724 2177 2475 2465 2191 1943 1202  785
667A Lytt  200509211  580  369  438  956 1421 1730 2300 2419 2185 1840 1433  927
667A Lytt  200509212  425  299  478  505 1169 1690 2017 2342 2418 2125 1768 1269
667A Lytt  200509221  747  565  440  555 1054 1389 1809 2224 2201 2129 1834 1291
667A Lytt  200509222  954  602  424  383  787 1161 1604 2049 2278 2385 2055 1723
667A Lytt  200509231 1217  765  622  478  666 1087 1417 1870 2107 2183 2193 1661
667A Lytt  200509232 1323  952  521  550  501  809 1294 1623 2087 2334 2158 2091
667A Lytt  200509241 1616 1172  938  629  584  738 1138 1427 1792 2074 2146 2037
667A Lytt  200509242 1589 1361  904  631  650  609  947 1395 1781 2058 2189 2273
667A Lytt  200509251 1949 1542 1221  898  507  690  796 1025 1438 1797 2000 2028
667A Lytt  200509252 1908 1568 1267  877  637  490  614  999 1240 1648 1959 2088
667A Lytt  200509261 2081 1815 1467 1151  749  581  636  750 1114 1370 1797 1962
667A Lytt  200509262 1954 1900 1456 1195  894  617  576  699 1039 1292 1709 2030
667A Lytt  200509271 2061 1961 1826 1496  990  870  734  579  942 1164 1454 1848
667A Lytt  200509272 2036 2048 1804 1610 1297  815  735  697  748 1091 1438 1813
667A Lytt  200509281 2087 2013 2118 1791 1365 1186  819  572  769  938 1143 1562
667A Lytt  200509282 1818 1992 1896 1808 1402  957  785  650  485  827 1123 1420
667A Lytt  200509291 1815 1984 2119 1843 1535 1317  889  594  485  796  845 1249
667A Lytt  200509292 1709 1937 1813 1955 1792 1182 1058  744  548  688  912 1242
667A Lytt  200509301 1629 1896 2129 2074 2008 1620 1156  860  602  583  834 1179
667A Lytt  200509302 1482 1792 1962 2154 2040 1625 1268  967  640  717  734 1081
667A Lytt  200510011 1410 1801 2075 2214 2047 1857 1509 1054  747  630  677  855
667A Lytt  200510012 1198 1579 1912 2109 2111 1818 1600 1104  831  658  546  798
667A Lytt  200510021 1137 1547 1884 2199 2137 2064 1760 1296  894  706  675  595
667A Lytt  200510022  919 1437 1708 1996 2224 1947 1838 1422  992  768  550  637
667A Lytt  200510031  910 1212 1705 1903 2166 2126 1873 1494 1155  822  534  598
667A Lytt  200510032  731 1032 1511 1872 2070 2107 2049 1741 1207 1022  665  555
667A Lytt  200510041  719  903 1389 1855 1964 2182 2167 1716 1534  948  819  628
667A Lytt  200510042  653  926 1175 1785 2011 2302 2130 2065 1788 1291  931  787
667A Lytt  200510051  785  898 1326 1787 2102 2355 2557 2208 1952 1567 1204  913
667A Lytt  200510052  773 1082 1249 1794 2154 2442 2531 2428 2292 1931 1401 1119
667A Lytt  200510061  975  876 1209 1491 1872 2185 2400 2370 2112 1725 1347  973
667A Lytt  200510062  757  757  737 1297 1731 1984 2300 2413 2272 2074 1628 1152
667A Lytt  200510071  941  839  819 1068 1522 1946 2170 2307 2319 2007 1613 1319
667A Lytt  200510072  920  759  763 1050 1351 1763 2183 2304 2331 2267 1820 1549
667A Lytt  200510081 1256  891  878  770 1242 1595 1964 2181 2324 2258 1864 1514
667A Lytt  200510082 1163  794  655  807  878 1365 1696 2100 2206 2288 2101 1744
667A Lytt  200510091 1275  984  794  567  750 1095 1419 1771 2010 2097 1926 1749
667A Lytt  200510092 1300  950  681  657  598  927 1408 1679 2068 2312 2349 1982
667A Lytt  200510101 1708 1341  914  640  600  747 1071 1297 1813 2015 2041 1978
667A Lytt  200510102 1624 1275  849  661  468  586  872 1275 1607 2031 2212 2128
667A Lytt  200510111 1855 1626 1135  683  578  371  679  984 1281 1613 2030 2030
667A Lytt  200510112 1692 1580 1189  694  514  391  463  810 1187 1652 1909 2118
667A Lytt  200510121 2116 1795 1490 1098  566  383  384  504  853 1319 1715 1991
667A Lytt  200510122 2010 1869 1569 1205  726  387  326  419  746 1220 1624 2011
667A Lytt  200510131 2264 2069 1835 1587 1003  555  391  314  395  906 1339 1695
667A Lytt  200510132 2036 2062 1882 1607 1048  684  320  272  397  737 1239 1667
667A Lytt  200510141 2059 2247 2213 1933 1508  934  526  398  206  471  933 1375
667A Lytt  200510142 1843 2131 2133 1948 1653 1049  546  343  161  351  727 1281
667A Lytt  200510151 1686 2172 2334 2148 1859 1487  913  416  282  271  466  931
667A Lytt  200510152 1566 1960 2188 2329 2031 1613 1077  616  386  139  419  807
667A Lytt  200510161 1205 1828 2236 2271 2185 1962 1367  776  374  191  229  384
667A Lytt  200510162  981 1560 1979 2208 2362 2020 1530  995  588  221  212  323
667A Lytt  200510171  715 1339 1831 2109 2272 2242 1782 1223  731  377  105  212
667A Lytt  200510172  484 1101 1624 2035 2305 2271 1938 1565 1034  485  301  198
667A Lytt  200510181  300  782 1447 1825 2102 2346 2104 1644 1206  716  297  132
667A Lytt  200510182  262  507 1080 1707 2065 2175 2299 1983 1428 1049  549  209
667A Lytt  200510191  219  427  868 1358 1817 2167 2262 1985 1563 1143  591  291
667A Lytt  200510192  186  288  656 1224 1739 2072 2319 2214 1939 1438 1032  540
667A Lytt  200510201  289  377  530  984 1477 1910 2118 2218 2032 1599 1134  681
667A Lytt  200510202  366  266  495  874 1337 1846 2206 2252 2279 2075 1453 1027
667A Lytt  200510211  722  398  410  719 1125 1503 1948 2155 2130 1981 1627 1094
667A Lytt  200510212  681  525  424  585 1017 1493 1801 2176 2397 2118 1910 1484
667A Lytt  200510221 1051  601  498  603  746 1205 1639 1888 2038 2224 1826 1488
667A Lytt  200510222 1127  722  492  458  756 1044 1449 1846 2166 2198 2102 1805
667A Lytt  200510231 1389 1011  669  499  593  856 1239 1479 1855 2067 2012 1698
667A Lytt  200510232 1419 1023  685  465  560  729 1034 1521 1801 2029 2124 1974
667A Lytt  200510241 1657 1291  867  667  553  541  861 1273 1476 1767 2086 1801
667A Lytt  200510242 1576 1411  959  603  539  682  666 1097 1517 1845 1947 2051
667A Lytt  200510251 1882 1571 1188  907  612  519  637  983 1146 1566 1859 1873
667A Lytt  200510252 1799 1627 1316  861  711  673  544  793 1323 1534 1677 2146
667A Lytt  200510261 2027 1739 1586 1153  838  525  700  699  961 1344 1651 1806
667A Lytt  200510262 1895 1855 1606 1174  984  804  482  673 1071 1236 1541 1981
667A Lytt  200510271 2107 1970 1781 1617 1112  678  724  670  657 1057 1510 1647
667A Lytt  200510272 1825 2012 1799 1467 1161  950  509  598  842  938 1337 1795
667A Lytt  200510281 1984 1924 1957 1765 1240  926  758  515  490  875 1175 1418
667A Lytt  200510282 1795 2007 1843 1764 1523 1105  721  664  658  738 1117 1461
667A Lytt  200510291 1763 1960 2120 1835 1661 1206  853  671  576  654  918 1236
667A Lytt  200510292 1627 1895 1936 1977 1692 1369  932  720  609  539  861 1196
667A Lytt  200510301 1464 1916 2049 1921 1803 1395 1072  631  494  600  553  934
667A Lytt  200510302 1370 1724 1804 1983 1933 1470 1159  844  602  400  634  834
667A Lytt  200510311 1177 1714 1853 1940 1991 1602 1294  921  531  495  454  725
667A Lytt  200510312 1047 1500 1867 1923 2105 1929 1439 1194  843  583  559  715
667A Lytt  200511011 1111 1437 1917 2164 2161 1998 1787 1273  769  681  530  584
667A Lytt  200511012  925 1423 1757 1994 2281 2180 1833 1552 1101  781  508  637
667A Lytt  200511021  827 1111 1567 1998 2061 2059 1966 1566 1127  796  626  479
667A Lytt  200511022  756 1113 1430 1908 2223 2279 2034 1881 1540  996  729  644
667A Lytt  200511031  544  902 1301 1759 1996 2268 2149 1893 1533 1135  799  509
667A Lytt  200511032  456  797 1221 1508 1946 2317 2146 2057 1881 1254  970  647
667A Lytt  200511041  555  676 1001 1454 1687 2092 2228 2079 1782 1509 1073  719
667A Lytt  200511042  629  702  861 1333 1807 2201 2230 2485 2343 1768 1415 1187
667A Lytt  200511051  763  699  856 1164 1547 1890 2260 2150 2024 1852 1273  893
667A Lytt  200511052  668  469  658  924 1433 1874 2081 2327 2434 1937 1730 1329
667A Lytt  200511061  826  619  564  756 1085 1519 1856 2192 2112 2085 1777 1195
667A Lytt  200511062  902  684  444  606 1063 1398 1757 2127 2322 2217 1919 1673
667A Lytt  200511071 1105  714  507  512  688 1018 1413 1786 1971 2142 1841 1510
667A Lytt  200511072 1108  660  494  341  568  970 1257 1718 2225 2155 2118 1911
667A Lytt  200511081 1407 1019  571  460  365  558 1068 1363 1651 2080 2084 1680
667A Lytt  200511082 1542 1086  690  391  400  652  821 1309 1837 2045 2238 2223
667A Lytt  200511091 1845 1474  975  671  393  365  701 1002 1385 1871 2255 2128
667A Lytt  200511092 1847 1685 1159  672  564  443  615  958 1491 1815 2152 2415
667A Lytt  200511101 2223 1870 1559 1035  626  504  545  711 1059 1605 1987 2156
667A Lytt  200511102 2304 1976 1674 1150  802  573  420  758 1132 1497 2006 2380
667A Lytt  200511111 2420 2289 2110 1600 1141  700  568  551  751 1286 1661 2088
667A Lytt  200511112 2388 2308 2160 1780 1292  911  662  604  840 1125 1676 2094
667A Lytt  200511121 2315 2679 2332 2015 1737  945  966  495  690  861 1342 1876
667A Lytt  200511122 2355 2426 2534 2297 1805 1339  938  663  587  754 1192 1649
667A Lytt  200511131 2032 2500 2455 2350 2064 1444  980  659  490  609  797 1362
667A Lytt  200511132 1829 2115 2516 2378 2147 1780 1284  840  576  539  708 1064
667A Lytt  200511141 1602 2088 2182 2418 2285 1782 1343  871  497  360  492  755
667A Lytt  200511142 1298 1836 2224 2310 2435 2105 1541 1213  751  516  445  732
667A Lytt  200511151 1097 1606 1993 2295 2354 2163 1782 1254  881  568  342  484
667A Lytt  200511152  922 1317 1889 2303 2411 2422 2068 1663 1117  796  554  441
667A Lytt  200511161  757 1238 1609 2054 2413 2272 2093 1720 1176  856  491  445
667A Lytt  200511162  578  968 1485 1895 2298 2491 2262 2003 1594 1064  768  550
667A Lytt  200511171  542  780 1214 1707 1999 2268 2261 1978 1621 1134  769  546
667A Lytt  200511172  456  627 1165 1521 2012 2395 2299 2286 2032 1410 1201  700
667A Lytt  200511181  535  714  903 1304 1728 2181 2190 2218 2043 1544 1087  839
667A Lytt  200511182  531  434  850 1241 1574 2060 2340 2264 2231 1832 1444 1024
667A Lytt  200511191  763  555  654 1024 1448 1639 2168 2294 2035 1954 1492 1072
667A Lytt  200511192  718  625  706  789 1415 1742 2058 2315 2400 2116 1775 1429
667A Lytt  200511201 1021  732  683  839 1079 1526 1856 2096 2192 2101 1783 1478
667A Lytt  200511202 1163  766  756  763 1178 1518 1765 2211 2443 2219 2083 1656
667A Lytt  200511211 1295 1119  677  719  879 1184 1570 1839 2119 2373 2101 1795
667A Lytt  200511212 1492 1163  962  781  991 1200 1555 1923 2244 2275 2336 1978
667A Lytt  200511221 1587 1351  930  745  741  987 1227 1500 1890 2103 2034 1991
667A Lytt  200511222 1568 1260 1067  640  782  899 1125 1521 1859 2064 2169 2122
667A Lytt  200511231 1817 1498 1105  913  758  661  992 1239 1461 1905 1983 1901
667A Lytt  200511232 1848 1513 1153  831  876  669  841 1333 1559 1794 2142 2103
667A Lytt  200511241 1909 1809 1423 1041  801  805  781  929 1417 1691 1829 2058
667A Lytt  200511242 2050 1648 1435 1075  869  694  712  965 1277 1534 1887 2047
667A Lytt  200511251 1951 1918 1524 1181  914  664  584  735 1003 1301 1599 1895
667A Lytt  200511252 1887 1778 1607 1217  954  698  572  681  914 1246 1552 1750
667A Lytt  200511261 1943 1929 1637 1399 1083  666  562  566  731 1016 1336 1757
667A Lytt  200511262 1843 1789 1868 1487 1104  897  597  501  727  989 1261 1637
667A Lytt  200511271 1879 1924 1769 1653 1281  834  608  511  550  712 1018 1489
667A Lytt  200511272 1701 1775 1915 1591 1341 1035  606  507  387  647  970 1225
667A Lytt  200511281 1557 1840 1788 1669 1365  968  680  373  360  471  644 1211
667A Lytt  200511282 1448 1631 1855 1732 1516 1275  786  547  334  346  690  936
667A Lytt  200511291 1398 1650 1820 1776 1731 1289 1007  537  438  376  521  910
667A Lytt  200511292 1333 1669 1906 2089 1943 1643 1289  987  669  464  564  814
667A Lytt  200511301 1302 1608 1866 2025 1999 1661 1371  966  643  526  454  756
667A Lytt  200511302 1149 1495 1874 2121 2163 2016 1649 1323  863  588  588  540
667A Lytt  200512011  945 1345 1700 1958 2106 1948 1706 1246  947  583  401  529
667A Lytt  200512012  837 1180 1683 1995 2182 2230 1963 1683 1174  822  597  491
667A Lytt  200512021  574 1016 1438 1716 2071 2151 1950 1625 1190  858  530  410
667A Lytt  200512022  600  886 1373 1795 2109 2354 2250 2011 1704 1218  810  620
667A Lytt  200512031  483  719 1125 1539 1810 2220 2307 1965 1694 1357  799  537
667A Lytt  200512032  573  564 1033 1503 1928 2268 2433 2444 2087 1588 1313  810
667A Lytt  200512041  511  677  772 1078 1660 2049 2205 2266 2131 1684 1164  899
667A Lytt  200512042  668  346  782 1232 1609 2124 2518 2579 2483 2230 1714 1131
667A Lytt  200512051  867  752  512  800 1457 1748 1961 2468 2415 2075 1763 1330
667A Lytt  200512052  919  539  656  778 1145 1721 2198 2400 2547 2489 2092 1579
667A Lytt  200512061 1110  843  530  431  940 1294 1606 2077 2387 2250 1961 1676
667A Lytt  200512062 1159  628  571  381  565 1149 1598 1865 2318 2397 2154 1904
667A Lytt  200512071 1359 1028  512  359  441  687 1194 1544 1982 2262 2167 1973
667A Lytt  200512072 1543 1075  707  322  419  688  975 1573 1994 2274 2359 2311
667A Lytt  200512081 1842 1483  996  619  435  535  846 1270 1731 2219 2358 2302
667A Lytt  200512082 2150 1567 1209  851  574  524  827 1223 1556 2038 2336 2463
667A Lytt  200512091 2237 1950 1552 1003  756  537  530  959 1341 1761 2186 2417
667A Lytt  200512092 2293 2036 1685 1142  831  578  574  846 1192 1608 2053 2324
667A Lytt  200512101 2397 2215 1900 1429  902  702  491  530  857 1392 1778 2135
667A Lytt  200512102 2323 2283 1977 1649 1137  784  576  513  725 1079 1629 1893
667A Lytt  200512111 2225 2350 2034 1692 1262  844  421  354  439  746 1231 1719
667A Lytt  200512112 2027 2185 2116 1880 1421 1038  620  436  387  631  936 1441
667A Lytt  200512121 1780 2035 2089 1761 1578 1061  586  327  255  349  703 1198
667A Lytt  200512122 1608 2003 2087 2054 1744 1340  824  608  266  402  545  960
667A Lytt  200512131 1378 1778 1932 1914 1873 1363  961  515  296  145  328  738
667A Lytt  200512132 1216 1615 2005 2100 1898 1818 1294  847  529  328  313  501
667A Lytt  200512141 1023 1463 1655 1976 2011 1695 1294  871  594  262  205  513
667A Lytt  200512142  794 1251 1824 1997 2096 2136 1686 1289  780  627  318  429
667A Lytt  200512151  747 1157 1548 1802 2165 1977 1674 1394  974  585  322  430
667A Lytt  200512152  604 1036 1574 1939 2158 2324 2094 1736 1327  971  621  474
667A Lytt  200512161  605  954 1306 1721 2006 2185 2080 1772 1371  956  669  464
667A Lytt  200512162  582  731 1280 1659 2004 2399 2240 2131 1775 1266  973  655
667A Lytt  200512171  594  699 1084 1432 1854 2102 2123 2112 1783 1337  939  741
667A Lytt  200512172  588  542 1059 1412 1699 2189 2375 2258 2048 1744 1234  908
667A Lytt  200512181  718  605  874 1150 1561 1945 2072 2153 2029 1674 1306  916
667A Lytt  200512182  735  640  741 1102 1542 1928 2235 2328 2174 1997 1567 1196
667A Lytt  200512191  734  755  711  839 1325 1723 1871 2178 2223 2025 1615 1338
667A Lytt  200512192  982  761  785 1022 1205 1681 2084 2255 2236 2240 1958 1406
667A Lytt  200512201 1224  986  632  808 1168 1375 1717 2046 2083 2147 1844 1467
667A Lytt  200512202 1239  891  772  781 1043 1435 1766 2084 2244 2283 2205 1743
667A Lytt  200512211 1447 1207  826  698 1050 1225 1429 1848 2165 2058 1994 1875
667A Lytt  200512212 1453 1103  886  853  739 1191 1616 1799 2104 2347 2270 1955
667A Lytt  200512221 1716 1479  994  814  956 1005 1271 1650 1980 2036 2167 2127
667A Lytt  200512222 1694 1432 1211  896  823 1178 1203 1643 1926 2249 2214 2098
667A Lytt  200512231 1919 1550 1278  898  876  921 1093 1416 1798 2063 2197 2337
667A Lytt  200512232 2076 1777 1377 1246  986  978 1169 1468 1690 2054 2214 2076
667A Lytt  200512241 2125 1841 1456 1091  956  857  828 1176 1436 1668 1898 2252
667A Lytt  200512242 2056 1823 1537 1239  968  849  824 1125 1411 1721 1990 2113
667A Lytt  200512251 2084 1996 1599 1315 1119  879  742  882 1246 1470 1646 2034
667A Lytt  200512252 2042 2038 1716 1520 1037  930  824  855 1103 1426 1701 1988
667A Lytt  200512261 2068 2093 1849 1469 1185  900  662  676  851 1186 1447 1857
667A Lytt  200512262 2003 2024 1910 1600 1260 1018  694  680  717 1062 1371 1647
667A Lytt  200512271 1911 2110 1932 1675 1394 1014  691  570  649  821 1125 1598
667A Lytt  200512272 1831 1930 2086 1856 1487 1172  811  663  545  784 1065 1269
667A Lytt  200512281 1717 2003 1942 1833 1652 1277  839  585  547  613  843 1343
667A Lytt  200512282 1709 1868 2193 2172 1799 1610 1209  774  645  686  748 1087
667A Lytt  200512291 1507 1979 1946 2035 2047 1577 1119  856  636  430  682 1047
667A Lytt  200512292 1400 1794 2135 2283 2097 2002 1585 1196  759  661  563  696
667A Lytt  200512301 1188 1639 1855 2168 2182 2026 1568 1099  881  626  420  781
667A Lytt  200512302 1193 1520 2036 2329 2377 2393 2104 1489 1029  864  555  472
667A Lytt  200512311  891 1377 1725 2053 2333 2298 1988 1585 1179  753  424  481
667A Lytt  200512312  740 1186 1626 2132 2372 2463 2390 2125 1466 1106  653  475
