667A Lyttelton          New Zealand         2003 43360S 172430E 0000 3 00000R MM
667A Lytt  200301011 1272 1840 2218 2271 2098 1801 1376  693  458  368  294  677
667A Lytt  200301012 1315 1645 2052 2467 2293 2105 1792 1228  687  519  434  419
667A Lytt  200301021  898 1566 1819 2196 2309 2213 1754 1220  790  506  288  419
667A Lytt  200301022  751 1276 1785 2132 2420 2428 2188 1685 1127  807  485  297
667A Lytt  200301031  560 1055 1510 1827 2212 2331 2058 1718 1188  831  445  222
667A Lytt  200301032  531  884 1264 1867 2294 2405 2373 2210 1625 1166  673  582
667A Lytt  200301041  356  619 1145 1515 1947 2319 2322 2062 1689 1295  725  542
667A Lytt  200301042  500  520  960 1516 1987 2319 2488 2463 2060 1686 1117  617
667A Lytt  200301051  592  531  679 1183 1738 2097 2229 2380 2007 1685 1199  773
667A Lytt  200301052  532  394  657 1008 1536 1978 2239 2456 2306 1870 1566 1018
667A Lytt  200301061  719  502  581  634 1285 1679 1874 2303 2219 1832 1559 1157
667A Lytt  200301062  690  522  441  733 1050 1597 1982 2249 2239 2156 1849 1289
667A Lytt  200301071  850  698  491  471  819 1273 1590 1893 2069 2060 1694 1483
667A Lytt  200301072 1049  613  552  554  704 1187 1634 1936 2167 2170 1931 1716
667A Lytt  200301081 1194  907  601  451  578  975 1204 1551 1962 2024 1818 1720
667A Lytt  200301082 1335  875  626  627  501  868 1258 1638 1743 2080 2108 1751
667A Lytt  200301091 1475 1247  813  450  594  654  931 1211 1731 1904 1912 1938
667A Lytt  200301092 1598 1216  932  756  494  721  930 1257 1656 1899 2024 1959
667A Lytt  200301101 1832 1505  992  809  665  554  680 1084 1433 1753 1941 1986
667A Lytt  200301102 1992 1565 1204 1012  720  729  765 1091 1403 1753 1950 1937
667A Lytt  200301111 1988 1799 1287 1102  752  661  534  803 1203 1485 1794 1970
667A Lytt  200301112 2055 1801 1470 1258  959  739  780  839 1111 1457 1699 1908
667A Lytt  200301121 1968 1954 1694 1251 1069  776  613  641  918 1254 1569 1952
667A Lytt  200301122 1879 1928 1910 1359 1143 1018  752  618  922 1233 1366 1697
667A Lytt  200301131 1998 1983 1822 1632 1331  936  737  700  798 1078 1422 1762
667A Lytt  200301132 1996 2060 2086 1913 1479 1257  976  821  733 1032 1291 1481
667A Lytt  200301141 1872 2030 1960 1770 1599 1127  853  779  599  832 1035 1520
667A Lytt  200301142 1737 1949 2130 1848 1686 1419  997  740  699  689  884 1309
667A Lytt  200301151 1500 1923 1916 1931 1831 1314 1037  792  632  550  821 1172
667A Lytt  200301152 1527 1808 1983 2127 1871 1708 1303  968  691  701  790  931
667A Lytt  200301161 1349 1757 1897 1912 2042 1672 1247  976  655  475  555  917
667A Lytt  200301162 1215 1587 1961 2106 2073 1938 1592 1210  833  640  633  663
667A Lytt  200301171 1020 1493 1798 1963 2104 1935 1607 1257  859  552  459  638
667A Lytt  200301172  959 1352 1821 2073 2213 2221 1888 1528 1137  770  598  493
667A Lytt  200301181  749 1192 1485 1900 2169 2115 1896 1553 1174  775  529  561
667A Lytt  200301182  708  989 1535 2028 2155 2418 2332 1847 1546 1134  795  585
667A Lytt  200301191  673  934 1270 1719 2092 2222 2165 2092 1598 1078  935  624
667A Lytt  200301192  544  835 1266 1784 2154 2522 2565 2195 2020 1565  932  779
667A Lytt  200301201  456  635  939 1416 1779 2140 2373 2155 1851 1497 1056  619
667A Lytt  200301202  460  551  774 1339 1703 2241 2438 2366 2250 1803 1321  893
667A Lytt  200301211  528  482  539 1043 1568 1732 2191 2390 2090 1909 1376 1008
667A Lytt  200301212  578  406  557  915 1341 1853 2347 2581 2409 2309 1976 1121
667A Lytt  200301221  988  660  351  728 1370 1624 1998 2420 2388 2159 1967 1466
667A Lytt  200301222  882  593  706  434  978 1698 1948 2292 2653 2444 2178 1771
667A Lytt  200301231 1227  902  522  537  737 1187 1673 2049 2394 2452 2329 1905
667A Lytt  200301232 1401  975  597  559  692 1088 1589 2130 2444 2541 2548 2103
667A Lytt  200301241 1628 1275  824  582  629  969 1276 1755 2243 2413 2423 2299
667A Lytt  200301242 1900 1303 1047  671  480  819 1142 1585 2036 2503 2510 2445
667A Lytt  200301251 2156 1653 1191  715  580  637  792 1291 1787 2215 2389 2515
667A Lytt  200301252 2258 1750 1396  949  662  590  724 1065 1613 2008 2210 2339
667A Lytt  200301261 2399 1913 1458 1063  632  504  552  824 1295 1756 2120 2398
667A Lytt  200301262 2512 2124 1751 1473  845  706  621  742 1217 1587 2005 2220
667A Lytt  200301271 2505 2252 1867 1587  961  681  439  702  785 1337 1850 2105
667A Lytt  200301272 2450 2368 2096 1728 1378  802  643  473  848 1082 1521 2006
667A Lytt  200301281 2281 2402 2212 1908 1488 1050  792  564  723  979 1543 1877
667A Lytt  200301282 2316 2495 2447 2218 1782 1402  912  649  596  791 1094 1471
667A Lytt  200301291 2001 2289 2201 2232 1844 1393  976  559  517  619  878 1403
667A Lytt  200301292 1875 2156 2434 2336 2084 1741 1167  871  536  562  688  992
667A Lytt  200301301 1584 1981 2096 2291 2209 1705 1284  889  608  432  616  979
667A Lytt  200301302 1487 1925 2342 2467 2423 2303 1678 1184  942  645  565  690
667A Lytt  200301311 1305 1685 1970 2185 2322 2085 1640 1240  691  575  349  617
667A Lytt  200301312  947 1449 1913 2224 2458 2341 2134 1587 1111  939  665  603
667A Lytt  200302011  756 1286 1733 2023 2296 2277 2110 1677 1141  697  601  467
667A Lytt  200302012  601  989 1563 1989 2210 2396 2276 1973 1454 1053  645  475
667A Lytt  200302021  623  833 1279 1681 2082 2269 2268 2003 1512 1107  642  497
667A Lytt  200302022  434  628 1135 1539 2005 2281 2256 2270 1852 1317  942  793
667A Lytt  200302031  433  612  962 1400 2143 2100 2316 2137 1918 1440  986  707
667A Lytt  200302032  572  516  846 1232 1723 2135 2259 2290 2131 1717 1260  866
667A Lytt  200302041  576  575  652 1026 1472 1773 2152 2170 2044 1870 1326  922
667A Lytt  200302042  691  597  603  860 1347 1846 2015 2187 2229 1917 1535 1088
667A Lytt  200302051  835  596  487  734 1092 1423 1854 2055 1997 1935 1722 1138
667A Lytt  200302052  870  650  603  541 1006 1497 1682 1981 2225 2073 1755 1441
667A Lytt  200302061 1051  704  479  688  748 1162 1555 1839 1902 1951 1949 1454
667A Lytt  200302062 1076  759  639  423  693 1141 1336 1661 1999 1991 1791 1605
667A Lytt  200302071 1284  837  586  610  562  811 1251 1563 1776 1909 2006 1763
667A Lytt  200302072 1332 1014  925  583  557  962 1200 1441 1920 2056 1964 1980
667A Lytt  200302081 1592 1357  952  818  809  786 1113 1473 1675 1957 2108 2005
667A Lytt  200302082 1743 1439 1144  813  767  842  917 1299 1620 1887 1967 1975
667A Lytt  200302091 1885 1526 1183  937  794  756  775 1228 1424 1771 1991 2087
667A Lytt  200302092 1930 1595 1496  986  834  865  843 1005 1380 1729 1882 2042
667A Lytt  200302101 2015 1814 1432 1263  947  729  894  962 1214 1602 1913 2047
667A Lytt  200302102 2054 1922 1722 1292 1037  947  782  765 1251 1490 1683 2021
667A Lytt  200302111 2168 1913 1722 1590 1164  881  789  873  977 1305 1587 1950
667A Lytt  200302112 2063 2180 2011 1563 1361 1164  768  794 1064 1129 1414 1824
667A Lytt  200302121 2020 1965 1863 1797 1335  947  860  752  685 1036 1415 1691
667A Lytt  200302122 1956 2152 2131 1777 1557 1313  875  714  796  929 1202 1565
667A Lytt  200302131 1905 2081 1990 2062 1738 1230 1073  845  604  864 1275 1511
667A Lytt  200302132 1780 2216 2351 1991 2026 1701 1263  832  898  831  888 1370
667A Lytt  200302141 1740 2001 2071 2314 2031 1572 1377 1017  665  666 1061 1261
667A Lytt  200302142 1559 2063 2396 2193 2164 2086 1462  951  904  734  574  998
667A Lytt  200302151 1457 1705 1979 2389 2165 1845 1600 1143  570  589  624  693
667A Lytt  200302152 1109 1740 2077 2123 2388 2206 1634 1258  985  572  460  622
667A Lytt  200302161  949 1355 1759 2148 2208 1981 1878 1408  761  639  411  432
667A Lytt  200302162  722 1266 1779 2018 2376 2483 2003 1620 1247  773  536  523
667A Lytt  200302171  723 1018 1491 1990 2283 2199 2225 1815 1189  867  610  346
667A Lytt  200302172  484  936 1446 1791 2330 2654 2233 2151 1810 1210  751  575
667A Lytt  200302181  378  625 1166 1902 2007 2428 2643 2242 1705 1462  925  453
667A Lytt  200302182  349  696 1012 1594 2186 2505 2554 2553 2143 1601 1158  849
667A Lytt  200302191  540  509  768 1427 1801 2258 2678 2439 2229 1939 1236  938
667A Lytt  200302192  458  345  723 1048 1548 2229 2429 2484 2478 2082 1559 1028
667A Lytt  200302201  608  492  459  807 1384 1785 2305 2579 2495 2241 1923 1218
667A Lytt  200302202  786  596  537  607 1218 1787 2216 2571 2762 2452 2022 1720
667A Lytt  200302211  979  804  439  707 1015 1374 2093 2355 2556 2598 2346 1748
667A Lytt  200302212 1170  900  531  294  759 1310 1573 2022 2597 2477 2225 1996
667A Lytt  200302221 1376  913  568  546  497  885 1498 1854 2184 2538 2405 2063
667A Lytt  200302222 1599 1145  661  301  404  762 1012 1462 2094 2259 2188 2230
667A Lytt  200302231 1681 1256  784  570  378  372  973 1305 1701 2194 2371 2223
667A Lytt  200302232 2009 1488 1131  604  395  450  568 1050 1501 1842 2153 2255
667A Lytt  200302241 1923 1583 1143  820  373  251  589  767 1139 1814 2156 2174
667A Lytt  200302242 2186 1981 1496 1026  651  495  390  553 1125 1436 1806 2108
667A Lytt  200302251 2200 1907 1555 1169  792  406  399  580  729 1332 1798 2005
667A Lytt  200302252 2221 2237 1885 1384 1123  702  373  435  703 1040 1462 1832
667A Lytt  200302261 2162 2100 1847 1714 1126  722  567  295  547  829 1376 1751
667A Lytt  200302262 2038 2289 2196 1777 1529 1114  603  448  522  706  992 1499
667A Lytt  200302271 1938 1993 2078 1956 1563  999  812  473  323  500 1023 1355
667A Lytt  200302272 1756 2226 2219 2075 1914 1511  914  591  528  497  628 1116
667A Lytt  200302281 1607 1839 2054 2159 1843 1477 1109  704  416  375  713 1001
667A Lytt  200302282 1372 1890 2222 2147 2135 1904 1332  812  680  523  426  802
667A Lytt  200303011 1272 1605 1878 2260 2098 1701 1656 1013  514  547  558  667
667A Lytt  200303012  997 1573 1990 2097 2311 2141 1643 1283  952  610  425  594
667A Lytt  200303021  878 1338 1775 2133 2320 2121 1968 1546 1004  817  628  695
667A Lytt  200303022  851 1308 1827 2079 2322 2513 2185 1623 1114  950  643  554
667A Lytt  200303031  694 1012 1464 1900 2169 2251 2192 1866 1521 1057  815  699
667A Lytt  200303032  603 1052 1355 1831 2135 2379 2166 1980 1745 1203  914  583
667A Lytt  200303041  679  759 1167 1610 1924 2156 2244 2030 1657 1330  874  653
667A Lytt  200303042  519  670 1057 1437 1832 2059 2173 1989 1851 1604 1030  836
667A Lytt  200303051  717  775  911 1439 1813 1969 2165 2193 1969 1615 1315 1002
667A Lytt  200303052  526  783  926 1081 1630 1953 2107 2106 2091 1750 1346 1094
667A Lytt  200303061  756  623  747 1077 1400 1658 2031 2070 1870 1780 1406 1026
667A Lytt  200303062  635  625  544  671 1141 1549 1633 1921 1998 1745 1458 1105
667A Lytt  200303071  863  439  614  749  968 1297 1734 1878 1875 1927 1612 1258
667A Lytt  200303072  866  724  575  561  968 1209 1466 1736 1933 1819 1660 1320
667A Lytt  200303081 1036  651  514  604  762 1027 1406 1699 1739 1928 1823 1453
667A Lytt  200303082 1101  935  666  480  717  998 1204 1394 1833 1884 1778 1519
667A Lytt  200303091 1289  876  601  663  560  809 1231 1421 1648 1862 1962 1692
667A Lytt  200303092 1348 1167  867  574  647  847 1017 1261 1686 1869 1829 1795
667A Lytt  200303101 1624 1089  922  844  602  596 1092 1274 1437 1855 2029 1827
667A Lytt  200303102 1634 1475 1097  710  741  678  794 1028 1461 1686 1745 1909
667A Lytt  200303111 1776 1372 1196 1019  702  574  781 1112 1250 1615 2002 2003
667A Lytt  200303112 1794 1747 1414  950  894  771  608  869 1253 1529 1668 1929
667A Lytt  200303121 1993 1646 1440 1224  857  697  774  882 1039 1473 1882 2023
667A Lytt  200303122 2007 2015 1830 1295 1052  983  530  788 1081 1297 1519 1892
667A Lytt  200303131 2162 1852 1731 1642 1100  741  822  752  800 1284 1690 1861
667A Lytt  200303132 2112 2256 2008 1704 1415 1129  774  667  831 1167 1353 1767
667A Lytt  200303141 2157 2084 2001 1965 1511 1016  958  751  662  937 1501 1781
667A Lytt  200303142 2001 2393 2282 1979 1796 1399  996  738  659  873 1134 1502
667A Lytt  200303151 1978 2140 2136 2162 1741 1266 1019  692  584  635 1000 1384
667A Lytt  200303152 1724 2146 2294 2258 2024 1572 1145  761  548  619  709 1130
667A Lytt  200303161 1611 1791 2103 2318 1985 1648 1284  766  510  391  587  971
667A Lytt  200303162 1342 1892 2166 2272 2271 1897 1374  920  532  436  363  626
667A Lytt  200303171 1086 1518 1906 2190 2163 1907 1559  961  573  304  271  404
667A Lytt  200303172  789 1457 1812 2125 2409 2159 1680 1289  791  422  251  316
667A Lytt  200303181  528 1064 1717 1930 2168 2284 1866 1337  896  353  118  142
667A Lytt  200303182  341  767 1421 1908 2200 2238 2030 1603 1086  578  309    0
667A Lytt  200303191  279  553 1146 1693 2012 2215 2197 1853 1228  840  362   35
667A Lytt  200303192   64  351  887 1511 2024 2218 2278 2010 1593 1007  518  227
667A Lytt  200303201   64  282  585 1329 1727 2150 2359 2139 1904 1203  742  376
667A Lytt  200303202   25  133  395 1047 1551 1963 2322 2322 2033 1572 1030  539
667A Lytt  200303211  229  190  343  770 1397 1874 2265 2318 2284 1953 1273  810
667A Lytt  200303212  396  158  165  603 1117 1599 2092 2335 2269 2049 1546 1036
667A Lytt  200303221  553  226  320  336  890 1541 1939 2201 2469 2354 1863 1407
667A Lytt  200303222  921  455  274  354  673 1158 1646 2079 2270 2249 2157 1468
667A Lytt  200303231 1139  671  349  303  465  969 1560 1876 2246 2425 2275 1833
667A Lytt  200303232 1413  923  488  291  420  605 1080 1664 1965 2244 2256 1923
667A Lytt  200303241 1462 1079  604  415  332  545 1024 1393 1863 2255 2331 2202
667A Lytt  200303242 1861 1438  896  580  394  371  672 1160 1525 1917 2239 2157
667A Lytt  200303251 1843 1481 1078  673  420  461  673  882 1491 1905 2111 2320
667A Lytt  200303252 2159 1781 1452  917  670  332  493  782 1061 1523 1970 2137
667A Lytt  200303261 2014 1849 1559 1030  657  507  425  585 1036 1409 1793 2171
667A Lytt  200303262 2262 2044 1821 1443  905  569  499  461  684 1197 1589 1882
667A Lytt  200303271 2141 2086 1871 1466 1066  757  434  492  738  958 1447 1920
667A Lytt  200303272 2075 2224 2027 1800 1415  813  639  540  461  863 1334 1570
667A Lytt  200303281 1963 2255 2035 1859 1545 1036  767  590  631  679 1145 1607
667A Lytt  200303282 1914 2147 2299 2070 1729 1368  898  671  520  746  943 1289
667A Lytt  200303291 1746 2081 2150 2077 1897 1476 1036  756  619  581  851 1249
667A Lytt  200303292 1656 1976 2216 2226 2043 1684 1233  904  639  638  737  951
667A Lytt  200303301 1396 1847 2118 2177 2116 1839 1390 1057  784  625  702 1004
667A Lytt  200303302 1340 1771 2117 2221 2321 2028 1559 1325  878  630  759  797
667A Lytt  200303311 1074 1621 1990 2114 2268 2123 1676 1295 1070  821  679  775
667A Lytt  200303312 1216 1527 1912 2293 2335 2196 1976 1653 1100  844  822  676
667A Lytt  200304011  831 1333 1744 1922 2137 2316 1894 1628 1308  828  679  658
667A Lytt  200304012  805 1090 1523 1953 2029 2153 2064 1725 1315 1009  781  563
667A Lytt  200304021  650 1032 1392 1690 1977 2216 2054 1777 1577 1104  767  621
667A Lytt  200304022  712  839 1204 1666 1923 2017 2063 1983 1511 1252 1021  603
667A Lytt  200304031  627  832 1076 1508 1841 2095 2139 1964 1810 1321 1016  815
667A Lytt  200304032  707  698  928 1484 1751 1753 2168 2102 1638 1568 1204  779
667A Lytt  200304041  623  827  866 1130 1644 1922 1941 2115 2049 1488 1299 1016
667A Lytt  200304042  657  702  846 1113 1452 1661 1964 2042 1882 1826 1443  988
667A Lytt  200304051  786  817  716  956 1384 1823 1928 2081 2189 1809 1542 1313
667A Lytt  200304052  907  719  732  999 1159 1510 1776 2033 1865 1924 1656 1116
667A Lytt  200304061 1038  791  630  745 1175 1525 1678 2056 2152 1993 1883 1551
667A Lytt  200304062 1267  890  873  893 1037 1255 1678 1896 1953 2040 2011 1568
667A Lytt  200304071 1152 1121  905  727 1063 1283 1593 1899 2143 2136 2025 1779
667A Lytt  200304072 1560 1209  917  992  947 1075 1466 1863 1824 1969 2288 1786
667A Lytt  200304081 1444 1428 1024  816  895 1245 1299 1710 2076 2095 2056 2068
667A Lytt  200304082 1834 1299 1144  925  811  843 1123 1551 1579 1926 2197 1854
667A Lytt  200304091 1650 1472 1200  827  799  930  974 1305 1725 1847 1990 2125
667A Lytt  200304092 1857 1500 1270 1034  718  619  920 1098 1296 1735 1981 1935
667A Lytt  200304101 1769 1723 1273  994  834  703  740 1074 1351 1632 1988 2040
667A Lytt  200304102 2065 1861 1463 1201  885  598  681  861 1092 1424 1813 1966
667A Lytt  200304111 1854 2004 1560 1141 1011  757  519  697 1046 1354 1705 2021
667A Lytt  200304112 2101 1886 1806 1472  971  676  574  615  667 1114 1484 1783
667A Lytt  200304121 1896 1985 1808 1461 1105  822  498  527  642  991 1320 1747
667A Lytt  200304122 2066 1986 1999 1728 1284  811  590  452  360  796 1148 1490
667A Lytt  200304131 1785 2051 2010 1684 1400 1084  521  411  407  522  874 1456
667A Lytt  200304132 1872 1977 2170 2061 1609 1066  790  405  264  434  789 1178
667A Lytt  200304141 1628 1966 2066 2000 1792 1335  797  561  348  183  578 1102
667A Lytt  200304142 1620 1933 2262 2323 1941 1666 1155  526  395  189  506  795
667A Lytt  200304151 1318 1907 2162 2223 2202 1890 1265  861  531  310  247  745
667A Lytt  200304152 1255 1629 2253 2574 2247 2118 1720 1047  572  456  355  506
667A Lytt  200304161 1064 1666 2043 2313 2600 2420 1866 1423  940  527  190  552
667A Lytt  200304162  869 1250 1962 2479 2427 2339 2170 1630 1050  695  478  220
667A Lytt  200304171  640 1373 1724 2149 2703 2785 2455 2034 1634  874  533  458
667A Lytt  200304172  458  750 1404 2045 2171 2495 2472 1970 1435 1071  540  135
667A Lytt  200304181  377  635 1080 1679 2226 2514 2473 2380 1881 1344  737  391
667A Lytt  200304182  273  215  819 1395 1702 2174 2576 2212 1904 1527  903  349
667A Lytt  200304191  216  334  482 1036 1777 2151 2298 2608 2291 1689 1205  816
667A Lytt  200304192  328  146  409  810 1222 1776 2268 2314 2204 2004 1384  886
667A Lytt  200304201  482  341  262  596 1208 1697 2072 2477 2535 2103 1805 1421
667A Lytt  200304202  764  345  475  453  747 1356 1871 2121 2252 2347 1954 1290
667A Lytt  200304211 1014  613  300  352  864 1186 1639 2271 2421 2367 2311 1831
667A Lytt  200304212 1365  819  639  385  421  973 1369 1688 2203 2398 2172 1902
667A Lytt  200304221 1460 1074  675  422  530  918 1197 1743 2240 2303 2303 2347
667A Lytt  200304222 1835 1339  984  769  376  589 1029 1304 1762 2253 2343 2195
667A Lytt  200304231 1956 1585 1075  757  631  677  889 1361 1807 2118 2392 2573
667A Lytt  200304232 2337 1849 1594 1235  664  654  956 1098 1475 2002 2308 2319
667A Lytt  200304241 2259 2018 1708 1111  943  714  701 1044 1415 1802 2060 2448
667A Lytt  200304242 2481 2131 1885 1542  968  682  728  754 1083 1611 1911 2115
667A Lytt  200304251 2375 2206 1896 1464 1157  904  501  850 1024 1289 1722 2117
667A Lytt  200304252 2225 2197 2139 1846 1172  845  818  463  714 1093 1502 1811
667A Lytt  200304261 1969 2332 2116 1682 1513 1136  665  691  648  963 1152 1677
667A Lytt  200304262 2099 1950 2145 2142 1352 1106  965  531  551  869 1159 1453
667A Lytt  200304271 1831 2206 2072 1881 1924 1379  835  889  784  592 1051 1544
667A Lytt  200304272 1718 1988 2279 2152 1781 1541 1131  692  532  633  816 1075
667A Lytt  200304281 1600 1861 1928 2041 1922 1538 1146  809  661  498  648 1028
667A Lytt  200304282 1369 1669 1923 2032 1824 1570 1308  765  553  493  525  772
667A Lytt  200304291 1111 1585 1829 1871 2063 1746 1307 1086  785  508  471  798
667A Lytt  200304292 1096 1392 1760 2041 1952 1788 1574 1132  718  655  556  585
667A Lytt  200304301  871 1452 1751 1695 2186 2010 1578 1397 1061  602  556  745
667A Lytt  200304302  908 1174 1669 1962 1881 2011 1880 1443 1020  859  714  554
667A Lytt  200305011  788 1267 1476 1832 2213 2097 1890 1863 1284  954  681  814
667A Lytt  200305012  812 1044 1509 1948 1922 2077 2214 1784 1435 1249  914  738
667A Lytt  200305021  792 1118 1412 1754 2170 2303 2114 2172 1766 1241 1127  877
667A Lytt  200305022  806 1037 1289 1712 1833 2040 2233 1918 1677 1441 1076  841
667A Lytt  200305031  664 1006 1173 1484 1989 2241 2154 2194 2063 1598 1138 1036
667A Lytt  200305032  895  748 1105 1506 1615 1936 2289 2053 1957 1734 1438 1102
667A Lytt  200305041  782 1052 1030 1219 1768 2043 2137 2411 2270 1876 1513 1203
667A Lytt  200305042 1074  693  882 1212 1393 1751 1984 2017 1936 1926 1568 1225
667A Lytt  200305051  884  905  883  987 1519 1794 1853 2209 2302 1865 1562 1453
667A Lytt  200305052  961  664  794 1017  937 1420 1787 1913 1941 2032 1822 1324
667A Lytt  200305061 1047  941  800  760 1220 1523 1580 2025 2290 1897 1797 1639
667A Lytt  200305062 1210  759  772  823  640 1114 1553 1688 1827 2018 1936 1587
667A Lytt  200305071 1199 1050  830  582  966 1251 1330 1880 2166 2081 2076 1978
667A Lytt  200305072 1449 1160  953  843  705  913 1332 1537 1810 2041 2062 1861
667A Lytt  200305081 1451 1342  985  646  872 1065 1081 1542 2025 1985 2071 2075
667A Lytt  200305082 1803 1378 1088  909  630  712 1010 1268 1499 1888 2149 2003
667A Lytt  200305091 1735 1629 1175  694  819  825  760 1253 1684 1858 2032 2278
667A Lytt  200305092 2065 1698 1472 1095  716  699  855 1004 1288 1755 2154 2174
667A Lytt  200305101 1945 2041 1611 1087 1059  779  707 1166 1461 1730 2113 2418
667A Lytt  200305102 2384 2085 1853 1543  972  768  807  808 1021 1549 1952 2098
667A Lytt  200305111 2134 2302 1858 1366 1259  849  509  773 1118 1288 1669 2284
667A Lytt  200305112 2336 2224 2230 1845 1160  991  721  521  828 1164 1654 1940
667A Lytt  200305121 2237 2412 2238 1763 1645 1066  627  709  811  883 1347 1986
667A Lytt  200305122 2248 2269 2380 2141 1550 1039  892  381  432  784 1204 1590
667A Lytt  200305131 1930 2384 2315 1966 1970 1302  741  583  514  445  870 1507
667A Lytt  200305132 1872 2167 2499 2399 1890 1498 1096  521  387  460  782 1093
667A Lytt  200305141 1680 2182 2395 2227 2263 1762 1027  756  477  175  380  925
667A Lytt  200305142 1371 1780 2239 2393 2147 1781 1324  724  311  229  350  532
667A Lytt  200305151 1003 1763 2149 2177 2548 2103 1465 1210  590  134  133  473
667A Lytt  200305152  785 1303 1957 2237 2199 2241 1749 1097  693  348  159  187
667A Lytt  200305161  642 1196 1693 2076 2524 2403 1940 1685 1025  464  166  202
667A Lytt  200305162  292  758 1420 1913 2099 2374 2160 1570 1254  597  335   45
667A Lytt  200305171  244  703 1174 1686 2403 2429 2294 2249 1525  955  489  287
667A Lytt  200305172   52  361  868 1489 1714 2220 2361 1968 1732 1218  620  247
667A Lytt  200305181  136  352  679 1259 1977 2285 2437 2597 2135 1525 1139  738
667A Lytt  200305182  252  284  573 1009 1371 1961 2415 2272 2253 1798 1217  876
667A Lytt  200305191  509  358  454 1042 1639 2040 2466 2915 2630 2195 1823 1305
667A Lytt  200305192  730  595  532  699 1133 1731 2104 2295 2541 2387 1909 1355
667A Lytt  200305201 1093  637  409  740 1247 1517 2009 2598 2562 2411 2323 1816
667A Lytt  200305202 1263  895  762  502  735 1313 1609 1875 2519 2428 2207 1922
667A Lytt  200305211 1340 1037  596  587  799 1131 1538 2045 2471 2565 2392 2291
667A Lytt  200305212 1728 1364  945  688  655  963 1291 1592 2150 2478 2365 2234
667A Lytt  200305221 1933 1468 1051  745  764  861 1193 1715 1981 2372 2562 2410
667A Lytt  200305222 2127 1826 1270  891  696  687  818 1272 1622 1936 2328 2299
667A Lytt  200305231 2000 1757 1295  906  772  495  685 1190 1415 1690 2158 2273
667A Lytt  200305232 2065 1866 1534 1051  691  630  467  713 1183 1538 1887 2151
667A Lytt  200305241 2132 1872 1642 1088 1006  639  557  812 1071 1402 1741 2076
667A Lytt  200305242 2096 2018 1835 1362  899  782  477  476  795 1226 1543 1796
667A Lytt  200305251 2095 2046 1763 1494 1206  765  649  598  805  981 1462 1786
667A Lytt  200305252 1973 2061 1982 1619 1188  982  537  492  606  836 1244 1637
667A Lytt  200305261 1882 2015 2023 1787 1450 1051  906  658  629  826 1175 1464
667A Lytt  200305262 1870 2077 2008 1944 1581 1213  728  687  527  632 1003 1384
667A Lytt  200305271 1699 1906 2074 1968 1907 1281 1110  900  648  650  970 1238
667A Lytt  200305272 1603 2039 2134 1947 1906 1614 1074  843  799  542  642 1378
667A Lytt  200305281 1533 1744 2201 2202 2037 1766 1573 1097  793  893  856 1082
667A Lytt  200305282 1515 1911 2027 2115 2086 1933 1351 1141  892  662  772  973
667A Lytt  200305291 1358 1709 2058 2215 2287 2037 1756 1456 1029  971  826  912
667A Lytt  200305292 1284 1705 2004 2057 2234 2226 1723 1384 1295  839  893 1064
667A Lytt  200305301 1126 1575 2052 2267 2404 2285 2134 1768 1366 1167  832  877
667A Lytt  200305302 1123 1483 1651 2109 2173 2189 1936 1668 1323  962  859  755
667A Lytt  200305311  925 1233 1598 1995 2324 2268 2271 1997 1555 1235  903  813
667A Lytt  200305312  878 1093 1467 1785 2082 2195 2029 1949 1627 1165 1067  832
667A Lytt  200306011  833 1069 1365 1779 2190 2239 2208 2180 1786 1329 1068  856
667A Lytt  200306012  765  847 1162 1513 1778 2091 2116 1904 1838 1382 1070  819
667A Lytt  200306021  681  875  992 1405 1926 1969 2298 2289 1922 1654 1233 1032
667A Lytt  200306022  748  667  915 1191 1559 1850 1977 2018 1977 1508 1319  907
667A Lytt  200306031  651  628  858  941 1627 1824 2058 2267 2096 1807 1414 1162
667A Lytt  200306032  845  638  692  871 1248 1538 1819 1986 2019 1820 1535 1116
667A Lytt  200306041  873  639  676  820 1313 1600 1815 2273 2202 1935 1747 1465
667A Lytt  200306042  961  804  654  579  887 1408 1529 1788 2098 1907 1783 1351
667A Lytt  200306051 1059  786  603  632 1005 1156 1656 2091 2176 2090 2082 1715
667A Lytt  200306052 1314 1012  775  603  823 1149 1382 1629 2175 2182 1986 1878
667A Lytt  200306061 1468 1100  835  759  895  964 1523 1887 2116 2368 2364 2108
667A Lytt  200306062 1740 1438 1070  687  851 1032 1186 1534 2023 2191 2184 2241
667A Lytt  200306071 1688 1485 1111  746  731  777 1157 1462 1817 2137 2309 2197
667A Lytt  200306072 1946 1695 1141  835  632  624  729 1113 1554 1832 2097 2318
667A Lytt  200306081 2014 1609 1323  985  614  474  876  980 1472 1831 2136 2219
667A Lytt  200306082 2261 1915 1379 1121  778  479  483  863 1227 1469 2030 2274
667A Lytt  200306091 2118 2042 1618 1266  914  602  553  726 1105 1566 1920 2241
667A Lytt  200306092 2396 2231 1781 1494  989  641  449  596  848 1179 1840 2097
667A Lytt  200306101 2225 2361 2079 1587 1251  882  440  468  791  913 1490 1977
667A Lytt  200306102 2175 2324 2058 1731 1251  774  474  251  441  724 1300 1725
667A Lytt  200306111 2056 2337 2169 1917 1636  996  641  295  308  522  920 1439
667A Lytt  200306112 1934 2220 2159 2006 1651 1195  582  294  269  334  755 1297
667A Lytt  200306121 1750 2109 2341 2237 2021 1420 1014  583  299  126  550 1001
667A Lytt  200306122 1400 1933 2315 2179 1986 1724  961  550  300  236  313  866
667A Lytt  200306131 1290 1827 2235 2391 2317 2003 1551  977  549  287  258  540
667A Lytt  200306132 1019 1597 1966 2247 2335 2021 1508 1059  653  161  323  476
667A Lytt  200306141  862 1460 2073 2335 2671 2549 2149 1622 1202  610  369  397
667A Lytt  200306142  762 1268 1781 2064 2535 2514 2087 1910 1140  693  529  413
667A Lytt  200306151  640 1118 1605 2255 2615 2690 2625 2255 1788 1156  699  558
667A Lytt  200306152  530  793 1438 1856 2256 2642 2519 2252 1867 1391  950  578
667A Lytt  200306161  649  788 1277 1848 2278 2713 2860 2761 2317 1750 1220  790
667A Lytt  200306162  636  702  881 1467 1986 2252 2636 2542 2247 1858 1258  954
667A Lytt  200306171  550  536  803 1325 1859 2290 2682 2766 2633 2114 1753 1175
667A Lytt  200306172  749  687  631  877 1428 1874 2163 2469 2488 2168 1707 1192
667A Lytt  200306181  738  713  448  848 1374 1699 2191 2590 2518 2404 1989 1505
667A Lytt  200306182 1171  707  659  546 1002 1500 1722 2224 2507 2351 2073 1717
667A Lytt  200306191 1224  790  538  565  908 1197 1671 2191 2385 2262 2311 1847
667A Lytt  200306192 1392 1044  766  440  669  993 1334 1713 2244 2285 2241 2052
667A Lytt  200306201 1524 1169  765  789  669  888 1494 1660 2113 2309 2267 2139
667A Lytt  200306202 1801 1449  951  639  620  772  930 1419 1865 2005 2245 2266
667A Lytt  200306211 1694 1535 1102  818  662  697  990 1360 1668 1977 2259 2171
667A Lytt  200306212 2002 1764 1178  913  718  631  596 1073 1456 1666 2141 2201
667A Lytt  200306221 2058 1843 1449 1125  916  646  852 1118 1430 1688 1998 2254
667A Lytt  200306222 2209 1889 1672 1318  949  764  704  769 1252 1545 1827 2246
667A Lytt  200306231 2219 2047 1803 1519 1220  856  864  928 1149 1375 1726 2091
667A Lytt  200306232 2111 2233 1844 1496 1258  889  674  713 1001 1238 1649 2007
667A Lytt  200306241 2188 2144 2101 1765 1454 1110  949  853  921 1303 1351 1766
667A Lytt  200306242 2084 2079 1986 1709 1487 1043  670  701  726  866 1316 1660
667A Lytt  200306251 1905 2083 2126 1861 1630 1252 1047  792  693  941 1167 1429
667A Lytt  200306252 1859 1973 2079 1899 1683 1358  858  754  689  656  990 1315
667A Lytt  200306261 1664 1878 1980 2079 1819 1416 1172  940  631  560  930 1071
667A Lytt  200306262 1386 1853 1823 1934 1805 1472 1041  765  707  392  724 1018
667A Lytt  200306271 1277 1601 2047 1987 1811 1820 1387  878  729  530  624  726
667A Lytt  200306272 1149 1488 1688 1836 1840 1637 1293  872  660  503  567  719
667A Lytt  200306281 1119 1521 1755 2041 2151 1852 1689 1303  929  605  604  780
667A Lytt  200306282 1010 1338 1684 1909 1994 2062 1767 1310 1063  741  574  744
667A Lytt  200306291  978 1357 1763 2039 2442 2232 2050 1804 1400  935  710  890
667A Lytt  200306292  918 1255 1728 1897 2122 2325 2043 1766 1526 1166  764  820
667A Lytt  200306301  934 1175 1664 1934 2320 2437 2376 2140 1837 1239 1048  965
667A Lytt  200306302  909 1250 1526 1906 2205 2376 2373 2176 1806 1527 1116  862
667A Lytt  200307011  929 1072 1366 1827 2301 2374 2493 2381 2045 1585 1228 1010
667A Lytt  200307012  816  886 1188 1564 1890 2243 2309 2246 2068 1609 1323 1041
667A Lytt  200307021  719  883 1164 1386 2000 2215 2492 2511 2272 1942 1462 1048
667A Lytt  200307022  956  749  766 1217 1581 1936 2187 2295 2265 1817 1562 1195
667A Lytt  200307031  885  821  913 1140 1717 1955 2299 2523 2452 2141 1754 1506
667A Lytt  200307032 1055  901  688  983 1387 1855 1946 2412 2473 2068 2121 1580
667A Lytt  200307041 1046  976  708  873 1353 1759 1979 2412 2552 2354 2038 1744
667A Lytt  200307042 1273  929  751  739 1008 1483 1734 2011 2434 2265 2127 1746
667A Lytt  200307051 1236  882  608  590  735 1039 1637 1909 2136 2279 2159 1690
667A Lytt  200307052 1436 1053  488  541  573  775 1118 1647 1910 2063 2237 1875
667A Lytt  200307061 1412 1060  764  404  499  654 1164 1495 1888 2168 2096 2022
667A Lytt  200307062 1805 1202  824  536  483  393  787 1282 1640 1929 2278 2134
667A Lytt  200307071 1793 1483 1113  670  558  546  816 1152 1688 1960 2191 2364
667A Lytt  200307072 2083 1733 1257  851  537  501  528  972 1416 1706 2292 2306
667A Lytt  200307081 2197 2024 1508 1005  877  497  507  822 1269 1645 1923 2283
667A Lytt  200307082 2412 1993 1731 1294  725  577  517  463 1035 1416 1836 2220
667A Lytt  200307091 2354 2211 1868 1405 1176  566  441  529  875 1056 1624 2096
667A Lytt  200307092 2190 2302 2032 1548 1142  729  431  331  611  952 1434 1876
667A Lytt  200307101 2278 2378 2204 1920 1605  891  686  503  427  689 1141 1730
667A Lytt  200307102 1936 2346 2378 1795 1682 1081  651  375  401  645  985 1513
667A Lytt  200307111 2042 2245 2467 2319 1949 1428 1057  657  431  363  663 1154
667A Lytt  200307112 1592 2006 2303 2098 1881 1595  854  463  310  198  515  959
667A Lytt  200307121 1408 1863 2326 2299 2258 1866 1293  839  411  169  179  599
667A Lytt  200307122 1066 1537 1968 2173 2089 1839 1227  794  401  154  159  444
667A Lytt  200307131  915 1513 1950 2206 2479 2213 1784 1334  802  393  234  280
667A Lytt  200307132  643 1140 1629 2017 2196 2144 1786 1350  847  490  148  204
667A Lytt  200307141  530 1063 1489 1987 2439 2454 2122 2004 1283  691  418  295
667A Lytt  200307142  325  704 1217 1746 2042 2269 2293 1823 1298  932  518  171
667A Lytt  200307151  298  677 1099 1563 2214 2410 2348 2297 1847 1243  806  616
667A Lytt  200307152  303  485  923 1451 1751 2222 2269 2135 1885 1381  994  492
667A Lytt  200307161  391  464  699 1212 1870 2222 2354 2522 2223 1637 1229  838
667A Lytt  200307162  499  441  523  916 1443 1866 2084 2333 2174 1771 1414  875
667A Lytt  200307171  556  424  524  793 1435 1825 2145 2480 2386 2081 1514 1276
667A Lytt  200307172  770  488  482  643 1019 1466 1864 2136 2303 2033 1785 1264
667A Lytt  200307181 1017  623  420  730 1117 1351 1870 2261 2377 2242 1947 1645
667A Lytt  200307182 1162  819  595  523  816 1232 1504 1938 2252 2175 2092 1807
667A Lytt  200307191 1264 1026  756  536  856 1207 1562 1907 2343 2212 2160 1990
667A Lytt  200307192 1554 1129  895  651  610 1024 1280 1518 1982 2295 2151 1987
667A Lytt  200307201 1672 1341  920  652  755  950 1192 1548 1940 2074 2021 2189
667A Lytt  200307202 1759 1347 1123  773  544  626 1003 1190 1568 1882 2132 1950
667A Lytt  200307211 1778 1611 1063  764  807  625  825 1143 1495 1585 1882 2093
667A Lytt  200307212 1764 1505 1232  883  522  497  528  800 1174 1481 1790 1924
667A Lytt  200307221 1809 1543 1352 1041  672  675  406  857 1204 1210 1545 1950
667A Lytt  200307222 1763 1603 1491 1034  655  531  463  567  835 1197 1543 1767
667A Lytt  200307231 1887 1903 1424 1222 1054  631  496  599  816 1087 1173 1762
667A Lytt  200307232 1754 1741 1606 1400  837  737  584  283  642  963 1320 1488
667A Lytt  200307241 1866 1994 1690 1469 1409  871  608  705  578  703 1222 1461
667A Lytt  200307242 1644 1904 1887 1573 1249  986  732  416  566  704 1211 1374
667A Lytt  200307251 1742 2049 2009 1776 1743 1218  896  711  687  590  940 1349
667A Lytt  200307252 1537 1855 2007 1816 1532 1332  863  581  665  574  889 1274
667A Lytt  200307261 1610 1876 2083 1983 1950 1412 1217  890  637  636  706 1103
667A Lytt  200307262 1418 1863 1922 2051 1950 1711 1131  963  673  576  792  980
667A Lytt  200307271 1429 1818 2049 2237 2258 1774 1671 1194  735  663  720  876
667A Lytt  200307272 1168 1672 1953 2050 2076 1897 1483 1233  776  599  740  624
667A Lytt  200307281 1207 1634 1984 2084 2306 2178 1884 1473 1060  776  657  715
667A Lytt  200307282  972 1359 1740 2031 2181 2129 1880 1501 1100  788  626  507
667A Lytt  200307291  907 1244 1689 2100 2362 2318 1988 1779 1260  952  658  624
667A Lytt  200307292  642 1027 1474 1787 2131 2181 1985 1829 1284  905  647  468
667A Lytt  200307301  522  936 1269 1743 2179 2356 2234 1984 1658 1043  696  606
667A Lytt  200307302  448  579 1082 1539 1749 2102 2165 1919 1570 1259  809  330
667A Lytt  200307311  520  590  890 1379 1998 2150 2330 2361 1917 1448  939  682
667A Lytt  200307312  429  537  643 1237 1591 1973 2159 2218 2006 1545 1188  633
667A Lytt  200308011  516  498  468 1049 1683 1889 2181 2458 2248 1725 1293  997
667A Lytt  200308012  412  392  516  766 1203 1696 1957 2167 2216 1803 1532  997
667A Lytt  200308021  564  452  431  580 1185 1643 1969 2357 2326 2031 1718 1254
667A Lytt  200308022  778  481  482  520  792 1440 1680 2015 2241 2208 1772 1308
667A Lytt  200308031  994  529  268  383  737 1171 1496 2045 2336 2061 1955 1612
667A Lytt  200308032 1067  666  448  291  422  939 1255 1752 2048 2203 2144 1734
667A Lytt  200308041 1289  903  514  297  573  738 1203 1706 2038 2166 2135 1971
667A Lytt  200308042 1518 1043  678  449  263  666  859 1379 1820 2247 2242 2003
667A Lytt  200308051 1923 1260  845  558  438  393  896 1180 1645 2104 2119 2166
667A Lytt  200308052 1863 1490  942  739  359  399  651  995 1441 2016 2242 2250
667A Lytt  200308061 2290 1764 1365  944  767  415  487 1028 1299 1596 2134 2304
667A Lytt  200308062 2083 1963 1554 1099  702  475  442  697 1071 1609 2031 2163
667A Lytt  200308071 2439 2244 1743 1351 1027  652  445  574  997 1238 1661 2138
667A Lytt  200308072 2263 2102 1934 1570  882  726  437  296  661 1184 1532 1929
667A Lytt  200308081 2448 2423 2078 1970 1476  796  720  503  597  781 1301 1835
667A Lytt  200308082 2071 2206 2319 1889 1416 1028  684  354  386  820 1122 1587
667A Lytt  200308091 2146 2371 2364 2270 1946 1390  913  724  461  439  871 1395
667A Lytt  200308092 1737 2095 2415 2156 1847 1538  887  654  397  415  781 1113
667A Lytt  200308101 1675 2196 2275 2361 2379 1705 1315  964  542  334  453  953
667A Lytt  200308102 1302 1723 2207 2279 2082 1941 1299  890  591  348  360  737
667A Lytt  200308111 1120 1702 2043 2327 2435 2166 1681 1260  754  459  315  562
667A Lytt  200308112  802 1338 1943 2109 2219 2272 1690 1313  762  568  305  320
667A Lytt  200308121  753 1257 1661 2112 2314 2278 2146 1548 1115  614  297  294
667A Lytt  200308122  482  772 1421 1767 1950 2209 1917 1589 1098  699  449  173
667A Lytt  200308131  345  784 1183 1634 2183 2214 2157 2031 1528  899  508  444
667A Lytt  200308132  279  361 1079 1569 1657 2118 2247 1823 1573 1147  698  376
667A Lytt  200308141  322  514  828 1316 1897 2119 2252 2327 1974 1348  939  788
667A Lytt  200308142  380  463  830 1290 1536 1991 2303 2255 1978 1823 1246  723
667A Lytt  200308151  660  573  580 1018 1649 1826 2155 2354 2137 1767 1327 1136
667A Lytt  200308152  619  562  708  945 1295 1809 2117 2191 2177 2141 1510 1145
667A Lytt  200308161  900  635  613  794 1342 1632 1897 2225 2259 2073 1705 1347
667A Lytt  200308162 1027  680  644  773 1016 1474 1818 2121 2167 2385 2028 1531
667A Lytt  200308171 1172  988  808  713 1131 1284 1781 2077 2182 2126 2034 1638
667A Lytt  200308172 1216  952  652  631  842 1197 1546 1794 2199 2238 2144 1785
667A Lytt  200308181 1608 1130  903  634  955 1030 1414 1856 2014 2071 2068 1885
667A Lytt  200308182 1498 1132  927  663  705  865 1173 1491 1762 2066 2205 1930
667A Lytt  200308191 1710 1371  992  847  842  897 1067 1337 1694 1937 1827 2041
667A Lytt  200308192 1613 1196 1330  855  504  741 1011 1148 1484 2015 1993 1858
667A Lytt  200308201 1947 1690 1141  923  927  674  820 1212 1354 1619 1863 2120
667A Lytt  200308202 1754 1656 1426  969  769  758  780  872 1257 1794 1747 1995
667A Lytt  200308211 2184 1830 1401 1328 1120  622  789 1146 1158 1315 1870 2057
667A Lytt  200308212 1780 1931 1846 1196  990 1006  710  694 1165 1432 1683 1933
667A Lytt  200308221 2067 2016 1655 1449 1183  838  686  841  776  998 1560 1705
667A Lytt  200308222 1752 1925 1836 1407 1117  932  565  527  707 1065 1253 1650
667A Lytt  200308231 1989 1890 1799 1737 1280  948  747  646  592  752 1075 1461
667A Lytt  200308232 1607 1857 1897 1569 1304 1009  736  444  540  669 1025 1320
667A Lytt  200308241 1727 1997 1897 1777 1662 1232  702  718  485  397  797 1262
667A Lytt  200308242 1326 1787 2017 1843 1525 1301  910  522  463  467  741  962
667A Lytt  200308251 1538 1913 1902 2064 1959 1490 1107  921  478  428  548  912
667A Lytt  200308252 1306 1640 2000 1983 1927 1675 1190  886  572  467  561  870
667A Lytt  200308261 1308 1717 2069 2199 2224 1949 1522 1175  753  570  498  645
667A Lytt  200308262 1076 1522 1948 2083 2187 2060 1632 1264  806  567  520  652
667A Lytt  200308271  946 1555 2023 2196 2468 2390 1970 1593 1180  655  392  673
667A Lytt  200308272  831 1166 1788 2235 2213 2316 2256 1687 1130  917  668  404
667A Lytt  200308281  723 1254 1635 2070 2508 2503 2242 2037 1448  916  569  528
667A Lytt  200308282  602  742 1442 1968 2111 2321 2357 1934 1547 1149  597  423
667A Lytt  200308291  488  729 1152 1720 2200 2470 2358 2303 1805 1182  736  601
667A Lytt  200308292  355  442  999 1491 1788 2255 2448 2133 1807 1509  887  384
667A Lytt  200308301  382  391  530 1257 1804 2056 2284 2425 1970 1555  960  641
667A Lytt  200308302  294  185  637  865 1459 1897 2234 2223 2129 1898 1184  798
667A Lytt  200308311  432  376  334  804 1314 1766 2148 2472 2247 1980 1614 1020
667A Lytt  200308312  594  404  517  608 1056 1628 2104 2267 2291 2264 1842 1147
667A Lytt  200309011  896  548  331  594  921 1479 1932 2314 2502 2320 2011 1570
667A Lytt  200309012 1068  626  457  593  682 1177 1763 2108 2439 2576 2324 1828
667A Lytt  200309021 1421 1104  628  596  910 1096 1528 2165 2362 2258 2399 2152
667A Lytt  200309022 1468 1016  867  558  451  920 1415 1779 2211 2665 2567 2303
667A Lytt  200309031 2016 1543  969  715  791  764 1136 1717 2004 2277 2421 2384
667A Lytt  200309032 2016 1474 1261  825  517  736 1029 1338 1945 2367 2551 2468
667A Lytt  200309041 2395 2000 1371 1075  846  515  741 1234 1502 1801 2276 2437
667A Lytt  200309042 2082 1989 1595 1077  761  515  700  847 1309 1829 2177 2483
667A Lytt  200309051 2477 2298 1883 1392 1050  753  478  902 1084 1298 1882 2208
667A Lytt  200309052 2221 2124 1966 1503 1021  667  574  538  789 1387 1745 2059
667A Lytt  200309061 2462 2468 2094 1876 1407  845  524  652  610  839 1329 1880
667A Lytt  200309062 2111 2138 2351 1815 1315 1003  631  359  539  962 1289 1711
667A Lytt  200309071 2182 2437 2332 2187 1775 1329  855  715  470  644 1092 1406
667A Lytt  200309072 1844 2131 2324 2130 1797 1349  956  596  433  612  870 1169
667A Lytt  200309081 1813 2223 2350 2366 2120 1722 1147  791  636  335  599  967
667A Lytt  200309082 1390 1782 2186 2225 2014 1704 1277  749  482  441  592  750
667A Lytt  200309091 1409 1894 2117 2385 2401 1993 1542 1218  744  418  493  735
667A Lytt  200309092  987 1661 2059 2200 2292 2096 1673 1192  800  586  292  484
667A Lytt  200309101  964 1333 1810 2206 2259 2147 1872 1382  891  532  349  316
667A Lytt  200309102  659  986 1497 1943 2064 2025 1872 1453  941  613  347  271
667A Lytt  200309111  488  870 1388 1761 2048 2192 1930 1690 1193  726  406  269
667A Lytt  200309112  338  595 1164 1597 1792 2109 2026 1709 1339  932  567  326
667A Lytt  200309121  411  578  983 1557 1857 2047 2232 1939 1560 1079  822  311
667A Lytt  200309122  460  573  784 1329 1815 1985 2038 2154 1716 1337 1006  628
667A Lytt  200309131  427  599  843 1202 1675 1948 2286 2096 2002 1632 1108  826
667A Lytt  200309132  701  585  815 1286 1605 1969 2307 2386 2079 1825 1476 1027
667A Lytt  200309141  788  779  871 1000 1570 1958 2143 2290 2346 1926 1520 1229
667A Lytt  200309142  863  658  757 1012 1261 1623 2032 2167 2161 2167 1764 1318
667A Lytt  200309151  990  905  835  781 1273 1662 1815 2154 2240 2102 1785 1480
667A Lytt  200309152 1226  772  812  933 1097 1427 1918 2197 2203 2312 2105 1642
667A Lytt  200309161 1325 1191  806  771 1166 1126 1656 1932 2102 2095 2079 1783
667A Lytt  200309162 1341 1051  821  878  834 1138 1623 1914 2081 2350 2276 1976
667A Lytt  200309171 1688 1487 1036  991 1030 1234 1440 1802 2058 2139 2116 2071
667A Lytt  200309172 1772 1310 1179 1031  941 1081 1396 1869 1950 2365 2542 2070
667A Lytt  200309181 2054 1725 1362 1105  967 1131 1210 1556 1852 2090 2090 2269
667A Lytt  200309182 2034 1615 1361 1215  932  859 1200 1367 1635 2061 2194 2105
667A Lytt  200309191 2154 1812 1457 1168  916  906  855 1072 1425 1580 1936 2036
667A Lytt  200309192 1919 1814 1470 1272 1023  742  936 1094 1302 1818 2016 2099
667A Lytt  200309201 2285 2050 1768 1523 1151 1097  852 1075 1244 1427 1856 2009
667A Lytt  200309202 2078 2109 1756 1421 1197 1005  869  865 1164 1564 1793 2079
667A Lytt  200309211 2337 2213 1977 1768 1311  968  924  759  838 1139 1489 1693
667A Lytt  200309212 1977 2056 1843 1722 1222  937  685  689  758  990 1475 1795
667A Lytt  200309221 2036 2209 2136 1813 1506 1163  825  648  652  735 1091 1548
667A Lytt  200309222 1696 2010 2002 1907 1609 1059  870  637  567  729 1132 1476
667A Lytt  200309231 1969 2256 2260 2224 1954 1547 1117  891  657  677  912 1234
667A Lytt  200309232 1611 1995 2121 2155 1900 1442 1041  802  476  545  724 1105
667A Lytt  200309241 1632 1949 2285 2398 2055 1881 1414  923  614  613  592  874
667A Lytt  200309242 1391 1898 2111 2413 2247 2013 1628 1082  750  590  534  795
667A Lytt  200309251 1344 1818 2215 2373 2483 2237 1688 1377  738  463  437  564
667A Lytt  200309252  931 1519 1927 2253 2467 2157 1900 1379  868  710  331  448
667A Lytt  200309261  935 1311 1782 2340 2408 2494 2142 1665 1249  594  548  465
667A Lytt  200309262  688  985 1845 2173 2213 2470 2380 1826 1333  887  618  172
667A Lytt  200309271  564  929 1351 1887 2475 2454 2366 2096 1546  920  565  407
667A Lytt  200309272  292  613 1183 1744 2104 2365 2618 2178 1896 1274  698  383
667A Lytt  200309281  346  432  875 1575 2036 2386 2447 2417 2030 1381  946  512
667A Lytt  200309282  386  452  715 1413 1908 2283 2714 2670 2184 2056 1380  778
667A Lytt  200309291  622  499  553 1012 1665 2184 2558 2533 2433 1983 1287  985
667A Lytt  200309292  554  361  455  865 1240 1696 2304 2535 2380 2338 1692 1171
667A Lytt  200309301  757  457  343  580 1031 1579 2026 2283 2432 2243 1814 1260
667A Lytt  200309302  753  535  267  480  854 1288 1908 2272 2464 2479 2183 1730
667A Lytt  200310011 1350  742  591  488  735 1127 1710 2097 2342 2444 2278 1783
667A Lytt  200310012 1314  965  594  381  566  954 1327 1849 2190 2476 2428 2082
667A Lytt  200310021 1740 1203  733  534  580  556 1121 1573 1895 2296 2391 2119
667A Lytt  200310022 1805 1417  887  705  437  669  987 1365 2007 2336 2478 2581
667A Lytt  200310031 2307 1796 1407 1128  666  514  703 1194 1469 2046 2491 2430
667A Lytt  200310032 2318 2132 1618 1132  856  768  746 1052 1476 1965 2264 2549
667A Lytt  200310041 2582 2155 1913 1456  968  750  820  731 1216 1598 1928 2261
667A Lytt  200310042 2260 2305 1900 1476 1127  788  684  752 1066 1497 1959 2204
667A Lytt  200310051 2485 2430 2082 1765 1343  830  729  609  719 1228 1521 1868
667A Lytt  200310052 2220 2266 2167 1729 1365  958  575  382  674  920 1199 1760
667A Lytt  200310061 2155 2182 2175 2101 1527 1077  828  471  275  697  970 1320
667A Lytt  200310062 1749 2065 1986 1950 1627 1127  704  324  321  413  833 1202
667A Lytt  200310071 1643 2001 2190 2079 1718 1418  970  524  324  370  507  886
667A Lytt  200310072 1379 1805 1941 2010 1899 1362 1027  680  471  293  606  888
667A Lytt  200310081 1279 1818 2046 2165 2021 1671 1415  778  526  427  436  634
667A Lytt  200310082 1118 1574 1924 2026 2121 1913 1460 1012  762  470  452  651
667A Lytt  200310091 1058 1494 1832 2103 2137 2065 1620 1204  788  560  528  451
667A Lytt  200310092  759 1413 1736 1922 2345 2074 1766 1496 1024  729  517  605
667A Lytt  200310101  721 1101 1680 1933 2054 2101 1949 1537 1069  766  627  220
667A Lytt  200310102  584  945 1283 1699 2038 2076 1911 1667 1337  854  567  517
667A Lytt  200310111  523  761 1240 1663 1802 2122 2035 1738 1369  968  782  317
667A Lytt  200310112  473  674 1022 1447 1868 2075 1980 1948 1690 1111  913  676
667A Lytt  200310121  459  648 1043 1356 1677 1981 2141 1933 1718 1359  996  599
667A Lytt  200310122  628  660  757 1331 1737 1913 2078 2234 1928 1560 1282  916
667A Lytt  200310131  659  675  853 1101 1450 1871 2090 1978 1978 1668 1246  917
667A Lytt  200310132  728  614  714 1144 1486 1727 1986 2215 2073 1836 1533 1142
667A Lytt  200310141  767  695  631  862 1188 1546 1825 1841 1930 1808 1363 1066
667A Lytt  200310142  755  532  510  804 1000 1440 1680 1915 2056 1928 1591 1324
667A Lytt  200310151  992  662  656  661  865 1233 1557 1672 1928 1837 1615 1328
667A Lytt  200310152  934  751  547  686  831 1179 1477 1793 1977 2032 1868 1602
667A Lytt  200310161 1248  926  744  721  770 1018 1354 1642 1780 1989 1796 1561
667A Lytt  200310162 1315 1058  695  696  770  970 1256 1550 1900 2001 1980 1802
667A Lytt  200310171 1539 1224  861  735  649  785 1060 1304 1628 1831 1915 1710
667A Lytt  200310172 1444 1212  826  719  632  789  947 1298 1663 1926 2017 1936
667A Lytt  200310181 1813 1493 1055  882  660  590  861 1142 1295 1644 1911 1776
667A Lytt  200310182 1641 1498 1089  804  666  671  612  929 1360 1608 1899 1989
667A Lytt  200310191 1872 1702 1368 1013  783  581  662  810 1077 1464 1750 1892
667A Lytt  200310192 1823 1760 1431 1009  829  607  611  683 1135 1476 1704 2030
667A Lytt  200310201 2169 1884 1641 1480  930  639  658  682  841 1198 1670 1916
667A Lytt  200310202 1998 1968 1749 1427 1141  779  535  639  890 1085 1610 1966
667A Lytt  200310211 2159 2173 2029 1700 1221 1018  631  550  635 1026 1327 1682
667A Lytt  200310212 2099 2042 2060 1829 1306 1043  723  422  609  864 1325 1661
667A Lytt  200310221 2099 2378 2194 2080 1685 1176  850  544  505  707 1062 1519
667A Lytt  200310222 1818 2103 2312 2062 1739 1395  894  562  495  620  942 1369
667A Lytt  200310231 1913 2226 2372 2404 2032 1563 1177  740  452  501  696 1056
667A Lytt  200310232 1580 1962 2292 2352 2133 1785 1235  857  576  433  549  988
667A Lytt  200310241 1536 1981 2219 2516 2342 1897 1514  957  484  400  376  681
667A Lytt  200310242 1056 1705 2143 2272 2356 2087 1627 1007  681  336  150  412
667A Lytt  200310251  893 1374 1821 2297 2328 2102 1828 1200  664  373  186  217
667A Lytt  200310252  578 1172 1723 2010 2390 2337 1904 1497  989  488  155  152
667A Lytt  200310261  397  810 1424 1970 2268 2232 2152 1739  991  639  381  -20
667A Lytt  200310262  239  645 1240 1727 2201 2478 2269 2029 1574  860  475  239
667A Lytt  200310271  160  345  961 1562 1928 2268 2447 2035 1547 1230  600  233
667A Lytt  200310272  174  371  681 1397 1921 2355 2554 2386 2086 1551 1030  507
667A Lytt  200310281  238  214  499 1036 1500 1975 2398 2303 2053 1682 1101  694
667A Lytt  200310282  151  245  392  682 1433 1946 2258 2448 2470 1969 1525 1025
667A Lytt  200310291  587  228  311  590 1012 1523 2039 2270 2250 2186 1587 1091
667A Lytt  200310292  665  397  235  417 1017 1444 1889 2409 2506 2417 2094 1622
667A Lytt  200310301 1142  649  468  441  644 1166 1683 2083 2340 2418 2147 1740
667A Lytt  200310302 1257  767  577  342  672 1075 1469 2067 2411 2474 2519 2195
667A Lytt  200310311 1676 1284  846  620  552  861 1255 1581 2023 2375 2362 2080
667A Lytt  200310312 1762 1266  805  503  465  687  974 1440 2026 2301 2497 2506
667A Lytt  200311011 2061 1736 1241  812  602  590  871 1161 1729 2127 2417 2399
667A Lytt  200311012 2222 1910 1374  981  819  728  845 1222 1777 2058 2404 2659
667A Lytt  200311021 2551 2055 1797 1403  891  704  868  956 1302 1921 2181 2427
667A Lytt  200311022 2507 2214 1938 1432 1089  839  726  945 1247 1675 2112 2363
667A Lytt  200311031 2481 2522 2035 1765 1347  908  707  812  913 1326 1816 2112
667A Lytt  200311032 2196 2372 2135 1631 1452 1049  559  754  940 1159 1606 2131
667A Lytt  200311041 2362 2413 2318 2063 1563 1054  889  598  603  951 1323 1634
667A Lytt  200311042 2008 2170 2221 1796 1634 1240  689  617  683  711 1037 1540
667A Lytt  200311051 1941 2064 2167 2093 1697 1304  964  616  414  675  848 1230
667A Lytt  200311052 1622 2006 2068 1978 1850 1414  971  750  577  551  730 1165
667A Lytt  200311061 1587 1824 2049 2247 1897 1510 1232  791  473  521  673  840
667A Lytt  200311062 1356 1735 2007 2023 2087 1750 1312 1117  839  588  753 1025
667A Lytt  200311071 1224 1624 1964 2151 2153 1764 1620 1102  666  745  611  673
667A Lytt  200311072 1082 1585 1823 1957 2175 2006 1582 1335  940  622  669  669
667A Lytt  200311081  919 1347 1831 1946 2104 1960 1813 1333  915  739  490  530
667A Lytt  200311082  750 1175 1545 1781 2060 2105 1750 1594 1262  794  684  552
667A Lytt  200311091  722 1078 1425 1726 1995 2033 1861 1632 1239  901  633  598
667A Lytt  200311092  608  867 1359 1670 1936 2200 1990 1781 1567 1040  791  605
667A Lytt  200311101  660  822 1163 1560 1828 1945 1968 1912 1463 1098  875  597
667A Lytt  200311102  552  729 1151 1385 1734 2128 2045 1951 1847 1401 1024  735
667A Lytt  200311111  740  717  996 1324 1711 1769 1996 2068 1726 1487 1139  895
667A Lytt  200311112  568  836  980 1209 1750 2117 2177 2159 2216 1784 1386 1107
667A Lytt  200311121  908  818  916 1227 1550 1768 2095 2172 1987 1850 1465 1187
667A Lytt  200311122  892  761  939 1126 1522 1943 2093 2269 2353 2064 1726 1401
667A Lytt  200311131 1117  918  749 1026 1310 1588 1867 2087 2052 1954 1654 1288
667A Lytt  200311132  936  793  743  832 1209 1588 1749 2186 2249 2042 2009 1510
667A Lytt  200311141 1231  961  775  849 1064 1292 1631 1910 1959 2044 1775 1526
667A Lytt  200311142 1210  809  864  699  908 1311 1644 1928 2196 2191 2067 1792
667A Lytt  200311151 1529 1170  905  745  804 1069 1358 1726 1794 2123 1946 1677
667A Lytt  200311152 1497 1089  893  719  857  924 1335 1642 1962 2096 2107 2046
667A Lytt  200311161 1705 1415 1080  787  883  853 1236 1377 1685 2124 2084 1975
667A Lytt  200311162 1768 1422 1120  839  877  932 1030 1493 1767 2019 2149 2131
667A Lytt  200311171 1957 1642 1229  894  672  688  837  990 1497 1740 1984 2013
667A Lytt  200311172 1932 1594 1291  927  705  570  647  955 1315 1521 1919 2123
667A Lytt  200311181 1835 1829 1467  934  711  486  517  580 1078 1408 1693 1952
667A Lytt  200311182 2028 1685 1541 1182  644  524  469  589  833 1297 1712 1918
667A Lytt  200311191 2036 2006 1629 1259  978  435  452  389  624 1104 1465 1726
667A Lytt  200311192 2021 2055 1720 1486 1067  718  352  493  624 1000 1454 1848
667A Lytt  200311201 2033 2263 2074 1681 1388  740  571  411  488  770 1269 1652
667A Lytt  200311202 2048 2256 2122 1938 1517 1130  596  561  521  685 1125 1634
667A Lytt  200311211 2074 2286 2309 2087 1781 1237  862  576  483  587  927 1523
667A Lytt  200311212 1921 2316 2463 2331 1986 1705 1129  763  536  467  880 1259
667A Lytt  200311221 1808 2246 2389 2552 2204 1715 1433  747  557  524  614 1079
667A Lytt  200311222 1633 2123 2449 2559 2471 2092 1398 1103  675  300  674  803
667A Lytt  200311231 1186 1929 2280 2441 2612 2190 1816 1188  729  524  394  628
667A Lytt  200311232 1030 1631 2198 2392 2706 2506 2036 1666 1071  645  386  532
667A Lytt  200311241  786 1303 1913 2296 2493 2595 2146 1598 1245  696  338  421
667A Lytt  200311242  651 1019 1747 2190 2571 2674 2486 2143 1536  994  619  324
667A Lytt  200311251  375  760 1297 1789 2252 2500 2392 2076 1649 1007  620  240
667A Lytt  200311252  398  483 1055 1645 2207 2518 2623 2535 2010 1455 1034  554
667A Lytt  200311261  276  413  708 1235 1802 2153 2415 2352 2074 1576 1052  565
667A Lytt  200311262  324  239  650 1046 1669 2214 2585 2620 2508 2055 1493 1045
667A Lytt  200311271  591  389  437  815 1327 1735 2276 2482 2357 2155 1571 1055
667A Lytt  200311272  670  322  400  663 1157 1718 2116 2519 2656 2342 2093 1514
667A Lytt  200311281  964  669  439  435  863 1248 1729 2176 2398 2319 1957 1534
667A Lytt  200311282 1075  522  399  318  664 1153 1572 2062 2448 2480 2334 1905
667A Lytt  200311291 1429 1010  543  442  503  829 1253 1684 2071 2377 2191 1917
667A Lytt  200311292 1587  941  711  415  452  631 1156 1596 1942 2293 2332 2084
667A Lytt  200311301 1810 1423  836  513  471  513  739 1169 1717 2000 2202 2196
667A Lytt  200311302 1833 1360 1049  660  421  506  693 1090 1615 1912 2212 2348
667A Lytt  200312011 2058 1805 1423  846  633  592  536  872 1300 1732 2071 2204
667A Lytt  200312012 2191 1805 1487 1079  788  508  560  974 1226 1590 2093 2147
667A Lytt  200312021 2252 2114 1663 1306  958  567  465  577  912 1377 1597 1999
667A Lytt  200312022 2181 1970 1815 1354  977  761  484  671  850 1181 1593 1967
667A Lytt  200312031 2019 2163 1954 1504 1237  781  540  443  652  993 1302 1746
667A Lytt  200312032 2024 2016 1918 1750 1310  986  653  587  638  917 1282 1522
667A Lytt  200312041 1970 2192 2044 1826 1517 1122  715  560  579  686  993 1507
667A Lytt  200312042 1808 1968 2167 1964 1571 1390  998  710  599  810  982 1262
667A Lytt  200312051 1757 2043 1974 2069 1866 1336 1064  768  652  640  842 1280
667A Lytt  200312052 1693 1902 2207 2257 1973 1694 1345 1012  775  736  878 1065
667A Lytt  200312061 1582 1940 2086 2278 2228 1759 1390 1210  811  647  735 1029
667A Lytt  200312062 1382 1648 2154 2163 2066 2022 1664 1196  981  864  685  852
667A Lytt  200312071 1257 1667 1854 2065 2241 1956 1584 1272  944  651  583  841
667A Lytt  200312072 1088 1303 1871 2098 2061 2116 1857 1520  990  884  735  587
667A Lytt  200312081  898 1295 1594 1771 2125 2058 1709 1501 1289  666  649  776
667A Lytt  200312082  754 1047 1591 1943 2008 2162 2059 1768 1297 1030  931  584
667A Lytt  200312091  691 1221 1266 1560 2042 2110 1813 1693 1377  996  662  608
667A Lytt  200312092  699  767 1301 1663 1802 2159 2138 1940 1598 1242  964  675
667A Lytt  200312101  635  863 1017 1409 1715 1934 2005 1815 1613 1301  842  604
667A Lytt  200312102  674  601  967 1485 1724 1916 2208 2091 1830 1469 1167  920
667A Lytt  200312111  546  788  863 1103 1529 1857 1827 2013 1819 1467 1036  939
667A Lytt  200312112  612  565  847 1102 1496 1822 2076 2174 2039 1864 1379 1032
667A Lytt  200312121  747  749  671  813 1389 1713 1717 2117 2032 1699 1398 1089
667A Lytt  200312122  816  542  753  875 1328 1639 1940 2176 2128 2023 1726 1274
667A Lytt  200312131  979  780  744  684 1113 1502 1660 1963 2195 2068 1596 1467
667A Lytt  200312132 1186  710  664  970 1085 1365 1935 2188 2236 2354 2106 1622
667A Lytt  200312141 1261 1120  823  629 1024 1308 1511 1778 2238 2204 1880 1835
667A Lytt  200312142 1397  911  766  666  796 1115 1535 1911 2076 2251 2289 1879
667A Lytt  200312151 1547 1342  893  654  802 1128 1226 1619 2052 2129 2100 2060
667A Lytt  200312152 1717 1225  882  813  733  856 1238 1619 1927 2140 2296 2117
667A Lytt  200312161 1861 1615 1210  777  776  850  974 1340 1806 2059 2080 2223
667A Lytt  200312162 1963 1473 1118  891  627  593  845 1219 1541 1894 2365 2142
667A Lytt  200312171 1923 1876 1379  819  680  658  545  835 1382 1688 1854 2199
667A Lytt  200312172 2087 1611 1453 1031  582  549  563  781 1147 1615 2003 2095
667A Lytt  200312181 2115 2035 1515 1068  818  434  429  583  841 1349 1705 1989
667A Lytt  200312182 2131 2016 1657 1320  927  564  417  580  835 1138 1684 1986
667A Lytt  200312191 2093 2192 1878 1416 1148  718  390  387  615 1036 1396 1924
667A Lytt  200312192 2219 2254 2109 1747 1406  934  622  487  581  988 1325 1852
667A Lytt  200312201 2175 2361 2215 1873 1600 1116  573  476  584  702 1090 1786
667A Lytt  200312202 2131 2357 2445 2283 1935 1477  979  676  523  618  912 1480
667A Lytt  200312211 2026 2301 2471 2402 2020 1597 1101  569  491  565  597 1286
667A Lytt  200312212 1794 2103 2421 2516 2327 1910 1373  927  589  475  509  939
667A Lytt  200312221 1477 1978 2256 2443 2410 1956 1490 1065  510  444  455  809
667A Lytt  200312222 1337 1872 2261 2604 2699 2392 2064 1522 1005  584  538  592
667A Lytt  200312231  925 1681 2139 2260 2697 2542 1911 1643 1018  586  417  622
667A Lytt  200312232  817 1355 2018 2448 2702 2828 2514 2149 1514 1048  664  450
667A Lytt  200312241  693 1100 1552 1962 2450 2696 2348 2141 1509  930  611  503
667A Lytt  200312242  346  779 1488 1931 2338 2861 2724 2519 1980 1428 1010  558
667A Lytt  200312251  486  707 1057 1624 2089 2485 2604 2445 2007 1526 1083  582
667A Lytt  200312252  408  574  902 1437 1957 2573 2778 2803 2545 2061 1540  989
667A Lytt  200312261  738  531  768 1059 1724 2115 2393 2708 2463 2109 1551 1035
667A Lytt  200312262  745  459  519  966 1507 2014 2402 2695 2583 2400 1950 1341
667A Lytt  200312271  972  794  371  673 1273 1653 1940 2387 2623 2281 1902 1560
667A Lytt  200312272 1000  685  570  563 1050 1573 1935 2267 2734 2553 2154 2011
667A Lytt  200312281 1442 1034  641  631  869 1206 1621 2086 2310 2378 2251 1841
667A Lytt  200312282 1379  918  624  417  616 1120 1390 1880 2302 2419 2222 2170
667A Lytt  200312291 1631 1234  815  573  529  749 1198 1527 1906 2267 2397 2159
667A Lytt  200312292 1772 1345 1038  613  440  882 1075 1389 1905 2106 2133 2332
667A Lytt  200312301 1868 1484 1072  878  463  535  895 1110 1413 1826 2234 2065
667A Lytt  200312302 1947 1670 1183  831  591  667  685 1077 1430 1817 1991 2200
667A Lytt  200312311 2132 1752 1506 1007  669  599  606  796 1080 1516 1819 2091
667A Lytt  200312312 1993 1913 1550 1208  937  778  627  888 1134 1501 1688 2029
