667A Lyttelton          New Zealand         2015 43360S 172430E 0000 3 00000R MM
667A Lytt  201501011 2299 2501 2365 2159 1829 1298  740  726  525  731 1181 1653
667A Lytt  201501012 2095 2423 2453 2282 2042 1548  998  751  668  575 1080 1378
667A Lytt  201501021 1788 2238 2482 2230 2093 1788 1155  794  632  520  699 1284
667A Lytt  201501022 1717 2094 2396 2472 2220 1912 1539  929  722  680  604  975
667A Lytt  201501031 1379 1911 2153 2307 2313 1975 1465 1096  757  435  580  827
667A Lytt  201501032 1271 1703 2139 2280 2438 2328 1783 1278 1007  729  457  627
667A Lytt  201501041 1089 1548 1937 2069 2361 2241 1849 1439 1000  731  629  640
667A Lytt  201501042 1017 1392 1976 2149 2406 2471 2120 1800 1289  939  674  613
667A Lytt  201501051  800 1278 1627 1950 2338 2313 2157 1819 1423  890  570  646
667A Lytt  201501052  643 1012 1471 2037 2156 2411 2427 2031 1706 1226  758  762
667A Lytt  201501061  623  822 1300 1749 2042 2212 2335 2067 1671 1253  917  764
667A Lytt  201501062  518  743 1245 1558 1960 2353 2404 2218 1907 1473  998  771
667A Lytt  201501071  643  647  918 1353 1752 2050 2208 2255 1858 1625 1194  710
667A Lytt  201501072  687  623  838 1238 1714 2116 2236 2347 2124 1817 1303  972
667A Lytt  201501081  754  722  755  955 1580 1855 1984 2123 2166 1742 1472 1078
667A Lytt  201501082  778  566  727 1035 1285 1826 2129 2161 2252 1957 1535 1267
667A Lytt  201501091  884  680  596  798 1194 1583 1751 2016 2231 1958 1590 1287
667A Lytt  201501092 1046  559  669  736 1026 1507 1774 2061 2247 2053 1758 1508
667A Lytt  201501101 1041  936  593  667  999 1258 1603 1967 2175 2041 1952 1649
667A Lytt  201501102 1227  978  697  722  926 1367 1601 2011 2156 2203 2117 1746
667A Lytt  201501111 1538 1066  873  730  949 1150 1456 1842 2080 2135 2212 1995
667A Lytt  201501112 1557 1245  978  772  842 1220 1357 1835 2111 2204 2202 2037
667A Lytt  201501121 1705 1382 1055  815  824  969 1130 1602 1931 1981 2132 2193
667A Lytt  201501122 1671 1436 1238  839  819  970 1177 1416 1824 2139 2044 2190
667A Lytt  201501131 1920 1580 1344  892  879  896  948 1293 1636 1941 2081 2220
667A Lytt  201501132 2044 1713 1463 1134  950  886  948 1272 1549 1901 2046 2217
667A Lytt  201501141 2133 1857 1561 1174  980  865  753 1036 1450 1698 1876 2259
667A Lytt  201501142 2251 1860 1756 1414  985  941  858  955 1224 1647 1927 1987
667A Lytt  201501151 2213 2138 1706 1348 1307  896  577  853 1200 1303 1733 2207
667A Lytt  201501152 2224 2131 1993 1638 1279 1009  884  757 1046 1470 1612 1910
667A Lytt  201501161 2397 2182 2001 1801 1351 1115  755  715  935 1176 1436 1864
667A Lytt  201501162 2158 2358 2214 1977 1731 1288 1026  814  863 1160 1430 1816
667A Lytt  201501171 2220 2326 2307 2172 1813 1392  999  880  785  925 1314 1762
667A Lytt  201501172 2087 2431 2531 2384 2160 1732 1218  980  922  884 1134 1669
667A Lytt  201501181 2050 2353 2501 2529 2288 1831 1275  985  796  690 1084 1379
667A Lytt  201501182 1943 2345 2544 2605 2582 2083 1635 1305  877  824  884 1156
667A Lytt  201501191 1696 2158 2384 2562 2530 2150 1646 1225  755  536  769  965
667A Lytt  201501192 1367 1922 2335 2554 2628 2528 2067 1518 1201  756  588  726
667A Lytt  201501201 1117 1706 2046 2280 2711 2389 1938 1617 1039  585  406  584
667A Lytt  201501202  747 1238 1986 2327 2454 2692 2342 1772 1362  896  471  263
667A Lytt  201501211  614  931 1359 2030 2298 2387 2324 1863 1331  792  410  270
667A Lytt  201501212  260  660 1314 1756 2236 2629 2388 2239 1848 1067  648  294
667A Lytt  201501221  261  412  909 1460 2068 2328 2373 2301 1808 1217  790  326
667A Lytt  201501222  140  259  714 1206 1867 2375 2481 2385 2355 1647 1052  630
667A Lytt  201501231  263  230  420  938 1544 2067 2355 2494 2312 1911 1220  760
667A Lytt  201501232  405  152  347  740 1361 1915 2345 2583 2530 2193 1667 1098
667A Lytt  201501241  612  353  255  402 1106 1621 2003 2408 2512 2285 1805 1288
667A Lytt  201501242  797  357  272  437  741 1429 1992 2248 2548 2616 2072 1612
667A Lytt  201501251 1119  589  261  372  519 1079 1613 2084 2418 2513 2248 1866
667A Lytt  201501252 1446  730  483  326  413  901 1425 1797 2294 2592 2413 2044
667A Lytt  201501261 1620 1162  497  420  383  517 1071 1639 2034 2374 2557 2286
667A Lytt  201501262 1834 1410  848  552  393  632  965 1422 1910 2294 2572 2254
667A Lytt  201501271 2111 1714 1085  639  513  449  756 1176 1657 2168 2424 2520
667A Lytt  201501272 2337 1943 1460 1023  701  581  703 1098 1423 2042 2321 2362
667A Lytt  201501281 2454 2073 1676 1098  823  488  466  777 1248 1664 2079 2523
667A Lytt  201501282 2351 2261 1921 1411 1047  697  593  689 1123 1338 1920 2212
667A Lytt  201501291 2381 2288 2002 1612 1053  768  541  556  781 1180 1681 2134
667A Lytt  201501292 2354 2332 2301 1762 1328 1032  632  564  623 1069 1420 1773
667A Lytt  201501301 2214 2318 2116 1923 1512  993  695  558  500  767 1279 1686
667A Lytt  201501302 2153 2298 2361 2079 1801 1414  782  775  656  676 1028 1511
667A Lytt  201501311 1865 2107 2254 2224 1824 1383 1081  625  458  617  910 1252
667A Lytt  201501312 1823 2047 2315 2364 2037 1772 1251  862  668  584  803 1141
667A Lytt  201502011 1645 1912 2236 2357 2096 1832 1480  988  691  528  819  970
667A Lytt  201502012 1486 2026 2162 2296 2428 2041 1694 1238  936  793  691 1004
667A Lytt  201502021 1304 1767 2129 2328 2420 2252 1875 1458 1051  893  752  942
667A Lytt  201502022 1324 1717 2224 2384 2556 2499 2148 1755 1371 1034  907  892
667A Lytt  201502031 1100 1518 2066 2297 2443 2468 2245 1799 1352 1078  829  807
667A Lytt  201502032 1127 1469 1926 2249 2377 2565 2283 1996 1639 1177 1047  893
667A Lytt  201502041  954 1197 1531 1963 2331 2464 2304 2214 1714 1250 1070  885
667A Lytt  201502042  886 1218 1627 1898 2313 2568 2370 2251 1932 1430 1130  972
667A Lytt  201502051  825 1035 1400 1858 2105 2344 2474 2329 2074 1644 1303 1014
667A Lytt  201502052 1013 1018 1372 1917 2103 2485 2713 2431 2189 1910 1437 1038
667A Lytt  201502061  976 1119 1261 1631 2123 2327 2472 2564 2288 1852 1651 1123
667A Lytt  201502062  915  884 1127 1401 1872 2324 2496 2411 2301 2089 1631 1208
667A Lytt  201502071 1023  868  894 1291 1630 1941 2063 2388 2093 1924 1670 1232
667A Lytt  201502072  860  695  823  930 1362 1841 2015 2153 2262 2029 1677 1253
667A Lytt  201502081 1003  756  643  994 1231 1494 1973 2233 2098 2106 1874 1371
667A Lytt  201502082 1089  877  762  800 1187 1626 1824 2072 2417 2174 2028 1641
667A Lytt  201502091 1205 1059  780  906 1071 1385 1699 2091 2056 2193 2095 1726
667A Lytt  201502092 1352  980  872  638  910 1185 1501 1786 2083 2090 1974 1750
667A Lytt  201502101 1394 1026  860  667  784 1052 1347 1633 1894 2029 2083 1813
667A Lytt  201502102 1511 1104  883  592  684  904 1088 1507 1733 2000 2002 1817
667A Lytt  201502111 1543 1259  891  685  690  723  999 1374 1632 1881 2102 1934
667A Lytt  201502112 1717 1275 1112  788  598  824  905 1125 1647 1869 1944 2056
667A Lytt  201502121 1839 1479 1164  907  715  678  911 1134 1484 1794 2082 2145
667A Lytt  201502122 2012 1718 1486  978  819  820  746  954 1352 1702 1933 2017
667A Lytt  201502131 2094 1780 1551 1150  946  671  759  945 1179 1555 2084 2124
667A Lytt  201502132 2158 2073 1792 1366 1011  911  709  733 1125 1440 1739 2051
667A Lytt  201502141 2233 2028 1752 1550 1034  774  677  708  834 1213 1740 1998
667A Lytt  201502142 2102 2250 2068 1636 1311  990  587  568  685 1051 1411 1732
667A Lytt  201502151 2163 2065 1983 1852 1290  882  760  475  490  851 1252 1676
667A Lytt  201502152 1987 2214 2278 1898 1591 1226  745  444  533  612  912 1410
667A Lytt  201502161 1873 2046 2160 2096 1719 1180  808  534  304  464  862 1263
667A Lytt  201502162 1629 2089 2341 2181 1974 1627 1119  515  459  401  501  936
667A Lytt  201502171 1465 1928 2103 2329 2126 1677 1170  820  394  314  541  866
667A Lytt  201502172 1304 1893 2309 2380 2410 2147 1569  996  631  404  256  637
667A Lytt  201502181 1136 1577 2019 2495 2414 2163 1862 1244  667  408  362  415
667A Lytt  201502182  892 1525 2054 2365 2628 2609 2106 1527 1216  638  303  402
667A Lytt  201502191  724 1106 1713 2281 2496 2505 2317 1824 1167  711  458  169
667A Lytt  201502192  462  977 1616 2018 2516 2833 2431 2115 1657  971  557  338
667A Lytt  201502201  245  600 1163 1862 2288 2552 2667 2346 1752 1198  790  340
667A Lytt  201502202  204  516 1064 1538 2154 2709 2682 2474 2315 1601  944  618
667A Lytt  201502211  341  343  611 1389 1974 2315 2714 2827 2323 1790 1405  728
667A Lytt  201502212  309  376  520  940 1619 2235 2509 2621 2608 2151 1497  979
667A Lytt  201502221  573  222  319  730 1323 1721 2316 2691 2425 2319 1840 1138
667A Lytt  201502222  671  351  332  420  937 1686 1987 2323 2693 2384 1968 1470
667A Lytt  201502231  993  394  262  403  725 1173 1797 2361 2414 2500 2343 1660
667A Lytt  201502232 1191  753  410  265  606 1039 1494 1917 2426 2465 2309 1962
667A Lytt  201502241 1386  942  484  416  408  734 1323 1826 2200 2491 2544 2199
667A Lytt  201502242 1693 1310  810  494  499  734 1142 1541 2037 2528 2477 2350
667A Lytt  201502251 2052 1462  931  657  530  480  936 1510 1858 2264 2766 2621
667A Lytt  201502252 2209 2014 1522  854  800  788  778 1143 1732 2148 2281 2505
667A Lytt  201502261 2411 1879 1478 1194  802  474  759 1111 1313 1873 2434 2503
667A Lytt  201502262 2402 2254 1831 1305  945  859  571  790 1368 1645 1948 2354
667A Lytt  201502271 2491 2199 1830 1551 1094  597  725  726  878 1418 2005 2224
667A Lytt  201502272 2379 2495 2165 1627 1342  993  620  588  914 1207 1557 2068
667A Lytt  201502281 2385 2285 2169 1933 1406 1006  758  676  673 1053 1582 1964
667A Lytt  201502282 2194 2422 2306 2019 1574 1324  876  521  797  992 1163 1659
667A Lytt  201503011 2174 2199 2186 2214 1783 1228 1032  845  483  808 1277 1508
667A Lytt  201503012 1869 2361 2399 2078 1976 1643 1059  771  802  757  952 1408
667A Lytt  201503021 1811 2066 2251 2361 1973 1639 1388  936  651  707 1000 1247
667A Lytt  201503022 1579 2111 2313 2304 2291 1983 1406 1121  892  721  785 1117
667A Lytt  201503031 1495 1844 2189 2291 2258 2011 1606 1261  893  740  848 1008
667A Lytt  201503032 1412 1879 2166 2381 2408 2215 1863 1395 1148  922  832  880
667A Lytt  201503041 1286 1753 2024 2308 2417 2289 1947 1701 1135  862  892  917
667A Lytt  201503042 1058 1637 2058 2217 2402 2477 2026 1653 1388 1132  835  830
667A Lytt  201503051 1206 1457 1782 2265 2393 2381 2296 1981 1439 1142  990  970
667A Lytt  201503052  972 1336 1975 2081 2449 2640 2449 2102 1754 1574 1048  898
667A Lytt  201503061 1088 1008 1572 2029 2278 2196 2452 2243 1704 1366 1208  923
667A Lytt  201503062  906 1264 1617 2010 2320 2622 2577 2373 2134 1696 1278 1031
667A Lytt  201503071 1077 1063 1436 1979 2117 2316 2516 2432 2056 1766 1472 1011
667A Lytt  201503072  911 1138 1290 1588 2071 2407 2368 2409 2275 1888 1539 1191
667A Lytt  201503081 1159 1042 1298 1778 2003 2278 2584 2533 2321 2031 1583 1307
667A Lytt  201503082  907 1009 1094 1267 1770 2123 2247 2225 2314 1980 1542 1187
667A Lytt  201503091 1054  791  854 1184 1592 1792 2152 2350 2135 2066 1749 1296
667A Lytt  201503092  909  915  882  868 1420 1792 1925 2092 2343 2087 1698 1418
667A Lytt  201503101 1126  735  862  993 1219 1553 1979 2199 2152 2165 2055 1492
667A Lytt  201503102 1122  980  805  751 1140 1447 1598 2005 2194 2067 1898 1558
667A Lytt  201503111 1298  825  805  919  898 1214 1747 1941 2079 2188 2117 1768
667A Lytt  201503112 1393 1149  840  757  889 1120 1460 1684 2068 2111 2087 1864
667A Lytt  201503121 1516 1136  847  825  800  945 1361 1653 1985 2154 2221 2066
667A Lytt  201503122 1631 1417 1097  768  795  922 1176 1338 1973 2172 2045 2121
667A Lytt  201503131 1850 1347 1159  976  727  850 1152 1394 1753 2097 2242 2271
667A Lytt  201503132 2110 1654 1349  963  818  778  859 1201 1558 1850 2183 2150
667A Lytt  201503141 2019 1822 1346 1075  861  661  839 1095 1414 1902 2229 2256
667A Lytt  201503142 2201 2089 1644 1342 1026  751  739  925 1322 1690 2005 2283
667A Lytt  201503151 2345 2022 1811 1429 1066  839  765  882 1187 1563 2007 2342
667A Lytt  201503152 2368 2438 2204 1712 1433  954  741  751  984 1422 1804 2124
667A Lytt  201503161 2409 2369 2187 1961 1394 1137  889  748 1008 1339 1801 2315
667A Lytt  201503162 2657 2644 2598 2418 1908 1372 1076  819  794 1172 1499 1969
667A Lytt  201503171 2311 2588 2493 2290 1891 1544  980  710  752  917 1259 1889
667A Lytt  201503172 2253 2620 2788 2480 2184 1766 1196  863  687  755 1056 1388
667A Lytt  201503181 2114 2377 2657 2604 2304 1913 1377  823  691  639  815 1373
667A Lytt  201503182 1855 2308 2592 2775 2622 2065 1636 1104  610  490  616  813
667A Lytt  201503191 1459 2069 2250 2592 2676 2176 1706 1141  668  302  389  627
667A Lytt  201503192 1069 1687 2140 2411 2600 2299 1901 1310  729  401  247  242
667A Lytt  201503201  746 1316 1915 2208 2598 2435 2042 1525 1042  389  200  261
667A Lytt  201503202  438  975 1664 2169 2308 2623 2232 1718 1192  737  255   38
667A Lytt  201503211  303  694 1248 1906 2408 2461 2452 2141 1520  854  490  198
667A Lytt  201503212  135  417 1113 1639 2104 2516 2618 2271 1850 1264  769  247
667A Lytt  201503221  164  386  761 1501 2019 2370 2738 2515 2161 1598 1044  615
667A Lytt  201503222  275  259  649 1246 1715 2181 2562 2571 2334 1870 1284  707
667A Lytt  201503231  379  351  339  971 1544 1984 2523 2703 2536 2222 1645 1088
667A Lytt  201503232  616  322  428  711 1249 1767 2241 2627 2479 2372 1985 1311
667A Lytt  201503241  852  603  487  541 1128 1680 2068 2496 2754 2588 2108 1756
667A Lytt  201503242 1138  624  549  610  843 1313 1812 2271 2518 2534 2390 1788
667A Lytt  201503251 1355  967  522  589  726 1149 1668 2116 2524 2654 2537 2188
667A Lytt  201503252 1724 1230  849  620  662  984 1365 1796 2254 2528 2499 2251
667A Lytt  201503261 1801 1457  887  662  607  824 1179 1526 2114 2417 2503 2458
667A Lytt  201503262 2068 1564 1192  793  617  606  952 1307 1619 2204 2481 2226
667A Lytt  201503271 2204 1768 1263  925  667  653  737 1174 1717 1921 2341 2553
667A Lytt  201503272 2275 1984 1596 1150  840  645  688 1030 1361 1815 2252 2380
667A Lytt  201503281 2341 2245 1739 1319 1113  839  630 1006 1385 1658 2122 2538
667A Lytt  201503282 2473 2325 2106 1566 1224  886  857  848 1176 1560 1872 2355
667A Lytt  201503291 2533 2352 2217 1871 1409 1096  872  948 1007 1458 1861 2225
667A Lytt  201503292 2445 2486 2369 2006 1594 1161  895  893  882 1299 1581 2041
667A Lytt  201503301 2244 2344 2418 2102 1717 1349 1066  784  917 1168 1451 1861
667A Lytt  201503302 2288 2356 2355 2287 1854 1449 1092  867  788  993 1243 1645
667A Lytt  201503311 1999 2263 2293 2236 1919 1536 1213  826  779  805 1026 1501
667A Lytt  201503312 1817 2063 2308 2253 2044 1649 1184  952  649  797  979 1195
667A Lytt  201504011 1596 2053 2128 2162 2097 1790 1313  994  816  618  806 1196
667A Lytt  201504012 1530 1879 2230 2305 2100 1967 1505 1125  798  830  793  988
667A Lytt  201504021 1351 1800 2070 2221 2271 1979 1693 1305 1005  630  661  959
667A Lytt  201504022 1221 1661 1937 2224 2177 2011 1756 1379  933  789  720  793
667A Lytt  201504031 1133 1481 1884 2132 2283 2201 1959 1591 1149  888  749  799
667A Lytt  201504032  994 1422 1817 2092 2307 2205 2053 1807 1293 1011  971  859
667A Lytt  201504041 1011 1480 1886 2133 2289 2531 2184 1864 1545 1252  798  745
667A Lytt  201504042 1074 1149 1589 2063 2247 2289 2290 2029 1533 1221  985  751
667A Lytt  201504051  740 1162 1481 1804 2159 2415 2223 2034 1807 1324  968  765
667A Lytt  201504052  826  932 1236 1778 2003 2200 2268 2155 1728 1384 1183  730
667A Lytt  201504061  719  899 1176 1600 1924 2190 2292 2196 1954 1635 1252  948
667A Lytt  201504062  802  841 1070 1517 1897 2070 2344 2301 1980 1641 1453  900
667A Lytt  201504071  600  935  897 1211 1756 2120 2156 2323 2223 1818 1417 1149
667A Lytt  201504072  884  663  842 1232 1437 1779 2126 2215 1986 2070 1606 1113
667A Lytt  201504081  997  890  849 1047 1571 1925 2022 2363 2485 2088 1816 1492
667A Lytt  201504082 1143  813  833 1095 1303 1617 2154 2236 2137 2378 1899 1406
667A Lytt  201504091 1154  952  773  806 1251 1595 1878 2223 2448 2232 2086 1837
667A Lytt  201504092 1411  991  822  785  957 1377 1803 2014 2246 2397 2231 1778
667A Lytt  201504101 1501 1187  903  867 1030 1338 1708 1999 2378 2396 2313 2202
667A Lytt  201504102 1821 1263 1089  999  853 1048 1473 1879 2057 2326 2450 2112
667A Lytt  201504111 1691 1614 1141  816  937 1109 1315 1714 2233 2329 2403 2486
667A Lytt  201504112 2128 1675 1305 1089  763  815 1164 1561 1716 2194 2545 2269
667A Lytt  201504121 2096 1968 1449 1034  884 1053  986 1407 1982 2301 2349 2677
667A Lytt  201504122 2621 2062 1764 1572 1219 1044 1075 1315 1698 2099 2429 2613
667A Lytt  201504131 2563 2286 1889 1455 1284 1112  932 1304 1744 2083 2466 2784
667A Lytt  201504132 2779 2561 2187 2032 1465  958  871 1061 1123 1730 2319 2492
667A Lytt  201504141 2547 2665 2321 1887 1483 1179  822 1026 1210 1660 1988 2566
667A Lytt  201504142 2721 2776 2483 2273 1765 1264  906  756  839 1164 1632 2081
667A Lytt  201504151 2412 2720 2578 2207 1972 1422  896  823  995 1014 1413 2159
667A Lytt  201504152 2502 2523 2804 2555 1998 1513 1074  710  557  745 1121 1681
667A Lytt  201504161 2024 2555 2662 2369 2190 1759  973  644  605  492  660 1349
667A Lytt  201504162 1943 2124 2535 2691 2195 1735 1246  784  384  373  576  937
667A Lytt  201504171 1495 2113 2457 2456 2489 2069 1453  939  587  367  288  746
667A Lytt  201504172 1344 1821 2321 2577 2502 2234 1689 1221  601  395  400  449
667A Lytt  201504181  888 1660 2127 2285 2705 2453 1904 1455 1016  403  256  460
667A Lytt  201504182  674 1261 1897 2307 2487 2523 2094 1745 1061  622  396  249
667A Lytt  201504191  393 1012 1683 1992 2501 2708 2381 1921 1506  847  354  395
667A Lytt  201504192  346  663 1317 1948 2188 2443 2547 2125 1567 1194  612  205
667A Lytt  201504201  223  567 1066 1593 2147 2632 2488 2417 2099 1326  829  529
667A Lytt  201504202  260  282  823 1428 1819 2216 2619 2410 2014 1795 1083  545
667A Lytt  201504211  300  426  504 1028 1794 2183 2428 2631 2365 1832 1400  873
667A Lytt  201504212  442  343  371  874 1364 1720 2259 2438 2249 2069 1564  954
667A Lytt  201504221  484  407  339  610 1189 1705 2013 2489 2470 2162 1805 1321
667A Lytt  201504222  917  315  450  506  744 1271 1869 2104 2216 2364 1907 1360
667A Lytt  201504231  947  647  311  329  810 1149 1550 2141 2357 2234 2160 1793
667A Lytt  201504232 1227  737  531  460  409  929 1396 1666 2089 2303 2161 1808
667A Lytt  201504241 1390 1102  569  450  644  835 1183 1743 2156 2204 2434 2248
667A Lytt  201504242 1683 1184  966  640  411  750 1108 1359 1841 2355 2312 2177
667A Lytt  201504251 2039 1611 1079  822  808  650 1034 1479 1779 2161 2398 2439
667A Lytt  201504252 2100 1719 1418 1009  687  765  824 1187 1640 2033 2276 2432
667A Lytt  201504261 2196 1955 1518 1197 1051  830  869 1340 1658 1952 2324 2568
667A Lytt  201504262 2488 2169 1920 1537 1053  942 1011 1018 1418 1902 2259 2351
667A Lytt  201504271 2643 2395 1982 1700 1512 1121  887 1277 1490 1770 2210 2573
667A Lytt  201504272 2669 2558 2417 2043 1519 1316 1175 1110 1414 1723 2074 2332
667A Lytt  201504281 2604 2655 2296 2014 1736 1335 1095 1086 1180 1454 1788 2216
667A Lytt  201504282 2477 2420 2383 2239 1695 1291 1268  984 1021 1335 1783 1990
667A Lytt  201504291 2283 2631 2475 2135 2088 1600 1192 1039 1225 1233 1554 2115
667A Lytt  201504292 2285 2474 2504 2368 1992 1632 1447 1169 1043 1204 1638 1844
667A Lytt  201504301 2163 2558 2543 2478 2405 1923 1377 1247 1102 1061 1139 1636
667A Lytt  201504302 1977 2191 2409 2509 2090 1780 1430 1084  825  873 1121 1435
667A Lytt  201505011 1662 2089 2444 2218 2264 2022 1422 1074  957  802  725 1177
667A Lytt  201505012 1554 1714 2007 2331 2096 1653 1518 1112  627  732  799  850
667A Lytt  201505021 1203 1733 2048 2005 2123 2102 1569 1175  925  706  468  871
667A Lytt  201505022 1175 1384 1858 2243 1940 1942 1777 1201  856  675  754  673
667A Lytt  201505031  863 1502 1800 1766 2344 2145 1617 1560 1160  616  592  720
667A Lytt  201505032  803 1074 1686 2026 1928 2105 2005 1390 1081  902  646  594
667A Lytt  201505041  729 1186 1534 1788 2265 2194 1947 1883 1386  944  697  668
667A Lytt  201505042  702  875 1487 1819 1925 2172 2155 1664 1473 1028  834  672
667A Lytt  201505051  600 1015 1364 1703 2088 2326 2194 2126 1868 1285  978  884
667A Lytt  201505052  718  806 1248 1652 2001 2154 2343 2165 1916 1460 1220  916
667A Lytt  201505061  686  965 1239 1541 2086 2441 2440 2454 2280 1685 1268 1129
667A Lytt  201505062  907  754 1007 1567 1768 2096 2477 2391 2159 1963 1561 1112
667A Lytt  201505071  877 1043 1067 1221 1995 2209 2394 2602 2599 2164 1653 1507
667A Lytt  201505072 1132  769  942 1312 1548 1837 2382 2544 2326 2280 1982 1430
667A Lytt  201505081 1009 1011 1015  869 1544 2033 2114 2460 2790 2429 2008 1883
667A Lytt  201505082 1446  863  882 1240  981 1548 2214 2239 2396 2507 2334 1751
667A Lytt  201505091 1321 1271  935  688 1319 1660 1686 2389 2639 2414 2434 2210
667A Lytt  201505092 1579 1274 1069  849  906 1281 1693 1937 2298 2605 2391 2138
667A Lytt  201505101 1744 1337  999  817  893 1160 1487 1924 2348 2449 2430 2440
667A Lytt  201505102 2015 1513 1162  951  665  837 1282 1671 1954 2415 2578 2383
667A Lytt  201505111 2125 1785 1310  902  976  842 1096 1569 1959 2301 2493 2650
667A Lytt  201505112 2336 1874 1544 1035  827  711  926 1314 1725 2182 2509 2611
667A Lytt  201505121 2540 2236 1689 1197  952  759  650 1206 1758 1924 2420 2791
667A Lytt  201505122 2681 2380 2092 1612 1108  837  887  930 1386 1908 2258 2577
667A Lytt  201505131 2624 2556 2153 1539 1255  915  604  805 1092 1516 1991 2405
667A Lytt  201505132 2601 2454 2417 1954 1313 1028  773  522  813 1351 1878 2163
667A Lytt  201505141 2552 2723 2484 2038 1740 1239  727  665  898 1090 1519 2184
667A Lytt  201505142 2430 2604 2661 2362 1783 1363  895  575  564  897 1345 1821
667A Lytt  201505151 2338 2783 2667 2563 2343 1552 1256  874  768  675 1196 1745
667A Lytt  201505152 2148 2663 2816 2672 2461 1921 1369  947  757  537  980 1405
667A Lytt  201505161 1912 2345 2711 2677 2628 2150 1475 1137  728  402  628 1049
667A Lytt  201505162 1576 2025 2545 2679 2430 2262 1711 1067  729  460  523  710
667A Lytt  201505171 1233 1856 2292 2506 2772 2382 1920 1417  956  544  283  646
667A Lytt  201505172  917 1456 2014 2421 2565 2598 2027 1588 1113  629  520  544
667A Lytt  201505181  839 1275 2069 2341 2702 2744 2419 2101 1403  994  457  473
667A Lytt  201505182  648 1033 1670 2135 2346 2623 2482 2024 1622 1049  717  403
667A Lytt  201505191  524  908 1408 1954 2465 2641 2651 2348 1881 1341  874  657
667A Lytt  201505192  513  647 1143 1673 2017 2477 2555 2269 2056 1406 1042  649
667A Lytt  201505201  443  620  888 1431 2034 2373 2531 2670 2222 1792 1254  931
667A Lytt  201505202  522  486  802 1143 1611 2156 2348 2287 2399 1874 1409  993
667A Lytt  201505211  571  497  614 1055 1605 1996 2428 2698 2532 2238 1778 1311
667A Lytt  201505212  726  504  687 1010 1182 1795 2240 2347 2510 2342 1984 1481
667A Lytt  201505221 1082  810  591  785 1370 1577 1983 2609 2501 2354 2166 1716
667A Lytt  201505222 1181  830  684  730  863 1391 1819 2007 2362 2524 2189 1771
667A Lytt  201505231 1475 1066  720  753 1063 1201 1805 2243 2508 2513 2372 2217
667A Lytt  201505232 1676 1287 1056  740  807 1251 1443 1902 2248 2446 2473 2204
667A Lytt  201505241 1917 1534 1129  892 1138 1014 1456 1967 2313 2379 2636 2590
667A Lytt  201505242 2071 1747 1451 1148  873 1278 1335 1481 2066 2543 2619 2554
667A Lytt  201505251 2410 1996 1509 1167 1357 1000 1159 1881 2138 2201 2601 2647
667A Lytt  201505252 2463 2162 1908 1399 1037 1272 1132 1384 1845 2189 2494 2519
667A Lytt  201505261 2436 2323 1765 1442 1335 1039 1019 1384 1762 1750 2323 2446
667A Lytt  201505262 2261 2109 2018 1564 1115 1029  902 1112 1404 1794 2056 2339
667A Lytt  201505271 2374 2319 1966 1599 1304  849  742 1073 1168 1383 1790 2243
667A Lytt  201505272 2173 2221 1897 1480 1136  800  556  587  853 1166 1603 1727
667A Lytt  201505281 2071 1978 1912 1513 1393  809  652  642  753  869 1255 1716
667A Lytt  201505282 1921 1963 1818 1721 1189  948  716  436  562  871 1177 1554
667A Lytt  201505291 1864 1977 2012 1721 1648 1124  743  769  600  716 1094 1541
667A Lytt  201505292 1739 2002 2086 1878 1594 1330  820  645  650  638 1042 1438
667A Lytt  201505301 1699 2033 2173 2021 1938 1447 1144  918  580  757  825 1328
667A Lytt  201505302 1718 1942 2167 2178 1865 1657 1154  868  754  724  894 1247
667A Lytt  201505311 1686 1918 2260 2242 2223 1842 1444 1186  832  640  808 1033
667A Lytt  201505312 1490 1874 2107 2244 2183 2018 1473 1194  935  703  810 1078
667A Lytt  201506011 1359 1908 2191 2250 2509 2153 1893 1432 1148  774  706  952
667A Lytt  201506012 1288 1718 2038 2317 2280 2361 1837 1427 1184  868  756  853
667A Lytt  201506021 1099 1543 2008 2237 2537 2428 2155 1923 1495  984  748  965
667A Lytt  201506022  949 1388 2042 2163 2331 2655 2156 1922 1568 1085  911  837
667A Lytt  201506031 1062 1229 1854 2323 2531 2517 2701 2208 1693 1448 1008  742
667A Lytt  201506032  869 1065 1631 1986 2261 2629 2495 2317 1954 1476 1140 1017
667A Lytt  201506041 1046 1218 1616 2119 2602 2700 2868 2739 2266 1793 1288  989
667A Lytt  201506042  752  927 1223 1528 2002 2408 2268 2428 2235 1582 1317  905
667A Lytt  201506051  700  716 1012 1423 1945 2248 2602 2484 2410 1938 1385 1084
667A Lytt  201506052  753  604  596 1162 1529 1858 2216 2347 2232 1901 1482 1086
667A Lytt  201506061  694  572  602  990 1492 1862 2268 2541 2433 2240 1836 1396
667A Lytt  201506062  941  651  527  690 1109 1540 1874 2269 2371 2153 1902 1454
667A Lytt  201506071  992  780  522  561 1108 1457 1859 2284 2429 2413 2054 1762
667A Lytt  201506072 1268  824  577  472  695 1128 1515 1965 2253 2308 2343 1824
667A Lytt  201506081 1356 1032  592  548  693 1008 1531 1954 2348 2409 2470 2230
667A Lytt  201506082 1672 1255  846  517  520  768 1085 1582 2108 2233 2542 2300
667A Lytt  201506091 1849 1527 1028  688  636  826 1104 1662 2089 2369 2499 2528
667A Lytt  201506092 2278 1741 1292  775  521  620  816 1358 1719 2166 2524 2539
667A Lytt  201506101 2198 1958 1605  918  869  639  825 1030 1807 2062 2271 2693
667A Lytt  201506102 2612 2155 1778 1290  764  616  579  912 1308 1826 2346 2536
667A Lytt  201506111 2575 2422 2000 1527 1069  813  638  876 1237 1437 2069 2555
667A Lytt  201506112 2471 2532 2253 1662 1256  830  660  580  995 1412 1929 2328
667A Lytt  201506121 2633 2702 2399 2109 1611 1055  787  725  850 1262 1670 2282
667A Lytt  201506122 2501 2801 2646 2339 1927 1351  943  746  878 1123 1574 2159
667A Lytt  201506131 2476 2839 2885 2434 2295 1701 1158  868  834  887 1110 1848
667A Lytt  201506132 2277 2541 2740 2482 2172 1798 1166  790  688  643 1079 1535
667A Lytt  201506141 2039 2583 2777 2767 2584 2036 1561 1073  965  561  821 1326
667A Lytt  201506142 1737 2062 2523 2625 2444 2188 1698 1061  679  631  658 1060
667A Lytt  201506151 1577 2066 2411 2721 2706 2342 1978 1462  964  588  464  841
667A Lytt  201506152 1154 1678 2247 2373 2573 2519 1854 1393 1069  654  436  645
667A Lytt  201506161 1019 1485 1970 2397 2658 2588 2258 1843 1298  704  556  448
667A Lytt  201506162  717 1145 1624 2031 2336 2497 2092 1789 1330  651  604  393
667A Lytt  201506171  568 1003 1528 2009 2370 2528 2425 2084 1590 1094  716  467
667A Lytt  201506172  422  811 1234 1604 2108 2332 2384 2093 1802 1213  759  638
667A Lytt  201506181  332  597  890 1643 2066 2326 2524 2366 2146 1356 1001  777
667A Lytt  201506182  448  622  824 1408 1780 2219 2478 2231 2053 1712 1159  796
667A Lytt  201506191  618  563  792 1228 1825 2081 2466 2628 2330 1906 1466 1175
667A Lytt  201506192  627  659  741  913 1463 1922 2179 2325 2403 2001 1625 1160
667A Lytt  201506201  847  570  556  943 1328 1614 2190 2462 2277 2107 1762 1273
667A Lytt  201506202  984  717  539  809 1087 1568 1829 2107 2448 2053 1993 1459
667A Lytt  201506211 1068  899  606  753 1158 1461 1820 2201 2402 2321 2153 1717
667A Lytt  201506212 1391 1027  769  806  798 1473 1588 1846 2422 2220 2132 2041
667A Lytt  201506221 1429 1004  924  687  866 1115 1659 1897 2185 2278 2131 1943
667A Lytt  201506222 1488 1276  765  648  709  847 1118 1485 1956 1932 2182 1948
667A Lytt  201506231 1513 1220  869  672  583  838 1043 1393 1693 2013 1951 1806
667A Lytt  201506232 1816 1328  886  567  568  517  653 1176 1484 1647 1981 2040
667A Lytt  201506241 1547 1422 1065  771  579  549  792 1004 1407 1805 1874 1916
667A Lytt  201506242 1998 1569 1196  853  747  558  560  927 1354 1565 1927 2120
667A Lytt  201506251 1967 1728 1456 1169  870  671  833  981 1237 1563 1836 2146
667A Lytt  201506252 2018 1894 1726 1186  942  858  640  864 1218 1501 1815 2111
667A Lytt  201506261 2213 2070 1914 1512 1233 1024  916  966 1144 1353 1774 2026
667A Lytt  201506262 2198 2096 2075 1492 1368 1042  739  763 1081 1326 1570 2055
667A Lytt  201506271 2300 2231 2170 1940 1507 1138 1104  922  863 1203 1578 1769
667A Lytt  201506272 2076 2225 2095 1784 1606 1359  749  785 1050 1029 1445 1904
667A Lytt  201506281 2184 2189 2406 2274 1768 1393 1184  943  753 1054 1332 1606
667A Lytt  201506282 1915 2411 2182 2169 1840 1579 1018  834  958  787 1170 1683
667A Lytt  201506291 2024 2233 2357 2436 2130 1600 1514 1028  793  909  956 1338
667A Lytt  201506292 1787 2176 2243 2382 2159 1813 1359  982  981  602  966 1319
667A Lytt  201506301 1600 2018 2276 2380 2383 2056 1726 1275  970  697  833 1071
667A Lytt  201506302 1430 1884 2061 2378 2340 2071 1633 1180  970  581  700  934
667A Lytt  201507011 1200 1698 2087 2349 2489 2280 1925 1580 1078  677  632  622
667A Lytt  201507012  921 1527 1818 2043 2366 2334 1782 1499 1199  654  581  644
667A Lytt  201507021  826 1288 1858 2235 2491 2521 2333 1917 1488  962  634  611
667A Lytt  201507022  756 1040 1644 1996 2250 2477 2212 1912 1572  981  708  583
667A Lytt  201507031  540  978 1469 1850 2420 2527 2524 2321 1666 1278  811  488
667A Lytt  201507032  497  587 1144 1609 1912 2361 2316 2120 1891 1196  925  574
667A Lytt  201507041  364  555  972 1533 2007 2361 2599 2514 2234 1586 1180  822
667A Lytt  201507042  439  500  729 1266 1717 2163 2367 2496 2365 1751 1499  853
667A Lytt  201507051  644  546  646 1093 1775 2181 2491 2684 2581 2252 1662 1315
667A Lytt  201507052  763  488  647  798 1284 1867 2210 2427 2594 2348 1833 1316
667A Lytt  201507061  946  605  408  788 1251 1593 2138 2619 2588 2489 2126 1661
667A Lytt  201507062 1151  772  525  536  873 1406 1793 2272 2592 2484 2403 1824
667A Lytt  201507071 1331  903  550  511  828 1108 1749 2209 2455 2574 2460 2091
667A Lytt  201507072 1534 1092  643  384  582  938 1189 1812 2386 2405 2549 2383
667A Lytt  201507081 1775 1356  773  552  731  690 1252 1697 2066 2555 2567 2330
667A Lytt  201507082 2160 1704  969  725  502  528  803 1419 1912 2184 2591 2504
667A Lytt  201507091 2150 1838 1281  770  534  521  753 1045 1658 1938 2307 2431
667A Lytt  201507092 2159 2046 1473  783  654  390  312  718 1263 1671 2163 2436
667A Lytt  201507101 2320 2046 1699 1094  732  477  344  654  914 1443 1809 2186
667A Lytt  201507102 2268 2088 1774 1271  813  401  203  356  664 1119 1711 2044
667A Lytt  201507111 2324 2362 1878 1689 1116  677  472  269  688  885 1268 1857
667A Lytt  201507112 2241 2180 2019 1849 1145  768  378  228  307  644 1299 1639
667A Lytt  201507121 2052 2428 2194 1881 1723 1078  603  395  472  370  879 1460
667A Lytt  201507122 1814 2156 2228 1973 1668 1180  699  346  215  330  765 1225
667A Lytt  201507131 1628 2135 2358 2136 1994 1536 1049  627  384  348  497  961
667A Lytt  201507132 1512 1862 2199 2197 2125 1659 1036  782  410  211  551  940
667A Lytt  201507141 1332 1935 2265 2327 2372 2078 1532 1143  759  420  438  720
667A Lytt  201507142 1165 1626 2133 2275 2309 2218 1508 1252  841  450  475  672
667A Lytt  201507151  975 1514 2070 2309 2508 2468 2036 1496 1214  646  446  626
667A Lytt  201507152  864 1355 1852 2116 2334 2487 1959 1703 1247  819  580  631
667A Lytt  201507161  707 1124 1818 2132 2382 2596 2325 1930 1556  944  723  539
667A Lytt  201507162  733  999 1441 1847 2245 2458 2235 2066 1645 1094  904  573
667A Lytt  201507171  612  914 1369 1847 2317 2476 2464 2411 2026 1273  980  863
667A Lytt  201507172  585  774 1189 1633 1999 2298 2344 2272 2059 1516 1201  834
667A Lytt  201507181  727  721 1151 1523 1972 2449 2523 2506 2225 1779 1298 1051
667A Lytt  201507182  802  788 1113 1289 1817 2306 2281 2530 2592 1868 1586 1226
667A Lytt  201507191  834  880  939 1122 1859 2262 2483 2552 2602 2172 1658 1387
667A Lytt  201507192  958  853  908 1076 1529 1947 2193 2321 2346 2052 1817 1290
667A Lytt  201507201 1013  653  595  734 1309 1667 1992 2306 2363 2275 1837 1504
667A Lytt  201507202 1119  789  763  885 1127 1473 1854 2159 2225 2084 2102 1482
667A Lytt  201507211 1192  952  578  653  940 1290 1588 1911 2278 1955 1796 1862
667A Lytt  201507212 1114  913  706  601  696 1085 1407 1623 2009 2002 1958 1624
667A Lytt  201507221 1331 1010  515  595  740  786 1302 1655 1906 1920 1858 1892
667A Lytt  201507222 1392 1033  834  587  519  843 1025 1354 1756 1976 1904 1864
667A Lytt  201507231 1621 1114  962  519  703  697  981 1383 1688 1789 1832 2008
667A Lytt  201507232 1483 1374 1149  574  532  756  787 1019 1576 1744 1956 1913
667A Lytt  201507241 1734 1529 1066  749  679  547  750 1051 1341 1537 1836 1930
667A Lytt  201507242 1679 1669 1189  870  584  648  600  820 1271 1639 1829 1964
667A Lytt  201507251 2075 1812 1288 1221  972  655  658 1026 1182 1383 1727 2131
667A Lytt  201507252 1957 1771 1742 1216  840  857  657  718 1184 1431 1761 2167
667A Lytt  201507261 2136 2139 1842 1541 1338  887  716  864  972 1214 1637 2035
667A Lytt  201507262 2063 2161 1943 1589 1226 1005  750  713  957 1301 1625 2033
667A Lytt  201507271 2275 2362 2336 1942 1642 1297  988  893  903 1205 1431 1949
667A Lytt  201507272 2192 2345 2277 2061 1663 1364  941  799  915  983 1498 1944
667A Lytt  201507281 2175 2459 2512 2224 2111 1529 1247  902 1024  883 1209 1683
667A Lytt  201507282 2027 2190 2413 2332 1935 1623 1108  906  615  814 1062 1482
667A Lytt  201507291 1864 2281 2383 2340 2197 1856 1431 1013  864  675  672 1253
667A Lytt  201507292 1767 1921 2325 2477 2136 1886 1331 1027  609  396  773  929
667A Lytt  201507301 1360 1892 2274 2332 2411 2161 1633 1210  781  623  318  822
667A Lytt  201507302 1133 1586 2012 2285 2340 2144 1680 1292  757  426  577  459
667A Lytt  201507311  978 1506 1973 2266 2593 2405 2084 1617 1144  592  351  522
667A Lytt  201507312  687 1035 1762 2197 2266 2464 2142 1773 1123  861  476  270
667A Lytt  201508011  576 1053 1528 1989 2551 2559 2388 2098 1590  905  491  519
667A Lytt  201508012  303  759 1387 1784 2219 2581 2543 2083 1841 1201  770  275
667A Lytt  201508021  463  600 1040 1580 2230 2424 2491 2447 2062 1325  840  657
667A Lytt  201508022  195  390  863 1414 1769 2332 2634 2423 2182 1711 1158  618
667A Lytt  201508031  328  516  553 1163 1826 2219 2469 2759 2507 1927 1393 1096
667A Lytt  201508032  408  275  603  892 1329 2017 2396 2520 2532 2403 1614 1163
667A Lytt  201508041  825  282  348  722 1340 1600 2077 2701 2633 2226 2019 1453
667A Lytt  201508042  814  470  370  510  762 1460 1951 2254 2672 2572 2136 1590
667A Lytt  201508051 1210  604  335  457  745 1154 1728 2225 2574 2490 2226 2086
667A Lytt  201508052 1311  773  544  496  401 1005 1454 1929 2446 2684 2541 2241
667A Lytt  201508061 1773 1305  746  475  719  848 1332 1821 2441 2490 2528 2678
667A Lytt  201508062 1996 1491 1134  870  292  659 1187 1451 2032 2626 2720 2631
667A Lytt  201508071 2349 2018 1351  886  966  811  960 1572 1965 2278 2498 2842
667A Lytt  201508072 2402 2033 1661 1160  587  772  726 1044 1596 2205 2524 2597
667A Lytt  201508081 2606 2309 1800 1216 1033  689  653 1035 1364 1765 2126 2662
667A Lytt  201508082 2415 2225 2158 1409  934  750  531  696 1028 1600 2049 2209
667A Lytt  201508091 2607 2543 2112 1676 1335  843  501  692  904 1156 1599 2199
667A Lytt  201508092 2296 2314 2185 1860 1245  859  549  456  586  991 1591 1853
667A Lytt  201508101 2210 2563 2245 1968 1741 1045  644  640  572  624 1136 1727
667A Lytt  201508102 1928 2246 2268 1994 1544 1179  699  383  372  652  915 1332
667A Lytt  201508111 1989 2156 2214 2263 1902 1374  966  657  356  551  586 1141
667A Lytt  201508112 1658 1923 2175 2252 1774 1588 1028  585  408  363  589  983
667A Lytt  201508121 1508 1893 2239 2215 2288 1823 1320  868  681  398  457  858
667A Lytt  201508122 1294 1587 2011 2255 2066 1875 1437 1023  449  423  534  590
667A Lytt  201508131 1123 1716 1946 2157 2411 2088 1667 1372  799  477  448  642
667A Lytt  201508132  929 1383 1844 2097 2199 2196 1716 1362  966  621  408  422
667A Lytt  201508141  920 1257 1603 2096 2304 2088 2025 1633 1156  614  613  386
667A Lytt  201508142  641 1036 1572 1960 2095 2329 2054 1693 1303  972  693  372
667A Lytt  201508151  699 1109 1290 1808 2436 2202 2110 2068 1534  886  621  691
667A Lytt  201508152  291  762 1214 1595 1743 2171 2152 1726 1411 1261  673  434
667A Lytt  201508161  497  767  960 1465 2118 2053 2162 2369 1793 1396 1053  742
667A Lytt  201508162  542  719 1177 1420 1694 2188 2260 1953 1989 1616 1072  807
667A Lytt  201508171  696  654  798 1339 1778 1896 2070 2418 1905 1551 1283  907
667A Lytt  201508172  488  673  820 1047 1405 1909 2056 2108 2151 1789 1459 1053
667A Lytt  201508181  783  643  767  994 1505 1804 1984 2218 2133 1896 1407 1285
667A Lytt  201508182  812  523  833  932 1153 1643 1976 2040 2102 2077 1752 1214
667A Lytt  201508191 1101  908  662  876 1367 1638 1749 2324 2196 2090 1818 1431
667A Lytt  201508192 1151  730  819  763  975 1381 1716 1926 2045 2159 1941 1511
667A Lytt  201508201 1275  968  724  732 1023 1274 1548 1900 2109 1984 1845 1709
667A Lytt  201508202 1240  938  766  638  728 1016 1357 1650 1884 1970 2056 1586
667A Lytt  201508211 1346 1176  748  566  792  956 1181 1553 1936 1932 1808 1867
667A Lytt  201508212 1550  933  958  771  484  785 1201 1357 1678 1988 1958 1814
667A Lytt  201508221 1544 1463  797  680  788  660  812 1446 1649 1626 1905 1999
667A Lytt  201508222 1579 1258 1195  782  534  680  878 1117 1372 1912 1973 1842
667A Lytt  201508231 1988 1687 1106  907  874  593  667 1089 1431 1499 1901 2037
667A Lytt  201508232 1738 1544 1482  908  587  789  634  779 1192 1735 1872 2023
667A Lytt  201508241 2249 1871 1523 1342 1059  693  692 1002 1189 1388 1829 2127
667A Lytt  201508242 1981 1930 1799 1326  946  885  660  795  973 1502 1866 2023
667A Lytt  201508251 2239 2286 1889 1562 1377 1003  561  836  900 1082 1514 1987
667A Lytt  201508252 1999 2077 2105 1549 1216  955  638  506  711 1039 1443 1676
667A Lytt  201508261 2131 2244 2023 1883 1479 1170  592  638  638  599 1067 1648
667A Lytt  201508262 1837 1932 2183 1916 1364 1037  873  408  359  717  982 1302
667A Lytt  201508271 1859 2263 2199 2045 1925 1401  723  665  502  292  572 1266
667A Lytt  201508272 1579 1805 2308 2177 1713 1452 1068  481  274  483  514  886
667A Lytt  201508281 1511 1993 2211 2240 2297 1776 1092  925  556  288  253  840
667A Lytt  201508282 1182 1499 2235 2305 2068 1855 1517  806  299  490  317  396
667A Lytt  201508291 1150 1755 2014 2359 2671 2184 1682 1408  855  441  253  405
667A Lytt  201508292  801 1250 1943 2310 2285 2379 1961 1326  912  476  252  124
667A Lytt  201508301  629 1176 1619 2164 2589 2562 2109 1944 1288  473  320  308
667A Lytt  201508302  183  729 1412 2013 2166 2524 2383 1826 1292  824  465    5
667A Lytt  201508311   79  641 1163 1521 2284 2515 2392 2352 1609 1043  563  203
667A Lytt  201508312   75  242  815 1482 1862 2247 2705 2218 1830 1567  886  252
667A Lytt  201509011  265  432  499 1200 1876 2408 2414 2789 2342 1596 1187  723
667A Lytt  201509012  212  150  517  983 1552 2062 2597 2577 2401 2165 1508  898
667A Lytt  201509021  567  466  237  813 1541 1835 2320 2811 2618 2228 1739 1353
667A Lytt  201509022  641  298  395  541  986 1592 2202 2491 2600 2581 2068 1524
667A Lytt  201509031 1066  597  351  520  861 1461 1862 2413 2679 2486 2290 1728
667A Lytt  201509032 1334  746  405  486  564 1022 1638 2187 2361 2638 2585 1898
667A Lytt  201509041 1524 1222  500  412  620  945 1369 1894 2395 2386 2529 2195
667A Lytt  201509042 1715 1275  735  618  390  631 1154 1711 1960 2457 2762 2349
667A Lytt  201509051 1942 1660 1136  611  573  688  842 1393 1958 2215 2446 2568
667A Lytt  201509052 2130 1695 1468  890  463  601  831 1169 1607 2181 2486 2482
667A Lytt  201509061 2447 2017 1524 1165  784  679  752 1082 1449 1816 2296 2466
667A Lytt  201509062 2472 2171 1786 1497 1032  643  743  967 1203 1897 2255 2457
667A Lytt  201509071 2626 2597 2031 1708 1300  902  655  820 1176 1508 1865 2268
667A Lytt  201509072 2357 2328 2122 1646 1232  745  631  495  753 1230 1724 1953
667A Lytt  201509081 2342 2404 2113 1825 1574 1049  534  643  724  813 1240 1809
667A Lytt  201509082 2012 2094 2318 1908 1368  964  725  400  252  819 1124 1489
667A Lytt  201509091 1918 2336 2048 2006 1839 1230  759  668  503  495  931 1356
667A Lytt  201509092 1686 1919 2297 2103 1651 1410 1053  634  480  700  901 1161
667A Lytt  201509101 1822 2244 2147 2398 2254 1480 1340  807  964  412  782 1250
667A Lytt  201509102 1593 1834 2359 2354 2069 1963 1425  983  678  760  690  960
667A Lytt  201509111 1442 2006 2041 2374 2422 1980 1563 1175  931  493  633  875
667A Lytt  201509112 1181 1532 2053 2175 2131 2042 1655 1318  683  792  492  589
667A Lytt  201509121 1114 1540 1878 2112 2414 2126 1857 1496 1007  625  673  663
667A Lytt  201509122  800 1227 1790 2012 2096 2154 1910 1485 1002  868  630  402
667A Lytt  201509131  837 1108 1472 1954 2132 2111 2052 1642 1202  787  613  459
667A Lytt  201509132  638  918 1431 1800 1894 2086 2106 1576 1297  985  604  341
667A Lytt  201509141  663  881 1133 1754 1990 2185 1994 1947 1489  881  835  583
667A Lytt  201509142  505  675 1175 1599 1704 2123 2242 1722 1645 1314  781  480
667A Lytt  201509151  651  702  943 1401 1835 2076 2046 2148 1715 1245 1034  677
667A Lytt  201509152  518  625  923 1310 1640 1980 2148 2073 1879 1612 1092  785
667A Lytt  201509161  714  707  744 1274 1736 1884 2066 2260 2041 1484 1352 1017
667A Lytt  201509162  571  643  877 1164 1386 1901 2181 2138 2033 2054 1478  976
667A Lytt  201509171  990  824  683 1050 1590 1694 1889 2375 2162 1776 1665 1352
667A Lytt  201509172  825  707  948  938 1220 1814 2022 2248 2294 2128 1746 1244
667A Lytt  201509181 1186  924  609  986 1242 1463 1787 2229 2068 1897 1885 1376
667A Lytt  201509182 1116  764  746  848  935 1466 1760 2012 2099 2227 2019 1634
667A Lytt  201509191 1341 1013  798  803  845 1156 1577 1889 2022 2136 1952 1664
667A Lytt  201509192 1353 1119  732  743  912 1073 1453 1792 1929 2261 2047 1870
667A Lytt  201509201 1609 1096  870  674  611  923 1121 1477 1726 1949 1917 1793
667A Lytt  201509202 1451 1119  914  552  613  699 1060 1227 1713 2018 1931 1951
667A Lytt  201509211 1809 1332 1017  890  485  632  925 1218 1398 1803 1985 1902
667A Lytt  201509212 1731 1481 1091  812  670  568  739 1138 1480 1847 2085 2219
667A Lytt  201509221 2035 1685 1468 1148  727  607  799 1029 1176 1675 2089 1985
667A Lytt  201509222 2036 1919 1382 1172  835  529  598  760 1104 1635 1900 1940
667A Lytt  201509231 2283 1991 1635 1339  868  629  386  640  834 1135 1671 1952
667A Lytt  201509232 1980 1956 1668 1257  984  501  390  401  723 1125 1438 1884
667A Lytt  201509241 2180 2101 1953 1618 1191  696  499  374  532  744 1331 1737
667A Lytt  201509242 1985 2175 2038 1736 1331  886  496  353  404  822 1155 1609
667A Lytt  201509251 2052 2290 2318 2048 1596 1111  695  371  296  362  860 1272
667A Lytt  201509252 1692 2028 2230 2037 1638 1189  683  337  140  367  559 1059
667A Lytt  201509261 1706 2062 2224 2292 1992 1477  948  525  215  113  393  782
667A Lytt  201509262 1341 1854 2154 2332 2023 1612 1162  582  140  233  195  553
667A Lytt  201509271 1204 1782 2069 2453 2366 1899 1503  886  493   23  104  368
667A Lytt  201509272  697 1463 2025 2241 2322 2254 1637 1063  579  269   41  189
667A Lytt  201509281  668 1263 1791 2316 2550 2334 2087 1451  849  378  119  134
667A Lytt  201509282  274  899 1611 2062 2364 2551 2219 1629 1151  666  186    3
667A Lytt  201509291  307  629 1308 1930 2253 2510 2410 2022 1393  777  398   60
667A Lytt  201509292   50  412  968 1594 2197 2468 2409 2304 1747 1108  623  151
667A Lytt  201509301   93  243  724 1304 1918 2335 2536 2387 2007 1368  831  422
667A Lytt  201509302  116  160  411 1152 1697 2151 2549 2609 2274 1922 1268  688
667A Lytt  201510011  406  243  381  869 1479 1944 2379 2528 2420 2052 1495  989
667A Lytt  201510012  399  197  406  579 1216 1805 2347 2637 2638 2576 1883 1394
667A Lytt  201510021  983  510  400  583 1102 1517 2027 2476 2617 2403 2185 1540
667A Lytt  201510022  945  611  373  440  723 1248 1826 2323 2549 2655 2405 1851
667A Lytt  201510031 1447  811  637  457  708  974 1490 1990 2368 2488 2453 1998
667A Lytt  201510032 1522 1144  658  559  563  927 1380 1800 2362 2688 2579 2320
667A Lytt  201510041 2141 1390 1021  865  536  613 1148 1674 1918 2441 2521 2334
667A Lytt  201510042 2098 1672 1155  722  654  485  843 1310 1984 2289 2711 2616
667A Lytt  201510051 2412 2008 1530 1209  790  618  978 1139 1528 1892 2328 2265
667A Lytt  201510052 2079 1979 1514 1017  709  665  627  894 1447 1821 2110 2393
667A Lytt  201510061 2472 2104 1803 1403  767  617  503  818  965 1433 1930 2155
667A Lytt  201510062 2219 2165 1915 1371 1058  716  515  556 1048 1405 1737 2209
667A Lytt  201510071 2349 2219 2009 1699 1241  874  619  631  783 1104 1669 1739
667A Lytt  201510072 2172 2311 2139 1725 1465 1026  558  654  793 1078 1418 1883
667A Lytt  201510081 2174 2224 2243 2059 1567 1062  909  528  581  841 1175 1581
667A Lytt  201510082 1828 2227 2223 1914 1653 1290  781  537  595  743  916 1478
667A Lytt  201510091 1921 1990 2241 2192 1767 1388 1104  697  528  648  913 1172
667A Lytt  201510092 1607 2048 2151 2019 1955 1540 1092  740  656  598  767 1140
667A Lytt  201510101 1649 1908 2140 2308 1926 1702 1344  926  614  510  676  911
667A Lytt  201510102 1221 1762 2061 2037 2080 1867 1465  938  844  729  587  879
667A Lytt  201510111 1497 1702 2007 2419 2168 1894 1731 1211  769  700  718  694
667A Lytt  201510112 1120 1622 2011 2170 2280 2132 1831 1393  954  933  648  766
667A Lytt  201510121 1227 1462 1800 2269 2262 2066 1911 1612 1152  807  737  773
667A Lytt  201510122  877 1399 1892 2077 2257 2412 2062 1651 1487  960  733  729
667A Lytt  201510131  902 1179 1650 2031 2133 2223 2099 1709 1272 1011  717  579
667A Lytt  201510132  716 1078 1335 1811 2123 2233 2150 1804 1592 1155  800  520
667A Lytt  201510141  800  889 1148 1772 1967 2087 2203 1964 1519 1153  924  589
667A Lytt  201510142  574  862 1126 1483 1902 2123 2111 1993 1806 1262  986  694
667A Lytt  201510151  582  712  968 1376 1660 1978 2131 2068 1673 1432 1061  750
667A Lytt  201510152  585  727  908 1226 1704 1987 2017 2220 2012 1538 1288  985
667A Lytt  201510161  726  638  932 1265 1535 1777 2217 2099 1903 1775 1339  966
667A Lytt  201510162  691  714  694 1084 1485 1796 2171 2123 2231 1954 1630 1007
667A Lytt  201510171 1017  616  595 1031 1229 1523 1900 2078 1976 1976 1637 1115
667A Lytt  201510172  817  798  643  804 1249 1574 1715 2119 2303 2057 1956 1317
667A Lytt  201510181  929  875  748  648 1068 1422 1637 2007 2147 2111 1904 1501
667A Lytt  201510182 1196  859  769  688  921 1299 1582 1847 2170 2195 2065 1779
667A Lytt  201510191 1412 1094  757  668  877 1064 1446 1797 2014 2127 2152 1788
667A Lytt  201510192 1471 1232  878  772  831 1077 1386 1713 2119 2213 2222 2029
667A Lytt  201510201 1733 1395  988  783  750  822 1206 1459 1773 2033 2246 2068
667A Lytt  201510202 1711 1521 1171  746  688  910 1016 1366 1905 2106 2166 2385
667A Lytt  201510211 2091 1714 1368 1061  778  718  953 1278 1575 2034 2269 2305
667A Lytt  201510212 2166 1786 1609 1017  777  835  763 1092 1450 1929 2215 2318
667A Lytt  201510221 2359 2057 1655 1346 1008  467  709  909 1035 1532 2089 2226
667A Lytt  201510222 2067 2186 1852 1255  991  750  519  624 1136 1484 1841 2300
667A Lytt  201510231 2433 2263 2107 1625 1211  823  624  650  762 1147 1751 2037
667A Lytt  201510232 2170 2427 2208 1622 1326 1037  424  408  787 1011 1256 2009
667A Lytt  201510241 2370 2276 2277 2115 1514  980  632  455  455  709 1221 1622
667A Lytt  201510242 2074 2455 2347 2101 1773 1249  734  440  457  619  860 1524
667A Lytt  201510251 2042 2243 2492 2384 1954 1390  873  519  234  263  725 1159
667A Lytt  201510252 1673 2221 2418 2427 2205 1733 1140  554  426  279  452  969
667A Lytt  201510261 1588 2101 2387 2637 2442 1923 1501  958  397  243  479  743
667A Lytt  201510262 1210 1964 2446 2443 2585 2289 1601 1232  707  303  336  446
667A Lytt  201510271  941 1534 2048 2348 2678 2289 1849 1353  693  294  179  202
667A Lytt  201510272  568 1223 1872 2220 2542 2612 2195 1665 1157  690  183  223
667A Lytt  201510281  450  845 1583 2134 2406 2511 2495 1818 1284  809  404  118
667A Lytt  201510282  290  751 1402 1948 2422 2799 2609 2273 1770 1158  610  301
667A Lytt  201510291  301  470  973 1639 2109 2412 2618 2370 1832 1334  880  255
667A Lytt  201510292  180  375  781 1373 2026 2538 2556 2570 2421 1665 1149  723
667A Lytt  201510301  399  292  565 1155 1671 2112 2522 2576 2339 1872 1365  722
667A Lytt  201510302  391  324  341  857 1462 1999 2424 2631 2631 2199 1624 1306
667A Lytt  201510311  663  396  396  747 1142 1614 2135 2519 2375 2223 1884 1178
667A Lytt  201510312  759  407  308  346  811 1351 1862 2285 2490 2396 2056 1580
667A Lytt  201511011 1089  687  428  434  701 1163 1634 1997 2417 2401 2149 1738
667A Lytt  201511012 1310  769  527  333  531 1056 1431 1867 2399 2478 2347 2133
667A Lytt  201511021 1682 1162  722  643  502  789 1329 1684 1957 2438 2423 1983
667A Lytt  201511022 1749 1376  777  513  604  666  996 1562 2074 2203 2448 2425
667A Lytt  201511031 1916 1669 1113  700  628  552  983 1289 1632 2199 2575 2253
667A Lytt  201511032 2204 1986 1272  904  751  655  722 1148 1647 1903 2229 2383
667A Lytt  201511041 2262 1928 1466 1111  689  525  679  907 1118 1773 2027 2130
667A Lytt  201511042 2224 1996 1499 1144  876  573  465  806 1142 1473 1873 2223
667A Lytt  201511051 2162 2132 1717 1383  999  525  606  549  864 1272 1694 1998
667A Lytt  201511052 2169 2060 1911 1495 1019  973  456  633  882 1150 1513 1972
667A Lytt  201511061 2168 2125 2070 1653 1262  963  652  567  738 1092 1455 1740
667A Lytt  201511062 2132 2191 2164 1832 1466 1146  801  680  774 1052 1324 1794
667A Lytt  201511071 2173 2278 2199 2164 1652 1285 1020  732  688  908 1283 1574
667A Lytt  201511072 2015 2266 2285 2186 1870 1619 1049  794  927  776 1141 1545
667A Lytt  201511081 1926 2162 2208 2322 1936 1591 1198  915  689  699 1047 1281
667A Lytt  201511082 1701 2040 2274 2179 2105 1716 1324  966  855  700  801 1273
667A Lytt  201511091 1485 1934 2157 2153 2133 1754 1452 1030  682  738  759 1044
667A Lytt  201511092 1368 1818 2106 2215 2211 2016 1596 1223  901  759  775  911
667A Lytt  201511101 1293 1754 2100 2164 2303 2098 1675 1340  992  847  799  920
667A Lytt  201511102 1301 1639 2060 2196 2345 2299 1924 1648 1185  877  770  878
667A Lytt  201511111  990 1476 1806 2038 2247 2120 1958 1513 1084  911  712  615
667A Lytt  201511112 1006 1317 1612 2000 2269 2272 2109 1763 1437  974  802  705
667A Lytt  201511121  842 1070 1598 1826 2027 2193 2059 1788 1388 1054  737  627
667A Lytt  201511122  750  929 1391 1772 2051 2197 2153 1906 1596 1162  783  688
667A Lytt  201511131  592  822 1128 1551 1941 1974 2165 1940 1499 1237  933  672
667A Lytt  201511132  572  753 1003 1507 1846 2060 2152 2128 1808 1342 1113  704
667A Lytt  201511141  534  637  999 1246 1693 2089 2111 2076 1894 1561 1141  889
667A Lytt  201511142  681  654  859 1261 1706 2078 2282 2222 2234 1813 1406 1083
667A Lytt  201511151  831  696  698 1128 1470 1755 2061 2237 2041 1874 1458 1052
667A Lytt  201511152  816  617  732  935 1361 1840 2119 2282 2407 2075 1689 1492
667A Lytt  201511161  924  741  718  810 1127 1546 1903 2101 2280 2114 1851 1435
667A Lytt  201511162 1039  847  680  787 1126 1631 1839 2258 2500 2375 2163 1842
667A Lytt  201511171 1474 1038  737  810  957 1216 1749 2066 2138 2389 2189 1699
667A Lytt  201511172 1494 1074  773  667  939 1228 1512 2011 2403 2289 2421 2179
667A Lytt  201511181 1720 1344 1001  730  779  994 1395 1729 2083 2341 2405 2214
667A Lytt  201511182 1855 1444 1061  791  709  859 1215 1654 2055 2363 2507 2414
667A Lytt  201511191 1948 1605 1181  811  607  650  945 1217 1633 2060 2212 2117
667A Lytt  201511192 2053 1600 1143  892  593  674  806 1242 1677 1925 2416 2499
667A Lytt  201511201 2120 2036 1584  993  824  613  714  949 1377 1826 2199 2469
667A Lytt  201511202 2333 2125 1756 1303  959  572  639  799 1365 1647 2112 2508
667A Lytt  201511211 2473 2368 2038 1657 1104  687  633  686  927 1552 1927 2307
667A Lytt  201511212 2653 2603 2314 1886 1421  990  599  751 1038 1341 1881 2370
667A Lytt  201511221 2453 2663 2508 2054 1579 1130  760  476  708 1048 1532 2000
667A Lytt  201511222 2359 2530 2429 2087 1599 1239  769  533  542  742 1278 1752
667A Lytt  201511231 2119 2599 2459 2237 2016 1323  843  554  397  528  929 1533
667A Lytt  201511232 2082 2333 2687 2573 2153 1831 1180  818  548  549  816 1306
667A Lytt  201511241 1850 2305 2583 2588 2420 1889 1334  814  472  307  468  977
667A Lytt  201511242 1575 2026 2521 2789 2523 2247 1799 1124  776  513  409  762
667A Lytt  201511251 1304 1827 2224 2602 2647 2281 1874 1276  757  415  310  480
667A Lytt  201511252 1046 1558 2126 2526 2696 2552 2135 1709 1092  763  378  406
667A Lytt  201511261  790 1310 1794 2299 2649 2584 2330 1847 1286  830  455  334
667A Lytt  201511262  693 1071 1714 2134 2735 2815 2580 2240 1779 1115  654  541
667A Lytt  201511271  428  771 1225 1845 2310 2644 2708 2248 1775 1261  892  575
667A Lytt  201511272  445  613 1226 1675 2201 2762 2720 2568 2249 1694 1160  812
667A Lytt  201511281  447  472  882 1469 1822 2278 2626 2421 2317 1778 1184  882
667A Lytt  201511282  469  422  703 1202 1735 2208 2551 2645 2448 2022 1489  990
667A Lytt  201511291  611  410  485  779 1374 1772 2120 2496 2381 1982 1588 1160
667A Lytt  201511292  639  261  368  710 1071 1620 2089 2393 2459 2253 1843 1384
667A Lytt  201511301  827  507  364  407  809 1318 1651 2076 2318 2195 1864 1491
667A Lytt  201511302 1023  508  415  431  702 1131 1684 1949 2266 2428 2101 1707
667A Lytt  201512011 1287  809  415  404  435  830 1252 1700 2085 2248 2083 1800
667A Lytt  201512012 1412  970  611  439  578  918 1187 1706 2084 2290 2269 2041
667A Lytt  201512021 1666 1231  848  585  507  631 1019 1351 1799 2150 2213 2114
667A Lytt  201512022 1846 1382 1034  632  633  641 1017 1397 1716 2158 2368 2281
667A Lytt  201512031 2078 1685 1260  826  727  595  746 1133 1477 1827 2168 2331
667A Lytt  201512032 1981 1792 1402  995  801  639  757 1087 1338 1757 2097 2274
667A Lytt  201512041 2181 1998 1542 1199  858  645  637  839 1269 1529 1908 2179
667A Lytt  201512042 2173 1968 1728 1395  965  819  815  850 1167 1593 1935 2092
667A Lytt  201512051 2332 2275 1912 1565 1293  945  727  796 1069 1474 1730 2191
667A Lytt  201512052 2307 2262 2057 1724 1334 1144  819  860  897 1300 1684 1934
667A Lytt  201512061 2162 2358 2034 1808 1616 1111  809  850  850 1042 1553 1950
667A Lytt  201512062 2104 2261 2235 1979 1621 1263 1051  786  818 1134 1363 1601
667A Lytt  201512071 2120 2348 2135 2100 1871 1396  936  843  827  814 1229 1603
667A Lytt  201512072 1896 2103 2330 2141 1903 1552 1192  855  789  899 1085 1400
667A Lytt  201512081 1836 2127 2122 2211 1983 1521 1300  998  796  847 1013 1382
667A Lytt  201512082 1824 2022 2287 2336 2157 1973 1430 1159  980  743  903 1230
667A Lytt  201512091 1602 1947 2187 2131 2161 1893 1497 1057  902  818  690 1128
667A Lytt  201512092 1491 1762 2107 2313 2210 2095 1707 1306  968  880  838  884
667A Lytt  201512101 1266 1706 1965 2123 2355 2116 1714 1347 1050  824  687  790
667A Lytt  201512102 1205 1615 1885 2312 2323 2178 2024 1609 1123  869  789  625
667A Lytt  201512111  945 1436 1708 1889 2216 2199 1860 1576 1322  877  573  798
667A Lytt  201512112  963 1039 1702 2090 2298 2319 2203 1924 1493 1139  868  732
667A Lytt  201512121  803 1194 1537 1809 2301 2463 2117 1944 1598 1228  838  817
667A Lytt  201512122  749  900 1411 1833 2044 2244 2492 2192 1813 1546 1108  735
667A Lytt  201512131  774  882 1155 1569 2146 2252 2171 2114 2089 1311  916  840
667A Lytt  201512132  555  600 1026 1538 1821 2137 2486 2296 2082 1698 1346  865
667A Lytt  201512141  552  703  854 1132 1671 2077 2137 2279 2194 1787 1307  959
667A Lytt  201512142  783  571  752 1171 1588 1947 2382 2449 2301 2118 1714 1114
667A Lytt  201512151  886  788  598  854 1429 1695 2055 2340 2291 2132 1779 1340
667A Lytt  201512152 1038  579  703  856 1159 1766 2066 2344 2523 2312 2015 1549
667A Lytt  201512161 1114  734  604  656  910 1400 1773 2088 2415 2358 1966 1729
667A Lytt  201512162 1333  708  620  647  811 1182 1730 2138 2302 2510 2277 1877
667A Lytt  201512171 1570 1080  589  489  627  931 1316 1708 2202 2293 2241 2022
667A Lytt  201512172 1556 1089  703  521  528  813 1217 1657 2022 2281 2454 2087
667A Lytt  201512181 1830 1472  845  535  515  512  902 1313 1765 2127 2368 2162
667A Lytt  201512182 1896 1565  999  645  440  524  751 1253 1604 2042 2343 2320
667A Lytt  201512191 2058 1830 1257  714  644  349  510  878 1392 1814 2117 2401
667A Lytt  201512192 2248 1869 1483 1026  636  442  526  748 1266 1716 2109 2262
667A Lytt  201512201 2319 2193 1675 1166  820  402  380  466  938 1507 1904 2196
667A Lytt  201512202 2381 2260 1915 1433  912  632  417  519  823 1239 1758 2152
667A Lytt  201512211 2318 2430 2131 1652 1332  733  406  351  546  979 1346 2024
667A Lytt  201512212 2378 2357 2403 2044 1508 1171  672  501  529  974 1355 1737
667A Lytt  201512221 2194 2531 2431 2116 1786 1174  726  405  340  528 1037 1540
667A Lytt  201512222 2006 2383 2634 2263 2017 1698 1020  690  552  597  757 1331
667A Lytt  201512231 1857 2221 2468 2535 2144 1741 1242  715  495  395  697  993
667A Lytt  201512232 1726 2106 2447 2690 2390 2111 1558 1041  615  465  612  767
667A Lytt  201512241 1325 1883 2281 2472 2449 2163 1645 1099  757  387  270  660
667A Lytt  201512242 1124 1479 2212 2551 2462 2497 2061 1444  928  653  449  392
667A Lytt  201512251  812 1418 1738 2139 2486 2339 1940 1522 1058  552  291  444
667A Lytt  201512252  558 1040 1782 2146 2400 2668 2337 1861 1414  919  562  247
667A Lytt  201512261  573  897 1249 1813 2308 2387 2178 2014 1519  869  519  356
667A Lytt  201512262  385  545 1230 1790 2072 2493 2604 2098 1869 1316  758  452
667A Lytt  201512271  392  532  841 1348 1857 2165 2278 2275 1894 1399  892  482
667A Lytt  201512272  266  323  706 1262 1666 2158 2476 2319 2172 1696 1138  720
667A Lytt  201512281  523  401  519  946 1535 1833 2105 2391 2090 1788 1353  853
667A Lytt  201512282  487  320  482  825 1277 1819 2221 2395 2349 2096 1722 1101
667A Lytt  201512291  755  544  536  709 1147 1527 1979 2302 2300 2176 1759 1305
667A Lytt  201512292  940  604  365  624 1069 1547 1914 2312 2476 2193 2033 1615
667A Lytt  201512301 1086  799  512  472  805 1218 1565 1888 2292 2340 1917 1676
667A Lytt  201512302 1358  856  544  589  748 1100 1500 1989 2168 2285 2260 1818
667A Lytt  201512311 1348 1120  745  428  624  946 1156 1535 2006 2163 2046 1836
667A Lytt  201512312 1563 1051  733  597  500  751 1105 1523 1839 2023 2230 1966
