667A Lyttelton          New Zealand         2014 43360S 172430E 0000 3 00000R MM
667A Lytt  201401011  903 1632 2070 2262 2491 2383 1821 1392  929  463  318  400
667A Lytt  201401012  854 1343 1892 2448 2669 2649 2477 1952 1334  830  619  404
667A Lytt  201401021  436 1130 1467 2046 2442 2585 2323 1975 1452  840  560  319
667A Lytt  201401022  470  907 1435 2030 2474 2866 2707 2411 1966 1430  782  484
667A Lytt  201401031  400  669  990 1542 2270 2564 2609 2490 2033 1458  930  560
667A Lytt  201401032  312  367  967 1459 1911 2617 2895 2640 2528 1985 1240  869
667A Lytt  201401041  462  345  632 1119 1706 2226 2465 2681 2487 2040 1468  965
667A Lytt  201401042  592  403  532  906 1621 2194 2598 2955 2756 2615 1963 1328
667A Lytt  201401051  907  659  388  707 1296 1816 2066 2631 2820 2497 2025 1573
667A Lytt  201401052 1033  502  419  684  870 1488 2118 2428 2616 2650 2382 1720
667A Lytt  201401061 1235  872  458  265  727 1095 1564 2071 2471 2526 2353 1911
667A Lytt  201401062 1471  909  544  373  542  992 1523 1964 2376 2663 2588 2149
667A Lytt  201401071 1923 1379  747  653  618  823 1237 1792 2206 2451 2669 2457
667A Lytt  201401072 1923 1615 1125  663  512  847  986 1555 2030 2394 2494 2459
667A Lytt  201401081 2217 1712 1269  756  602  513  835 1188 1714 2157 2456 2588
667A Lytt  201401082 2420 1997 1606 1076  749  852  815 1145 1632 2085 2359 2457
667A Lytt  201401091 2464 2215 1662 1274  962  611  594  878 1282 1617 2112 2407
667A Lytt  201401092 2377 2231 1832 1376  974  792  538  751 1065 1410 1793 2172
667A Lytt  201401101 2304 2206 1873 1477 1077  692  540  547  777 1138 1670 2031
667A Lytt  201401102 2219 2376 2090 1685 1339  969  673  657  774 1096 1420 1846
667A Lytt  201401111 2141 2260 2169 1762 1594 1082  716  651  637  979 1304 1754
667A Lytt  201401112 2166 2263 2310 2053 1714 1423  937  754  742  850 1153 1491
667A Lytt  201401121 1948 2200 2259 1978 1814 1471 1023  799  661  746 1146 1481
667A Lytt  201401122 1962 2369 2324 2401 2161 1779 1316 1055  822  747  977 1288
667A Lytt  201401131 1716 2049 2225 2278 2181 1842 1396 1025  845  711  747 1219
667A Lytt  201401132 1673 1883 2294 2348 2219 2104 1564 1171  969  759  730  994
667A Lytt  201401141 1385 1803 2085 2092 2277 2100 1567 1325  926  682  646  922
667A Lytt  201401142 1215 1619 1957 2271 2323 2168 1900 1519 1074  874  689  723
667A Lytt  201401151 1099 1419 1754 2017 2166 2183 1812 1568 1085  876  652  710
667A Lytt  201401152 1010 1341 1755 2087 2271 2375 2115 1802 1390 1110  777  658
667A Lytt  201401161  941 1178 1661 1926 2144 2283 2186 1755 1515 1078  894  742
667A Lytt  201401162  891 1211 1550 2000 2274 2510 2337 2287 1745 1403 1064  847
667A Lytt  201401171  877 1046 1464 1844 2165 2418 2465 2333 1982 1598 1221  994
667A Lytt  201401172 1007 1067 1453 1908 2141 2456 2554 2345 2128 1725 1303  947
667A Lytt  201401181  969  962 1132 1469 1893 2121 2307 2394 2036 1680 1391  953
667A Lytt  201401182  784  935 1048 1306 1808 2126 2200 2366 2121 1805 1419 1033
667A Lytt  201401191  841  826  892 1206 1623 1956 2056 2158 2097 1790 1432 1035
667A Lytt  201401192  896  571  765  953 1433 1821 1981 2345 2164 1878 1637 1126
667A Lytt  201401201  798  742  689  784 1285 1626 1771 2140 2240 1907 1728 1335
667A Lytt  201401202  969  830  694  871 1200 1671 1835 2228 2341 2152 1882 1469
667A Lytt  201401211 1118  821  703  734 1002 1392 1684 1870 2149 2258 1843 1545
667A Lytt  201401212 1244  882  759  733  865 1360 1670 1891 2254 2275 2065 1722
667A Lytt  201401221 1475 1048  862  703  859 1138 1518 1826 1925 2177 2137 1946
667A Lytt  201401222 1333 1254  875  641  741 1108 1395 1621 2035 2245 2144 2018
667A Lytt  201401231 1675 1225 1015  743  655  860 1240 1454 1893 2072 2298 2121
667A Lytt  201401232 1802 1369 1127  786  634  817 1115 1406 1756 2178 2136 2190
667A Lytt  201401241 1984 1584 1233 9999 9999 9999 9999 9999 9999 9999 9999 9999
667A Lytt  201401242 9999 9999 9999 9999 9999 9999 9999 9999 9999 9999 9999 9999
667A Lytt  201401251 9999 9999 9999 9999 9999 9999 9999 9999 9999 9999 9999 9999
667A Lytt  201401252 9999 9999 9999 9999 9999 9999 9999 9999 9999 9999 9999 9999
667A Lytt  201401261 9999 9999 9999 9999 9999 9999 9999 9999 9999 9999 9999 9999
667A Lytt  201401262 9999 9999 9999 9999 9999 9999 9999 9999 9999 9999 9999 9999
667A Lytt  201401271 9999 9999 9999 9999 9999 9999 9999 9999 9999 9999 9999 9999
667A Lytt  201401272 9999 9999 9999 9999 9999 9999 9999 9999 9999 9999 9999 9999
667A Lytt  201401281 9999 9999 9999 9999 9999 9999 9999 9999 9999 9999 9999 9999
667A Lytt  201401282 1862 2185 2469 2253 2046 1627 1091  751  409  459  609 1120
667A Lytt  201401291 1661 2044 2372 2425 2220 1776 1285  790  413  378  432  903
667A Lytt  201401292 1458 2004 2382 2534 2432 2196 1694 1062  685  382  337  629
667A Lytt  201401301 1109 1657 2092 2502 2436 2181 1786 1280  595  369  389  460
667A Lytt  201401302  880 1466 2068 2378 2502 2660 2105 1588 1142  525  301  279
667A Lytt  201401311  562 1029 1667 2197 2391 2553 2217 1774 1099  603  390  116
667A Lytt  201401312  396  897 1523 1998 2431 2672 2489 2063 1603  964  462  241
667A Lytt  201402011  218  463 1089 1725 2116 2421 2576 2219 1651 1102  582  239
667A Lytt  201402012  147  344  864 1491 2010 2453 2607 2391 2118 1523  852  475
667A Lytt  201402021  191  203  531 1136 1696 2097 2459 2510 2069 1671 1060  593
667A Lytt  201402022  141  159  382  794 1404 2005 2382 2403 2455 2071 1409  742
667A Lytt  201402031  526  175  243  482 1201 1648 2041 2540 2372 2030 1744 1169
667A Lytt  201402032  491  285  427  326  881 1666 1983 2261 2639 2353 1933 1411
667A Lytt  201402041 1002  545  322  399  783 1260 1752 2228 2410 2460 2244 1696
667A Lytt  201402042 1188  766  506  403  621 1180 1624 1993 2433 2551 2335 1872
667A Lytt  201402051 1491  990  520  474  401  826 1305 1779 2137 2479 2438 2077
667A Lytt  201402052 1729 1247  796  492  506  704 1084 1518 1975 2278 2326 2173
667A Lytt  201402061 1833 1399  877  569  564  403  860 1334 1661 2072 2356 2258
667A Lytt  201402062 1931 1674 1180  722  521  580  718 1005 1526 1918 2067 2215
667A Lytt  201402071 2134 1602 1394  973  512  496  599  866 1273 1727 2100 2226
667A Lytt  201402072 2166 2012 1535 1162  825  612  481  840 1201 1439 1881 2147
667A Lytt  201402081 2202 1921 1709 1334  829  641  554  653  897 1379 1853 2061
667A Lytt  201402082 2261 2143 1953 1502 1170  894  677  662  868 1307 1518 1925
667A Lytt  201402091 2215 2169 1864 1671 1382  824  724  671  628 1076 1496 1848
667A Lytt  201402092 2136 2296 2161 1879 1511 1219  826  694  738 1028 1289 1599
667A Lytt  201402101 2092 2182 2070 2036 1683 1130 1005  809  542  900 1250 1575
667A Lytt  201402102 1955 2217 2244 2172 1857 1509 1080  911  711  812 1051 1397
667A Lytt  201402111 1763 2070 2257 2078 1970 1570 1094  985  667  668 1017 1315
667A Lytt  201402112 1674 2054 2331 2175 2058 1929 1448  974  837  816  766 1127
667A Lytt  201402121 1581 1868 2140 2308 2074 1844 1564 1082  805  683  873 1017
667A Lytt  201402122 1482 1869 2198 2248 2242 2158 1750 1218 1015  931  719 1031
667A Lytt  201402131 1303 1720 1958 2220 2317 1970 1815 1447  999  712  876  879
667A Lytt  201402132 1120 1688 2045 2122 2326 2416 1937 1586 1329 1057  747  941
667A Lytt  201402141 1150 1399 1869 2243 2268 2256 2098 1780 1305  953  925  786
667A Lytt  201402142  990 1330 1816 2050 2233 2436 2134 1831 1536 1166  790  695
667A Lytt  201402151  868 1105 1478 1955 2182 2173 2133 1864 1448 1030  899  618
667A Lytt  201402152  681  966 1385 1709 1991 2295 2128 1936 1636 1203  841  676
667A Lytt  201402161  690  744 1175 1590 1911 2010 2156 1993 1525 1321  991  534
667A Lytt  201402162  626  752  969 1395 1880 2126 2138 1990 1932 1394 1038  781
667A Lytt  201402171  570  584  901 1239 1591 1854 2085 2103 1776 1533 1233  683
667A Lytt  201402172  568  727  748 1104 1679 1941 2132 2099 2064 1684 1276  957
667A Lytt  201402181  699  650  679 1086 1490 1753 2144 2236 1907 1845 1509 1016
667A Lytt  201402182  653  670  660  804 1325 1723 1920 2155 2240 1859 1613 1300
667A Lytt  201402191  854  620  676  858 1112 1483 1916 2124 2116 2061 1818 1266
667A Lytt  201402192  984  737  647  705 1019 1462 1772 1975 2224 2170 1790 1478
667A Lytt  201402201 1141  815  590  694  939 1169 1552 2035 2091 2173 2032 1680
667A Lytt  201402202 1284  891  715  649  650 1141 1537 1716 2123 2270 1996 1820
667A Lytt  201402211 1549 1028  783  705  844  923 1429 1857 1980 2303 2398 2059
667A Lytt  201402212 1731 1394 1053  876  770 1083 1340 1698 2102 2377 2346 2187
667A Lytt  201402221 2015 1575 1056 1028  923  740 1297 1709 1860 2271 2607 2394
667A Lytt  201402222 2133 1840 1419 1034  825  917  969 1308 1818 2115 2327 2462
667A Lytt  201402231 2329 1875 1623 1281  906  775 1013 1142 1625 2096 2334 2488
667A Lytt  201402232 2286 2065 1783 1260  960  853  831  959 1481 1922 2112 2414
667A Lytt  201402241 2572 2119 1846 1607 1019  653  819  949  942 1546 2113 2344
667A Lytt  201402242 2285 2482 2058 1584 1294  990  586  600 1048 1307 1542 2111
667A Lytt  201402251 2342 2151 2026 1845 1180  751  617  551  580 1048 1620 1910
667A Lytt  201402252 2196 2482 2229 1853 1614 1170  577  415  647  766 1164 1676
667A Lytt  201402261 2144 2267 2218 2120 1701 1085  716  583  262  592 1118 1476
667A Lytt  201402262 1850 2408 2450 2103 2019 1600  824  468  472  466  576 1269
667A Lytt  201402271 1771 2070 2300 2442 1985 1535 1141  612  262  299  626  976
667A Lytt  201402272 1545 2162 2473 2477 2447 2154 1496  894  712  464  427  899
667A Lytt  201402281 1414 1814 2294 2671 2508 2110 1880 1121  554  456  457  566
667A Lytt  201402282 1051 1831 2280 2431 2699 2658 2005 1539 1094  623  395 9999
667A Lytt  201403011 9999 9999 9999 9999 9999 9999 9999 9999 9999 9999 9999 9999
667A Lytt  201403012 9999 9999 9999 9999 9999 9999 9999 9999 9999 9999 9999 9999
667A Lytt  201403021 9999 9999 9999 9999 9999 9999 9999 9999 9999 9999 9999 9999
667A Lytt  201403022 9999 9999 9999 9999 9999 9999 9999 9999 2105 1536  964  581
667A Lytt  201403031  521  582  918 1717 2198 2479 2978 2689 2337 1830 1207  857
667A Lytt  201403032  473  485  790 1326 1818 2320 2564 2600 2459 2082 1474 1040
667A Lytt  201403041  702  690  701 1345 1942 2339 2683 2884 2812 2422 1980 1362
667A Lytt  201403042  878  752  780  998 1628 2173 2528 2782 2744 2689 2049 1608
667A Lytt  201403051 1211  754  627  880 1283 1663 2165 2545 2624 2468 2237 1657
667A Lytt  201403052 1009  720  585  326  899 1361 1630 2050 2471 2322 2029 1676
667A Lytt  201403061 1216  685  427  460  531  951 1453 1898 2109 2336 2262 1735
667A Lytt  201403062 1360  894  610  310  467  815 1156 1553 2036 2219 2064 2014
667A Lytt  201403071 1508  993  719  450  421  604 1063 1461 1832 2180 2349 2132
667A Lytt  201403072 1709 1399  988  480  589  629  771 1198 1657 1997 2098 2157
667A Lytt  201403081 1964 1460 1066  882  559  541  857 1072 1444 1968 2211 2179
667A Lytt  201403082 2037 1748 1360  871  694  659  624  950 1328 1764 1919 2188
667A Lytt  201403091 2124 1798 1355 1199  800  481  725  939 1114 1544 2115 2175
667A Lytt  201403092 2042 2146 1762 1234  972  866  614  606 1195 1446 1624 2056
667A Lytt  201403101 2189 1969 1733 1510 1093  607  718  706  805 1192 1755 1915
667A Lytt  201403102 2024 2193 1983 1509 1227 1051  572  540  894 1178 1291 1757
667A Lytt  201403111 2176 1863 1870 1915 1194  832  859  577  521  956 1441 1636
667A Lytt  201403112 1893 2243 1991 1734 1577 1192  684  646  678  776 1058 1524
667A Lytt  201403121 1905 1934 2057 2066 1590 1109 1048  717  544  766 1175 1429
667A Lytt  201403122 1760 2168 2113 1965 1933 1491  945  774  803  694  839 1379
667A Lytt  201403131 1672 1814 2167 2206 1771 1589 1283  771  528  795  905 1060
667A Lytt  201403132 1566 1968 1985 2102 2078 1741 1243  934  779  641  635 1025
667A Lytt  201403141 1413 1699 1988 2143 2077 1720 1576  964  597  706  664  842
667A Lytt  201403142 1161 1775 1965 1992 2289 1909 1514 1203  805  614  554  787
667A Lytt  201403151 1084 1405 1788 2155 2066 1903 1796 1263  857  731  714  703
667A Lytt  201403152  976 1539 1901 1977 2364 2254 1989 1588 1171  870  715  721
667A Lytt  201403161  942 1325 1718 2034 2220 2212 2006 1658 1245  879  644  582
667A Lytt  201403162  741 1248 1711 1891 2299 2294 2026 1843 1459 1011  739  788
667A Lytt  201403171  756 1023 1549 1965 2040 2284 2362 1857 1522 1215  859  577
667A Lytt  201403172  747  977 1270 1794 2139 2183 2197 1976 1616 1220  860  619
667A Lytt  201403181  670  716 1193 1615 1961 2167 2381 2119 1825 1451 1000  715
667A Lytt  201403182  559  746  913 1447 1827 2091 2190 2138 1921 1491 1072  763
667A Lytt  201403191  544  624  898 1270 1677 1964 2199 2208 2059 1659 1279  883
667A Lytt  201403192  586  590  706 1078 1538 1811 2170 2211 2056 1891 1371 1010
667A Lytt  201403201  735  520  631  923 1407 1641 2060 2264 2121 1956 1587 1191
667A Lytt  201403202  694  595  515  648 1187 1433 1780 2149 2090 1998 1706 1134
667A Lytt  201403211  957  517  497  668  994 1365 1749 2096 2120 2123 1866 1415
667A Lytt  201403212 1061  640  502  505  777 1077 1442 1881 2069 2068 1964 1464
667A Lytt  201403221 1123  764  491  516  591 1040 1398 1714 2078 2156 2097 1747
667A Lytt  201403222 1390 1003  577  484  583  767 1094 1607 1918 2067 2089 1876
667A Lytt  201403231 1480 1118  715  587  486  787 1035 1445 1934 2078 2250 2163
667A Lytt  201403232 1746 1409 1093  601  635  554  759 1259 1591 2041 2184 2196
667A Lytt  201403241 1876 1463 1092  852  525  637  840 1066 1591 1991 2238 2473
667A Lytt  201403242 2218 1875 1556 1043  695  616  639  983 1387 1830 9999 9999
667A Lytt  201403251 9999 9999 9999 9999 9999 9999 9999 9999 9999 9999 9999 9999
667A Lytt  201403252 9999 9999 9999 9999 9999 9999 9999 9999 9999 9999 9999 9999
667A Lytt  201403261 9999 9999 9999 9999 9999 9999 9999 9999 9999 9999 9999 9999
667A Lytt  201403262 9999 9999 9999 9999 9999 9999 9999 9999 9999 9999 9999 9999
667A Lytt  201403271 9999 9999 9999 9999 9999 9999 9999 9999 9999 9999 9999 9999
667A Lytt  201403272 9999 9999 9999 9999 9999 9999 9999 9999 9999 9999 9999 9999
667A Lytt  201403281 9999 9999 9999 9999 9999 9999 9999 9999 9999 9999 9999 9999
667A Lytt  201403282 9999 9999 9999 9999 9999 9999 9999 9999 9999 9999 9999 9999
667A Lytt  201403291 9999 9999 9999 9999 9999 9999 9999 9999 9999 9999 9999 9999
667A Lytt  201403292 9999 9999 9999 9999 9999 9999 9999 9999 9999 9999 9999 9999
667A Lytt  201403301 9999 9999 9999 9999 9999 9999 9999 9999 9999 9999 9999 9999
667A Lytt  201403302  657 1124 1725 2178 2391 2333 2165 1671  946  709  389  150
667A Lytt  201403311  443  937 1496 1922 2348 2538 2224 1876 1443  787  403  334
667A Lytt  201403312  395  618 1236 1870 2127 2363 2383 2139 1454 1068  694  262
667A Lytt  201404011  275  571 1001 1529 2046 2398 2400 2271 2001 1241  814  547
667A Lytt  201404012  322  359  794 1358 1790 2097 2406 2316 1956 1577 1113  552
667A Lytt  201404021  314  493  547 1123 1684 2130 2329 2400 2328 1752 1318  906
667A Lytt  201404022  497  366  492  942 1353 1764 2014 2528 2067 1971 1505  889
667A Lytt  201404031  534  399  533  731 1239 1736 2093 2309 2501 2177 1688 1350
667A Lytt  201404032  898  579  539  719  980 1442 1821 2194 2255 2249 1972 1320
667A Lytt  201404041 1118  716  537  634  886 1333 1738 2101 2336 2280 2077 1791
667A Lytt  201404042 9999 9999 9999 9999 9999 9999 9999 9999 9999 9999 9999 9999
667A Lytt  201404051 9999 9999 9999 9999 9999 9999 9999 9999 9999 9999 9999 9999
667A Lytt  201404052 9999 9999 9999 9999 9999 9999 9999 9999 9999 9999 9999 9999
667A Lytt  201404061 9999 9999 9999  652  669  820 1063 1445 1841 2112 2233 2239
667A Lytt  201404062 1974 1594 1266  918  792  707  879 1269 1512 1879 2180 2143
667A Lytt  201404071 1891 1792 1301  934  777  700  814 1049 1552 1809 2085 2225
667A Lytt  201404072 2215 1838 1456 1261  868  648  704 1074 1159 1662 2021 2079
667A Lytt  201404081 1987 2009 1569 1098 1020  730  649  780 1291 1426 1831 2133
667A Lytt  201404082 2166 2014 1663 1516 1031  743  716  803  883 1340 1775 1884
667A Lytt  201404091 2043 2111 1830 1409 1141  945  639  646  935 1189 1514 1909
667A Lytt  201404092 2106 2026 1912 1707 1181  882  718  591  659 1010 1405 1660
667A Lytt  201404101 1809 2127 2001 1614 1385 1101  776  624  779  919 1268 1716
667A Lytt  201404102 2008 2009 2133 1998 1555 1130 1019  750  594  989 1262 1463
667A Lytt  201404111 1899 2238 2084 2056 1841 1412  981  923  838  764 1112 1563
667A Lytt  201404112 1948 2044 2233 2256 1880 1506 1180  887  647  720 1110 1198
667A Lytt  201404121 1689 2181 2131 2125 2131 1756 1258 1020  921  643  855 1342
667A Lytt  201404122 1606 1896 2278 2250 2095 1845 1371 1034  680  678  790  952
667A Lytt  201404131 1286 1891 1994 2079 2183 1840 1478 1064  821  550  542  909
667A Lytt  201404132 1233 1503 1983 2236 2031 1846 1654 1165  666  661  609  530
667A Lytt  201404141 1006 1513 1761 1956 2212 2005 1597 1348  910  520  380  660
667A Lytt  201404142  833 1121 1703 2025 1994 2014 1827 1322  943  647  529  418
667A Lytt  201404151  695 1257 1565 1835 2296 2226 1913 1718 1236  805  545  572
667A Lytt  201404152  675  998 1483 2012 2076 2201 2191 1757 1359  969  776  463
667A Lytt  201404161  663  964 1444 1804 2208 2451 2278 2152 1777 1203  899  685
667A Lytt  201404162  641  763 1206 1743 1958 2142 2378 2091 1743 1385 1063  543
667A Lytt  201404171  548  819 1018 1470 2010 2291 2300 2426 2184 1579 1339  936
667A Lytt  201404172  676  570  941 1400 1808 1885 2511 2261 1974 1813 1248  735
667A Lytt  201404181  526  554  665  943 1571 2011 2185 2371 2221 1884 1347  966
667A Lytt  201404182  615  300  567  783 1216 1587 1972 2198 2056 1950 1519 1104
667A Lytt  201404191  663  602  518  729 1229 1688 2005 2396 2509 2139 1943 1476
667A Lytt  201404192 1079  693  626  666  987 1438 1865 2222 2295 2442 2045 1511
667A Lytt  201404201 1345  861  577  712 1025 1424 1755 2288 2501 2451 2371 2036
667A Lytt  201404202 1485 1136  794  656  757 1096 1530 1941 2324 2475 2448 2078
667A Lytt  201404211 1654 1241  942  599  764 1033 1319 1900 2338 2398 2460 2477
667A Lytt  201404212 1861 1411 1163  750  517  709 1096 1442 1880 2371 2450 2249
667A Lytt  201404221 2041 1652 1150  745  689  662  857 1388 1816 2137 2429 2499
667A Lytt  201404222 2236 1889 1486  963  610  588  695  997 1524 2009 2244 2375
667A Lytt  201404231 2316 1983 1532  983  843  467  586  871 1287 1706 2186 2395
667A Lytt  201404232 2377 2231 1883 1326  931  505  468  546  914 1508 1903 2256
667A Lytt  201404241 2308 2325 2017 1351 1129  776  300  553  954 1181 1618 2324
667A Lytt  201404242 2380 2281 2249 1849 1287  725  643  507  525 1148 1662 2038
667A Lytt  201404251 2334 2600 2392 1836 1663 1120  486  567  697  747 1302 1897
667A Lytt  201404252 2315 2319 2429 2335 1674 1173  882  499  299  641 1096 1487
667A Lytt  201404261 1871 2475 2380 2068 2148 1450  782  679  495  382  798 1374
667A Lytt  201404262 1884 2080 2495 2394 2050 1657 1236  768  464  535  831 1127
667A Lytt  201404271 1711 2317 2504 2546 2564 2129 1502 1198  914  561  671 1249
667A Lytt  201404272 1640 2011 2505 2778 2525 2220 1915 1243  788  671  674  709
667A Lytt  201404281 1214 2038 2285 2310 2809 2575 1823 1578 1271  588  528  887
667A Lytt  201404282 1134 1451 2124 2528 2580 2453 2391 1731 1291  999  787  648
667A Lytt  201404291  945 1627 1948 2279 2843 2691 2269 2119 1505 1002  671  654
667A Lytt  201404292  710  997 1602 2049 2190 2414 2439 1861 1412 1112  782  403
667A Lytt  201404301  566 1008 1291 1752 2478 2469 2334 2463 1761 1225  894  685
667A Lytt  201404302  470  643 1101 1615 1838 2241 2375 2017 1847 1430  870  640
667A Lytt  201405011  430  554  903 1338 1924 2207 2265 2471 2103 1549 1166  898
667A Lytt  201405012  526  410  818 1186 1528 1984 2180 2228 2148 1713 1363  861
667A Lytt  201405021  586  501  683 1084 1532 1935 2255 2399 2298 1988 1560 1140
667A Lytt  201405022  816  507  712  869 1297 1617 1969 2232 2268 2017 1791 1233
667A Lytt  201405031  863  781  557  750 1264 1587 1883 2258 2337 2178 1807 1492
667A Lytt  201405032 1101  592  659  716  808 1329 1682 1901 2047 2246 1915 1493
667A Lytt  201405041 1185  842  628  678  985 1295 1582 2024 2294 2255 2095 1925
667A Lytt  201405042 1508 1024  902  765  769 1082 1572 1746 2048 2411 2303 1834
667A Lytt  201405051 1636 1493  873  739  928 1129 1223 1961 2198 2132 2383 2246
667A Lytt  201405052 1697 1558 1166  925  686 1075 1141 1591 1859 2181 2306 2183
667A Lytt  201405061 1934 1566 1331  831  993  937 1138 1555 1869 2037 2219 2331
667A Lytt  201405062 1999 1693 1459 1110  845  902 1084 1264 1640 2053 2294 2162
667A Lytt  201405071 2228 1960 1440 1322 1083  904  962 1385 1699 1860 2234 2339
667A Lytt  201405072 2196 2033 1697 1328  929 1051  779  995 1493 1715 1985 2251
667A Lytt  201405081 2274 1980 1810 1503 1163  899  872 1062 1316 1567 1901 2273
667A Lytt  201405082 2210 2078 2091 1513 1241 1071  863  741 1201 1471 1748 2115
667A Lytt  201405091 2205 2162 1944 1648 1388  967  791  872 1024 1215 1574 1994
667A Lytt  201405092 2133 2123 2018 1818 1437 1075  810  595  917 1135 1473 1884
667A Lytt  201405101 2077 2204 2041 1875 1675 1101  922  853  687  963 1333 1681
667A Lytt  201405102 1999 2080 2185 1921 1522 1280  902  647  692  851 1246 1559
667A Lytt  201405111 1892 2169 2257 1928 1906 1461 1008  853  628  796  961 1452
667A Lytt  201405112 1883 2026 2236 2182 1796 1522 1167  774  548  755  960 1236
667A Lytt  201405121 1714 2020 2207 2211 2015 1750 1243  935  772  507  714 1122
667A Lytt  201405122 1554 1831 2058 2333 1980 1710 1338  894  615  581  703  929
667A Lytt  201405131 1232 1814 2094 2133 2272 1973 1566 1169  873  502  531  819
667A Lytt  201405132 1152 1599 1961 2188 2221 2015 1627 1215  852  524  583  720
667A Lytt  201405141  940 1519 1958 2115 2418 2329 1854 1529 1213  622  404  614
667A Lytt  201405142  866 1138 1675 2172 2101 2243 2008 1465 1099  751  544  461
667A Lytt  201405151  625 1138 1630 1861 2396 2443 2117 1913 1472  872  522  480
667A Lytt  201405152  466  756 1353 1726 1951 2273 2265 1797 1411 1104  667  399
667A Lytt  201405161  501  715 1213 1639 2249 2330 2353 2362 1834 1276  850  660
667A Lytt  201405162  391  499  949 1479 1670 2172 2400 2097 1956 1449 1026  594
667A Lytt  201405171  407  514  730 1247 1838 2105 2393 2539 2175 1661 1319  919
667A Lytt  201405172  444  398  607 1054 1320 1979 2256 2259 2373 1843 1485  970
667A Lytt  201405181  570  556  482  843 1506 1906 2176 2582 2592 2127 1704 1424
667A Lytt  201405182  764  405  521  555  906 1571 1949 2067 2422 2286 1742 1334
667A Lytt  201405191  960  556  254  478 1029 1267 1842 2392 2422 2434 2151 1801
667A Lytt  201405192 1228  849  584  434  637 1066 1608 1906 2406 2454 2241 1949
667A Lytt  201405201 1445 1018  551  400  775  968 1373 2088 2273 2442 2561 2230
667A Lytt  201405202 1685 1291  932  493  433  760 1163 1548 2089 2419 2445 2394
667A Lytt  201405211 1964 1443 1021  679  578  510 1010 1591 1938 2362 2562 2491
667A Lytt  201405212 2211 1888 1346  784  535  670  595 1134 1748 1983 2357 2557
667A Lytt  201405221 2236 1853 1531  918  674  448  719  963 1487 1886 2253 2522
667A Lytt  201405222 2487 2166 1672 1311  792  733  487  765 1341 1721 2243 2573
667A Lytt  201405231 2535 2445 2047 1591 1136  908  701  814 1123 1625 2054 2356
667A Lytt  201405232 2732 2535 2262 1956 1330  964  631  700  921 1326 2019 2292
667A Lytt  201405241 2480 2802 2514 1986 1838 1192  945  710  940 1198 1494 2214
667A Lytt  201405242 2559 2658 2728 2312 1845 1368  939  691  725  945 1514 1876
667A Lytt  201405251 2327 2723 2527 2320 2176 1496 1090  956  756  825 1190 1627
667A Lytt  201405252 2062 2419 2729 2474 2097 1756 1040  924  827  499 1016 1647
667A Lytt  201405261 2055 2485 2695 2745 2610 2164 1518 1256  799  592  844 1268
667A Lytt  201405262 1513 2049 2409 2403 2277 2164 1531  887  784  538  454  960
667A Lytt  201405271 1407 1865 2161 2515 2528 2121 1701 1409  802  510  437  693
667A Lytt  201405272 1009 1552 1966 2218 2287 2147 1799 1281  990  539  496  645
667A Lytt  201405281  941 1408 1880 2207 2446 2300 2068 1781 1100  758  557  633
667A Lytt  201405282  743 1165 1731 2081 2170 2467 2083 1648 1395  881  701  556
667A Lytt  201405291  747 1113 1546 1959 2384 2255 2555 2077 1721 1221  915  770
667A Lytt  201405292  608 1107 1410 1801 2170 2353 2316 2004 1825 1161  935  689
667A Lytt  201405301  525  773 1195 1625 2127 2314 2405 2361 1844 1429 1069  779
667A Lytt  201405302  545  692  995 1389 1729 2163 2260 2118 2020 1556 1034  931
667A Lytt  201405311  539  580  884 1273 1790 1972 2395 2305 2038 1816 1220  912
667A Lytt  201405312  625  607  646  927 1385 1798 1945 2044 2053 1734 1352 1003
667A Lytt  201406011  711  523  639  936 1421 1691 2110 2211 2173 1982 1550 1151
667A Lytt  201406012  867  578  580  651 1156 1465 1624 2004 2116 1755 1703 1283
667A Lytt  201406021  798  619  642  587 1037 1448 1651 2080 2218 2061 1736 1475
667A Lytt  201406022 1025  748  531  617  772 1105 1442 1738 2048 1884 1836 1520
667A Lytt  201406031 1030  853  608  491  809 1120 1406 1751 2064 1985 1865 1637
667A Lytt  201406032 1323  946  728  586  555  914 1183 1509 1844 1915 2032 1796
667A Lytt  201406041 1282 1123  796  572  738  802 1166 1503 1816 1983 1976 1939
667A Lytt  201406042 1551 1207  897  683  562  738 1012 1215 1799 1938 1984 2079
667A Lytt  201406051 1678 1438 1071  816  722  776 1052 1266 1684 1953 2013 2114
667A Lytt  201406052 1893 1528 1246  805  659  694  708 1129 1518 1779 1992 2124
667A Lytt  201406061 1993 1702 1363 1092  929  657  892 1117 1387 1795 2055 2056
667A Lytt  201406062 2097 1918 1470 1179  926  705  646  932 1247 1597 1951 2116
667A Lytt  201406071 2176 1992 1628 1410 1087  788  801 1008 1102 1447 1918 2052
667A Lytt  201406072 2066 2087 1866 1279 1114  896  471  719 1073 1202 1590 2095
667A Lytt  201406081 2075 1949 1960 1636 1147  885  852  555  902 1167 1454 1826
667A Lytt  201406082 2130 2062 1911 1706 1291  961  580  604  841  946 1413 1906
667A Lytt  201406091 1968 2150 2172 1813 1592 1090  878  561  723  824 1145 1646
667A Lytt  201406092 1980 2128 2161 1846 1614 1222  707  634  505  694 1138 1478
667A Lytt  201406101 1806 2173 2229 2034 1866 1391  931  613  626  516  667 1312
667A Lytt  201406102 1642 1837 2169 2014 1806 1420  933  679  394  504  772 1059
667A Lytt  201406111 1422 2056 2098 2086 2233 1657 1238  817  603  335  542  801
667A Lytt  201406112 1314 1717 2072 2129 2059 1789 1318  829  532  459  353  755
667A Lytt  201406121 1214 1696 1913 2342 2412 2033 1666 1206  859  344  343  576
667A Lytt  201406122  863 1358 1943 2002 2255 2232 1652 1243  736  574  226  428
667A Lytt  201406131  822 1210 1641 2183 2525 2282 2114 1725 1114  626  344  420
667A Lytt  201406132  512  929 1558 1893 2273 2438 2094 1745 1315  741  474  334
667A Lytt  201406141  511  954 1469 1998 2461 2506 2537 2274 1675 1198  741  526
667A Lytt  201406142  303  784 1103 1681 2230 2453 2450 2240 1808 1369  776  496
667A Lytt  201406151  434  554  896 1565 2062 2468 2674 2510 2260 1641 1082  709
667A Lytt  201406152  374  437  687 1135 1652 2219 2463 2438 2358 1834 1324  830
667A Lytt  201406161  489  440  543 1044 1623 2211 2606 2826 2639 2234 1833 1093
667A Lytt  201406162  766  569  483  698 1355 1878 2207 2663 2807 2385 1925 1541
667A Lytt  201406171  946  590  610  749 1223 1703 2340 2662 2738 2664 2258 1729
667A Lytt  201406172 1208  849  392  532  901 1315 1736 2295 2693 2507 2448 1974
667A Lytt  201406181 1356  918  587  649  799 1176 1773 2281 2622 2724 2644 2232
667A Lytt  201406182 1785 1332  876  552  664 1049 1339 1875 2417 2670 2624 2501
667A Lytt  201406191 2007 1515 1033  699  801  817 1221 1810 2215 2558 2739 2547
667A Lytt  201406192 2215 1889 1270  823  677  757  939 1442 2039 2468 2606 2774
667A Lytt  201406201 2436 1986 1585 1046  814  668  973 1262 1710 2179 2483 2596
667A Lytt  201406202 2446 2085 1726 1166  797  680  534  947 1558 1777 2334 2694
667A Lytt  201406211 2488 2310 2015 1404 1065  702  717  865 1264 1649 1979 2377
667A Lytt  201406212 2473 2394 2021 1535 1108  755  460  643  974 1321 1777 2273
667A Lytt  201406221 2420 2372 2225 1830 1284  861  749  509  665 1068 1424 1810
667A Lytt  201406222 2185 2368 2088 1809 1361  926  512  402  518  657 1324 1753
667A Lytt  201406231 2026 2329 2338 1998 1686 1224  764  624  460  659 1016 1484
667A Lytt  201406232 1831 2218 2159 1984 1865 1225  789  475  450  399  872 1409
667A Lytt  201406241 1662 2179 2339 2203 2108 1703 1138  792  623  580  641 1257
667A Lytt  201406242 1701 1993 2355 2328 2123 1830 1340  832  685  565  662 1054
667A Lytt  201406251 1570 2098 2115 2463 2377 2136 1631 1199  903  568  563 1082
667A Lytt  201406252 1315 1756 2188 2400 2416 2235 1754 1348  997  677  792  744
667A Lytt  201406261 1319 1772 2161 2356 2627 2438 2072 1686 1190  912  737  787
667A Lytt  201406262 1134 1567 1926 2284 2516 2395 2193 1711 1395  932  846  849
667A Lytt  201406271 1024 1500 1931 2293 2646 2583 2387 2191 1614 1176  983  747
667A Lytt  201406272  910 1265 1615 2026 2345 2373 2373 1993 1630 1207  895  777
667A Lytt  201406281  761 1131 1542 1868 2258 2510 2373 2178 1886 1249  920  716
667A Lytt  201406282  685  807 1205 1634 1949 2198 2238 2153 1829 1415 1009  854
667A Lytt  201406291  640  831 1099 1609 1986 2295 2415 2369 2069 1634 1121  963
667A Lytt  201406292  781  844  975 1484 1763 2077 2373 2273 2154 1728 1368 1099
667A Lytt  201406301  670  932  877 1289 1873 2126 2413 2438 2301 2045 1490 1229
667A Lytt  201406302 1079  797  879 1261 1511 1896 2130 2297 2280 1966 1837 1261
667A Lytt  201407011 1036  852  930 1118 1566 1918 2253 2530 2521 2247 1895 1628
667A Lytt  201407012 1105 1015  977 1041 1354 1819 1985 2318 2452 2258 2228 1614
667A Lytt  201407021 1314 1139  870 1065 1378 1820 2114 2340 2619 2384 2129 1989
667A Lytt  201407022 1529 1177 1062  965 1242 1561 1849 2040 2448 2467 2222 2010
667A Lytt  201407031 1680 1225 1148 1024 1141 1496 1852 2114 2419 2374 2233 1959
667A Lytt  201407032 1747 1336  942  974  957 1166 1419 1808 2146 2271 2308 2130
667A Lytt  201407041 1755 1446 1179  939 1146 1100 1424 1826 2135 2257 2275 2220
667A Lytt  201407042 1937 1525 1195 1093  849 1055 1267 1523 1885 2153 2294 2208
667A Lytt  201407051 2003 1573 1288  965  899  832 1353 1574 1890 2158 2341 2287
667A Lytt  201407052 2047 1942 1488 1044  912  934  898 1109 1738 1909 2101 2359
667A Lytt  201407061 2121 1875 1497 1229  965  699 1062 1022 1371 1787 1977 2047
667A Lytt  201407062 2150 1861 1492 1147  828  750  432  826 1201 1399 1831 2076
667A Lytt  201407071 2113 1859 1626 1201 1032  574  557  687  919 1234 1517 1871
667A Lytt  201407072 1988 1880 1610 1365  874  663  466  447  770 1078 1460 1731
667A Lytt  201407081 2110 2098 1714 1519 1215  772  547  555  590  859 1294 1651
667A Lytt  201407082 1820 2069 1952 1486 1252  891  341  401  480  605 1221 1599
667A Lytt  201407091 1830 2195 2035 1807 1681  987  795  460  462  489  963 1386
667A Lytt  201407092 1679 2111 2047 1859 1586 1231  576  427  398  288  815 1278
667A Lytt  201407101 1705 1971 2266 2080 1906 1432 1082  574  384  384  421  927
667A Lytt  201407102 1565 1868 2094 2212 2084 1483 1065  743  391  244  592  942
667A Lytt  201407111 1306 2003 2316 2210 2493 1976 1482 1106  690  302  364  639
667A Lytt  201407112 1224 1615 2106 2456 2327 2238 1626 1134  843  437  395  613
667A Lytt  201407121 1047 1633 2066 2479 2696 2469 2145 1551 1042  556  325  474
667A Lytt  201407122  675 1266 1887 2209 2523 2712 2091 1774 1204  711  526  464
667A Lytt  201407131  673 1246 1788 2281 2792 2798 2613 2259 1695 1101  590  568
667A Lytt  201407132  412  800 1502 1947 2298 2747 2574 2299 1723 1320  683  342
667A Lytt  201407141  393  699 1048 1755 2403 2646 2750 2696 2148 1440 1015  511
667A Lytt  201407142  378  364  833 1352 1895 2359 2638 2581 2210 1735 1079  603
667A Lytt  201407151  404  387  517 1165 1848 2188 2695 2750 2500 1990 1493  915
667A Lytt  201407152  429  354  410  735 1363 1915 2286 2580 2556 2214 1684 1060
667A Lytt  201407161  709  297  234  663 1208 1732 2273 2595 2689 2391 1960 1474
667A Lytt  201407162  755  474  327  336  805 1339 1763 2261 2632 2372 2239 1623
667A Lytt  201407171 1009  655  341  231  696 1078 1669 2128 2511 2448 2240 1929
667A Lytt  201407172 1296  751  479  212  357  739 1353 1733 2261 2555 2432 2043
667A Lytt  201407181 1652 1150  510  397  498  721 1142 1774 2271 2293 2495 2388
667A Lytt  201407182 1794 1448  935  406  427  502  843 1374 1880 2293 2446 2426
667A Lytt  201407191 2108 1730 1059  795  573  490  880 1184 1781 1945 2403 2509
667A Lytt  201407192 2245 1930 1389  960  471  627  500  929 1496 1939 2310 2416
667A Lytt  201407201 2536 2110 1723 1300  939  833  605  976 1482 1689 2119 2638
667A Lytt  201407202 2306 2258 2095 1410 1000  872  622  721 1225 1603 2075 2332
667A Lytt  201407211 2663 2474 2191 1840 1337 1038  797  776 1183 1317 1818 2310
667A Lytt  201407212 2492 2441 2370 2006 1521 1065  864  782  941 1274 1720 2171
667A Lytt  201407221 2490 2566 2536 2214 1897 1359 1005  855  836 1038 1395 1811
667A Lytt  201407222 2182 2374 2486 2264 1753 1450  974  769  708  907 1317 1648
667A Lytt  201407231 2136 2352 2441 2371 2076 1603 1261  847  677  784  972 1309
667A Lytt  201407232 1836 2121 2248 2324 2042 1696 1154 1004  659  611 1005 1258
667A Lytt  201407241 1685 2160 2334 2345 2379 1972 1499 1139  879  686  639 1162
667A Lytt  201407242 1477 1805 2182 2325 2206 1934 1470 1213  824  670  644  923
667A Lytt  201407251 1399 1867 2137 2422 2520 2165 1773 1497 1003  704  719  931
667A Lytt  201407252 1109 1619 2006 2086 2292 2254 1558 1551 1013  615  749  678
667A Lytt  201407261 1002 1421 1866 2055 2387 2328 2003 1645 1329  791  544  750
667A Lytt  201407262  859 1068 1739 2075 1950 2351 2125 1580 1294 1002  685  522
667A Lytt  201407271  872 1204 1476 1904 2298 2299 2157 1958 1575  983  718  666
667A Lytt  201407272  551  927 1377 1622 1979 2248 1996 1793 1598 1026  776  554
667A Lytt  201407281  730  721 1129 1763 2015 2119 2346 2063 1624 1329  915  652
667A Lytt  201407282  552  754 1058 1442 1732 2252 2040 2025 1913 1316 1007  687
667A Lytt  201407291  727  593  972 1365 1874 2073 2243 2280 1912 1585 1194  901
667A Lytt  201407292  589  721  913 1207 1612 1984 2039 2135 2156 1648 1377 1106
667A Lytt  201407301  778  701  921 1185 1689 2014 2261 2405 2183 1912 1517 1193
667A Lytt  201407302  895  656  797 1121 1244 1754 2029 2135 2261 1970 1699 1317
667A Lytt  201407311  993  812  817 1024 1405 1765 2043 2216 2331 2064 1633 1631
667A Lytt  201407312 1054  825  852  925 1116 1575 1900 2059 2297 2182 1911 1554
667A Lytt  201408011 1186  925  677  793 1173 1436 1761 2104 2310 2182 1951 1846
667A Lytt  201408012 1276 1006  849  866 1024 1277 1535 1959 2248 2151 2308 1791
667A Lytt  201408021 1484 1299  818  834 1042 1270 1503 1897 2309 2258 2097 2093
667A Lytt  201408022 1599 1221 1023  835  881  929 1449 1762 1978 2275 2353 1946
667A Lytt  201408031 1816 1568  926  759  750  933 1070 1667 1958 1805 2219 2071
667A Lytt  201408032 1790 1423 1041  775  570  755  914 1246 1697 1991 2051 2110
667A Lytt  201408041 1979 1463 1336  861  784  699  946 1181 1582 1799 2003 2200
667A Lytt  201408042 1875 1604 1439  995  575  680  764  911 1325 1809 2043 2186
667A Lytt  201408051 2173 1922 1607 1185 1075  674  740 1136 1242 1616 1992 2229
667A Lytt  201408052 2180 2086 1834 1257  935  845  550  903 1115 1542 2039 2183
667A Lytt  201408061 2397 2354 2053 1631 1353  959  806  916 1081 1373 1686 2104
667A Lytt  201408062 2325 2328 2109 1751 1333  939  684  638  820 1196 1657 2082
667A Lytt  201408071 2401 2525 2401 2092 1680 1230  861  682  720  974 1400 1864
667A Lytt  201408072 2238 2355 2630 2150 1671 1292  863  496  623 1125 1301 1659
667A Lytt  201408081 2399 2556 2320 2411 2192 1603 1118  892  767  555 1152 1671
667A Lytt  201408082 1885 2430 2637 2497 2035 1792 1200  715  486  583  745 1152
667A Lytt  201408091 1832 2219 2439 2581 2364 1931 1365  990  521  225  450  771
667A Lytt  201408092 1328 1831 2224 2398 2326 1933 1355  934  405  323  296  475
667A Lytt  201408101 1143 1637 2167 2488 2572 2236 1783 1332  826  291  164  322
667A Lytt  201408102  812 1313 1968 2347 2404 2489 1880 1465  864  549  248  215
667A Lytt  201408111  709 1269 1773 2262 2785 2554 2359 2085 1225  549  429  185
667A Lytt  201408112  345  871 1480 2100 2400 2694 2553 2069 1529  959  510  162
667A Lytt  201408121  383  640 1276 1845 2440 2806 2617 2433 1988 1244  617  467
667A Lytt  201408122  210  399  941 1663 1997 2485 2729 2531 2087 1550 1055  470
667A Lytt  201408131  325  379  794 1352 2009 2419 2639 2719 2474 1776 1188  743
667A Lytt  201408132  332  205  480 1052 1528 2118 2560 2780 2555 2166 1764  982
667A Lytt  201408141  376  465  442  841 1351 1904 2505 2739 2697 2467 1851 1374
667A Lytt  201408142  786  582  312  880 1164 1765 2416 2725 2826 2638 2343 1693
667A Lytt  201408151 1142  758  581  581  994 1558 1879 2467 2712 2535 2249 1908
667A Lytt  201408152 1287  728  549  484  503 1157 1609 2156 2417 2596 2496 1981
667A Lytt  201408161 1467 1183  612  358  582  892 1194 1776 2303 2250 2143 2198
667A Lytt  201408162 1501  947  735  347  204  476 1046 1347 1821 2345 2379 2132
667A Lytt  201408171 1860 1541  844  497  488  435  758 1236 1681 1964 2224 2238
667A Lytt  201408172 1840 1456 1144  581  368  247  538  940 1326 1850 2177 2205
667A Lytt  201408181 2057 1741 1377  786  724  327  416  866 1176 1486 1876 2164
667A Lytt  201408182 1960 1646 1470 1016  410  465  351  553  888 1475 1870 1946
667A Lytt  201408191 2294 2101 1671 1252  997  580  360  662  933 1122 1671 2128
667A Lytt  201408192 2077 2100 1955 1491 1010  781  562  481  781 1250 1660 1814
667A Lytt  201408201 2299 2401 1938 1726 1569  912  635  825  747  881 1483 1895
667A Lytt  201408202 1967 2213 2259 1824 1401 1077  795  464  713  955 1223 1695
667A Lytt  201408211 2139 2335 2167 2149 1957 1259 1008  935  741  649 1198 1549
667A Lytt  201408212 1816 2183 2255 2120 1699 1491  973  559  581  718  962 1235
667A Lytt  201408221 1751 2131 2104 2190 2001 1547 1079  894  592  474  752 1113
667A Lytt  201408222 1415 1766 2123 2022 1790 1642 1214  712  579  602  555  884
667A Lytt  201408231 1345 1787 1966 2041 2131 1706 1311 1056  636  283  622  815
667A Lytt  201408232  864 1479 1953 1898 1879 1836 1416  862  694  544  383  612
667A Lytt  201408241 1006 1370 1654 2057 2019 1889 1493 1275  731  449  406  485
667A Lytt  201408242  710 1077 1669 1829 1833 2009 1555 1155  855  654  323  436
667A Lytt  201408251  726 1104 1403 1877 2104 1899 1798 1602  891  568  559  360
667A Lytt  201408252  437  934 1370 1603 1891 1942 1697 1485 1227  699  462  437
667A Lytt  201408261  546  768 1303 1679 1890 2086 1932 1767 1290  863  662  400
667A Lytt  201408262  384  657 1149 1485 1650 2062 1909 1693 1457  963  701  399
667A Lytt  201408271  480  642  948 1426 1814 2008 2026 1928 1557 1195  740  642
667A Lytt  201408272  400  456  902 1242 1654 1775 2039 1908 1595 1364  891  567
667A Lytt  201408281  471  552  627 1188 1577 1760 1994 2045 1738 1401 1026  622
667A Lytt  201408282  466  365  675  941 1290 1676 1950 1863 1774 1628 1127  675
667A Lytt  201408291  526  462  388  813 1359 1475 1764 2124 1836 1514 1340  831
667A Lytt  201408292  544  409  496  722 1055 1437 1731 1936 1882 1841 1411 1002
667A Lytt  201408301  760  459  411  609  992 1377 1556 1945 2012 1707 1599 1076
667A Lytt  201408302  781  557  451  606  801 1171 1562 1881 1902 1965 1881 1193
667A Lytt  201408311  991  845  429  476  874 1112 1376 1845 2074 1889 1820 1587
667A Lytt  201408312 1094  846  574  663  691  969 1481 1740 1898 2182 2085 1710
667A Lytt  201409011 1394 1153  765  563  833  979 1223 1704 2012 1959 2080 1998
667A Lytt  201409012 1466 1110  970  689  601  827 1220 1572 1759 2217 2344 1967
667A Lytt  201409021 1745 1598 1013  764  748  823  979 1380 1818 1933 2063 2217
667A Lytt  201409022 1836 1392 1265  982  491  749  939 1226 1559 2044 2327 2144
667A Lytt  201409031 2096 1974 1400  932  873  781  593 1086 1614 1572 2026 2385
667A Lytt  201409032 2060 1780 1609 1244  705  593  799  909 1109 1820 2068 2199
667A Lytt  201409041 2383 2168 1768 1373 1096  662  592  737 1198 1319 1790 2307
667A Lytt  201409042 2248 2080 2001 1548 1011  741  639  596  876 1369 1709 2118
667A Lytt  201409051 2402 2369 2114 1785 1445  878  602  557  712  932 1511 1863
667A Lytt  201409052 2224 2324 2179 1935 1406  970  609  421  541  919 1261 1743
667A Lytt  201409061 2221 2452 2376 2146 1816 1262  779  541  430  510  982 1459
667A Lytt  201409062 1824 2238 2423 2181 1782 1342  837  410  283  478  698 1272
667A Lytt  201409071 1813 2202 2436 2438 2177 1743 1199  762  360  257  613  990
667A Lytt  201409072 1433 1984 2451 2510 2228 1854 1333  769  330  267  400  740
667A Lytt  201409081 1326 1799 2262 2487 2502 2123 1621 1118  513  214  195  435
667A Lytt  201409082  763 1506 2029 2332 2510 2206 1725 1325  803  338  173  351
667A Lytt  201409091  694 1251 1886 2354 2608 2542 2121 1571 1079  518  206  186
667A Lytt  201409092  451 1028 1669 2133 2511 2518 2399 1801 1143  797  325  129
667A Lytt  201409101  305  800 1400 1950 2386 2657 2539 2108 1685  924  460  241
667A Lytt  201409102  119  499 1103 1707 2159 2510 2678 2340 1836 1337  865  312
667A Lytt  201409111  241  495  864 1476 2036 2412 2637 2563 2138 1549 1013  589
667A Lytt  201409112  241  283  585 1198 1820 2229 2554 2688 2334 1901 1356  864
667A Lytt  201409121  402  347  584  921 1480 2123 2417 2608 2584 2048 1543 1097
667A Lytt  201409122  591  259  402  705 1259 1752 2302 2562 2558 2492 1891 1272
667A Lytt  201409131  949  585  409  563 1146 1586 2009 2524 2595 2451 2099 1556
667A Lytt  201409132 1062  599  509  506  725 1344 1873 2123 2537 2639 2221 1905
667A Lytt  201409141 1394  855  564  517  650 1119 1549 2007 2326 2358 2352 2034
667A Lytt  201409142 1440 1049  745  456  499  876 1375 1694 2224 2593 2383 2131
667A Lytt  201409151 1945 1325  879  743  591  718 1227 1638 1916 2191 2519 2211
667A Lytt  201409152 1815 1514 1089  695  568  670  984 1329 1833 2313 2360 2407
667A Lytt  201409161 2272 1789 1336  957  812  691  877 1268 1609 1862 2299 2355
667A Lytt  201409162 2123 1831 1523 1099  735  699  743  875 1480 1931 2028 2291
667A Lytt  201409171 2405 1962 1651 1398  931  709  779  951 1166 1549 2013 2104
667A Lytt  201409172 2269 2121 1720 1378 1038  801  529  803 1077 1437 1837 2157
667A Lytt  201409181 2286 2208 1964 1582 1145  866  751  636  828 1192 1604 1880
667A Lytt  201409182 2188 2155 1965 1764 1274  982  805  683  770 1277 1508 1936
667A Lytt  201409191 2231 2285 2180 2038 1541 1194 1030  763  762 1079 1456 1666
667A Lytt  201409192 2127 2324 2249 2184 1728 1263 1085  940  754 1079 1459 1795
667A Lytt  201409201 2129 2415 2356 2259 1993 1556 1235  947  796  872 1193 1498
667A Lytt  201409202 1887 2176 2346 2352 1968 1641 1336  992  743  931 1180 1316
667A Lytt  201409211 1855 2229 2326 2388 2206 1925 1433 1097  989  751 1016 1328
667A Lytt  201409212 1597 2057 2382 2338 2132 1860 1580 1230  914  901  980 1040
667A Lytt  201409221 1584 2089 2153 2486 2521 2160 1794 1435 1140  822  867 1126
667A Lytt  201409222 1357 1715 2136 2350 2300 2184 1771 1329 1126  853  763  846
667A Lytt  201409231 1258 1734 1992 2253 2355 2210 1860 1474 1101  813  643  801
667A Lytt  201409232  954 1318 1771 2147 2202 2038 2006 1510 1064  969  625  655
667A Lytt  201409241  946 1245 1755 2046 2113 2293 2095 1560 1228  968  647  607
667A Lytt  201409242  682 1132 1467 1853 2195 2155 2115 1865 1423 1090  743  699
667A Lytt  201409251  719 1011 1428 1870 2017 2316 2281 1830 1585 1204  825  509
667A Lytt  201409252  738  987 1186 1792 2054 2184 2253 2199 1696 1335 1013  716
667A Lytt  201409261  616  809 1209 1538 1914 2273 2237 2094 1885 1291 1111  705
667A Lytt  201409262  604  773  894 1506 1866 1958 2273 2293 1886 1625 1206  896
667A Lytt  201409271  632  644 1000 1253 1694 2048 2216 2226 2053 1728 1236  920
667A Lytt  201409272  646  681  764 1133 1588 1778 2204 2293 2120 1931 1489 1110
667A Lytt  201409281  735  654  697  980 1308 1717 2085 2178 2134 1937 1510 1076
667A Lytt  201409282  770  537  516  896 1166 1507 1911 2145 2191 2193 1682 1349
667A Lytt  201409291  952  641  543  737  903 1333 1769 1946 2088 2030 1725 1330
667A Lytt  201409292  895  711  420  530  850 1052 1511 1895 2052 2130 1881 1600
667A Lytt  201409301 1113  779  473  525  573  892 1378 1688 1961 2096 2043 1715
667A Lytt  201409302 1250 1002  612  520  649  846 1235 1641 2106 2204 2189 2055
667A Lytt  201410011 1669 1201  948  721  569  781 1102 1560 1783 2087 2241 2030
667A Lytt  201410012 1736 1425  916  754  572  673 1002 1414 1854 2245 2381 2315
667A Lytt  201410021 2233 1720 1318  993  734  846 1031 1295 1705 2185 2325 2416
667A Lytt  201410022 2296 2034 1587 1235  907  944  911 1172 1637 2161 2534 2510
667A Lytt  201410031 2692 2324 2017 1574 1084  875  872 1057 1288 1956 2307 2382
667A Lytt  201410032 2512 2426 1941 1549 1268  759  745  866 1259 1632 2122 2498
667A Lytt  201410041 2588 2594 2384 1866 1372  974  794  746 1025 1368 1941 2261
667A Lytt  201410042 2564 2693 2338 2134 1488 1061  709  598  827 1105 1592 2086
667A Lytt  201410051 2527 2543 2619 2224 1654 1160  840  508  548  810 1332 1791
667A Lytt  201410052 2199 2730 2549 2500 2018 1405  984  663  467  876 1142 1515
667A Lytt  201410061 2134 2481 2890 2528 2399 1849 1290  850  337  687  865 1365
667A Lytt  201410062 1816 2465 2731 2618 2439 1903 1282  864  663  403  636 1105
667A Lytt  201410071 1674 2159 2500 2741 2589 2196 1693 1090  577  445  440  671
667A Lytt  201410072 1318 1956 2390 2638 2719 2493 1830 1326  848  520  324  548
667A Lytt  201410081 1043 1514 2218 2583 2736 2540 2104 1564  946  568  292  397
667A Lytt  201410082  652 1319 1921 2302 2649 2630 2199 1700 1317  632  274  350
667A Lytt  201410091  404  943 1654 2076 2337 2672 2433 1886 1363  843  402   95
667A Lytt  201410092  344  666 1238 1893 2337 2556 2514 2191 1725 1115  642  303
667A Lytt  201410101  312  463  993 1720 1912 2430 2664 2184 1840 1377  728  324
667A Lytt  201410102  252  371  672 1367 1908 2251 2452 2513 2133 1598 1080  639
667A Lytt  201410111  299  357  577 1111 1596 2100 2431 2334 2224 1871 1143  778
667A Lytt  201410112  403  244  379  873 1447 1833 2333 2533 2407 2110 1582 1099
667A Lytt  201410121  734  320  519  660 1074 1655 2086 2296 2381 2180 1732 1172
667A Lytt  201410122  795  432  368  531  981 1464 1882 2430 2428 2348 2117 1515
667A Lytt  201410131 1138  686  528  565  805 1274 1727 2024 2369 2448 2063 1661
667A Lytt  201410132 1293  744  455  599  709 1077 1484 2092 2296 2383 2380 2034
667A Lytt  201410141 1449 1082  683  527  597  866 1285 1592 2070 2255 2202 1986
667A Lytt  201410142 1604 1242  717  608  570  722 1088 1558 1902 2181 2329 2145
667A Lytt  201410151 1689 1454 1033  636  505  661  988 1168 1584 2129 2094 2015
667A Lytt  201410152 2011 1532 1089  807  629  558  758 1188 1571 1932 2255 2315
667A Lytt  201410161 1920 1829 1493  875  698  626  739  915 1333 1750 2036 2111
667A Lytt  201410162 2096 1930 1387 1121  956  609  656 1043 1335 1615 2047 2326
667A Lytt  201410171 2154 1895 1878 1314  815  780  734  729 1101 1481 1820 2070
667A Lytt  201410172 2176 2135 1785 1490 1155  823  666  817 1103 1327 1776 2162
667A Lytt  201410181 2138 2237 2054 1651 1220  974  754  616  819 1219 1518 1814
667A Lytt  201410182 2130 2132 2045 1751 1407 1036  679  630  814 1054 1335 1868
667A Lytt  201410191 2131 2049 2176 1997 1419 1141  945  686  627 1021 1260 1525
667A Lytt  201410192 1974 2207 2051 2009 1834 1198  939  792  709  857 1229 1571
667A Lytt  201410201 1908 2231 2251 2086 1828 1434 1111  839  691  803 1074 1383
667A Lytt  201410202 1771 2062 2211 2119 1963 1610 1076  902  822  647  973 1308
667A Lytt  201410211 1687 1980 2211 2222 1958 1685 1348  856  595  674  707  981
667A Lytt  201410212 1464 1859 2075 2125 2160 1776 1398 1015  796  585  681 1056
667A Lytt  201410221 1313 1736 2128 2219 2035 1967 1549 1071  775  672  599  759
667A Lytt  201410222 1234 1622 1985 2165 2283 2109 1646 1382  961  766  642  785
667A Lytt  201410231 1223 1583 1923 2273 2298 2175 2016 1523 1011  779  699  702
667A Lytt  201410232  957 1437 1879 2193 2448 2447 2069 1620 1323  991  729  655
667A Lytt  201410241 1008 1256 1720 2129 2341 2327 2235 1829 1373 1096  760  602
667A Lytt  201410242  801 1137 1525 1914 2263 2383 2176 2000 1542 1118  758  627
667A Lytt  201410251  649  976 1369 1816 2117 2301 2260 2031 1546 1270  795  625
667A Lytt  201410252  545  789 1163 1631 2071 2287 2312 2287 1877 1431 1105  666
667A Lytt  201410261  570  752 1049 1412 1864 2204 2279 2175 1954 1554 1123  815
667A Lytt  201410262  587  602  984 1304 1826 2184 2394 2355 2179 1841 1303 1006
667A Lytt  201410271  640  612  693 1113 1545 1916 2275 2329 2100 2013 1457 1022
667A Lytt  201410272  761  576  748  975 1487 1898 2171 2499 2542 2150 1813 1442
667A Lytt  201410281  952  776  652  845 1294 1639 2116 2428 2169 2290 2015 1377
667A Lytt  201410282 1071  815  728  660 1233 1707 1962 2510 2598 2532 2164 1932
667A Lytt  201410291 1409 1014  569  823 1010 1246 1801 2245 2321 2509 2313 1791
667A Lytt  201410292 1444 1101  782  543  955 1211 1458 2062 2513 2395 2384 2254
667A Lytt  201410301 1701 1255  897  729  659  952 1348 1758 2169 2363 2438 2216
667A Lytt  201410302 1823 1450 1014  616  748  964 1083 1593 2271 2383 2485 2590
667A Lytt  201410311 2235 1701 1269 1021  520  664 1019 1292 1600 2189 2441 2286
667A Lytt  201410312 2084 1772 1315  801  695  618  723 1140 1620 2077 2341 2499
667A Lytt  201411011 2464 1974 1598 1232  763  452  709  835 1145 1822 2225 2338
667A Lytt  201411012 2439 2239 1753 1325 1001  647  467  865 1252 1545 2176 2503
667A Lytt  201411021 2533 2395 2155 1605 1090  741  674  534  898 1531 1971 2173
667A Lytt  201411022 2549 2518 2238 1707 1331  925  474  533  911 1194 1637 2250
667A Lytt  201411031 2441 2602 2547 2069 1581 1019  674  431  593  855 1419 1936
667A Lytt  201411032 2297 2617 2522 2243 1927 1295  810  574  531  679 1185 1757
667A Lytt  201411041 2085 2551 2586 2363 1974 1460  936  521  297  522  821 1241
667A Lytt  201411042 1892 2284 2464 2401 2200 1661 1054  721  407  327  655 1068
667A Lytt  201411051 1609 2032 2409 2519 2173 1843 1400  748  371  328  333  697
667A Lytt  201411052 1365 1865 2204 2508 2483 2054 1486 1091  669  238  366  608
667A Lytt  201411061 1022 1647 2058 2332 2443 2199 1764 1170  754  376  193  468
667A Lytt  201411062  808 1402 1944 2274 2571 2457 2037 1538 1079  605  347  344
667A Lytt  201411071  638 1151 1664 2087 2390 2400 2176 1703 1113  642  402  187
667A Lytt  201411072  442  823 1493 1953 2334 2550 2324 1934 1491  964  495  329
667A Lytt  201411081  374  634 1126 1651 2060 2219 2399 1978 1503 1051  615  199
667A Lytt  201411082  226  423 1003 1483 1976 2411 2476 2230 2009 1486  859  643
667A Lytt  201411091  388  462  791 1341 1802 2093 2459 2284 1994 1610 1097  650
667A Lytt  201411092  465  383  624 1140 1686 2200 2321 2518 2409 1861 1439 1103
667A Lytt  201411101  602  515  705 1012 1488 1860 2353 2411 2314 2145 1587 1159
667A Lytt  201411102  907  525  690  947 1442 1958 2205 2651 2610 2385 2071 1598
667A Lytt  201411111 1208  815  801  876 1312 1608 2076 2389 2416 2482 2078 1628
667A Lytt  201411112 1236  895  776  811 1235 1579 1966 2359 2644 2565 2348 1973
667A Lytt  201411121 1550 1178  827  876  981 1303 1736 2021 2252 2551 2254 1938
667A Lytt  201411122 1641 1231  968  702  999 1323 1553 2107 2387 2528 2451 2336
667A Lytt  201411131 1830 1511 1167  984  974 1131 1509 1872 2085 2466 2537 2196
667A Lytt  201411132 1980 1586 1220  957  824 1141 1278 1566 2110 2378 2315 2393
667A Lytt  201411141 2123 1748 1337 1064  919  880 1106 1463 1734 2074 2360 2338
667A Lytt  201411142 2188 1879 1533 1146  979 1128  942 1224 1830 2168 2182 2531
667A Lytt  201411151 2352 2073 1607 1375 1139  835 1030 1230 1468 1909 2190 2307
667A Lytt  201411152 2306 2066 1807 1439 1127  959  857 1123 1430 1793 2055 2374
667A Lytt  201411161 2261 2195 1984 1467 1263  879  945  891 1233 1657 1885 2114
667A Lytt  201411162 2358 2181 1992 1636 1353 1081  838 1002 1180 1490 1900 2190
667A Lytt  201411171 2355 2333 2121 1808 1527  975  947  939  936 1424 1789 1924
667A Lytt  201411172 2395 2325 2150 2021 1598 1292 1023  884  994 1283 1570 1953
667A Lytt  201411181 2259 2393 2254 2097 1779 1184  946  866  737 1007 1394 1612
667A Lytt  201411182 1980 2212 2353 2008 1794 1618  981  930  901  959 1357 1575
667A Lytt  201411191 2039 2264 2376 2164 1924 1506 1162  952  714  855 1071 1477
667A Lytt  201411192 1934 1944 2448 2253 2015 1751 1299  951  814  822  865 1383
667A Lytt  201411201 1701 2127 2222 2292 2168 1695 1384 1059  719  730  925 1082
667A Lytt  201411202 1548 1931 2306 2265 2250 2082 1561 1129  976  711  662 1090
667A Lytt  201411211 1444 1761 2118 2336 2278 1952 1698 1237  785  737  676  828
667A Lytt  201411212 1302 1706 2158 2286 2576 2295 1986 1685 1086  951  878  802
667A Lytt  201411221 9999 9999 9999 9999 9999 9999 9999 9999 9999 9999 9999 9999
667A Lytt  201411222 9999 9999 9999 9999 9999 9999 9999 9999 9999 9999 9999 9999
667A Lytt  201411231 9999 9999 9999 9999 9999 9999 9999 9999 9999 9999 9999 9999
667A Lytt  201411232 9999 9999 9999 9999 2195 2314 2332 2128 1661 1117  809  477
667A Lytt  201411241  460  636 1100 1539 1907 2264 2234 2124 1720 1316  822  522
667A Lytt  201411242  448  534  961 1414 1967 2234 2366 2421 2040 1603 1153  754
667A Lytt  201411251  426  506  799 1226 1704 2200 2343 2429 2195 1930 1289  946
667A Lytt  201411252  643  586  864 1145 1582 1981 2526 2615 2520 2195 1673 1252
667A Lytt  201411261  758  576  630  898 1326 1776 2263 2355 2409 2224 1645 1327
667A Lytt  201411262  823  452  552  684 1245 1691 2078 2565 2617 2295 2222 1583
667A Lytt  201411271 1143  739  652  515  953 1356 1864 2183 2530 2507 2070 1807
667A Lytt  201411272 1342  751  619  651  909 1264 1847 2253 2574 2633 2472 2065
667A Lytt  201411281 1659 1084  767  454  700  880 1399 1883 2225 2504 2491 2090
667A Lytt  201411282 1738 1322  772  510  688  886 1304 1847 2253 2531 2622 2415
667A Lytt  201411291 2055 1625 1103  747  548  636 1031 1372 1901 2293 2484 2456
667A Lytt  201411292 2057 1724 1253  739  667  618  852 1347 1831 2155 2573 2521
667A Lytt  201411301 2358 2016 1467  949  651  495  551 1033 1448 1915 2360 2512
667A Lytt  201411302 2435 2171 1796 1229  788  681  570  876 1327 1750 2196 2525
667A Lytt  201412011 2545 2329 1969 1518  914  632  444  562  937 1442 1925 2254
667A Lytt  201412012 2536 2409 2000 1623 1189  773  364  536  833 1090 1646 2096
667A Lytt  201412021 2328 2389 2177 1710 1303  734  413  321  482  780 1279 1847
667A Lytt  201412022 2211 2362 2288 1908 1517 1061  557  470  430  653 1080 1601
667A Lytt  201412031 2048 2296 2309 2083 1655 1147  660  349  206  507  846 1283
667A Lytt  201412032 1907 2251 2348 2331 2006 1508 1042  781  328  481  854 1117
667A Lytt  201412041 1585 2169 2360 2241 2137 1734 1016  637  462  272  400  967
667A Lytt  201412042 1528 1835 2320 2471 2285 2016 1519 1147  650  415  644  771
667A Lytt  201412051 1175 1813 2158 2253 2442 2111 1476 1104  776  353  235  713
667A Lytt  201412052 1083 1341 2092 2409 2266 2359 2053 1358  943  658  434  400
667A Lytt  201412061  760 1334 1683 2026 2365 2233 1866 1510 1074  610  377  495
667A Lytt  201412062  701 1120 1664 2145 2402 2527 2320 1910 1328 1065  647  399
667A Lytt  201412071  555  901 1376 1757 2123 2441 2215 1926 1503  967  662  362
667A Lytt  201412072  549  627 1287 1741 2074 2428 2386 2224 1765 1314  856  618
667A Lytt  201412081  454  637  980 1381 1903 2106 2344 2123 1782 1442  890  607
667A Lytt  201412082  401  536  837 1304 1781 2227 2362 2337 9999 9999 9999 9999
667A Lytt  201412091 9999 9999 9999 9999 9999 9999 9999 9999 9999 9999 9999 9999
667A Lytt  201412092 9999 9999 9999 9999 9999 9999 9999 9999 9999 9999 9999 9999
667A Lytt  201412101 9999 9999 9999  843 1272 1666 2076 2237 2215 2126 1761 1231
667A Lytt  201412102  913  664  547  820 1176 1610 1984 2279 2344 2234 1994 1527
667A Lytt  201412111 1101  882  571  696 1012 1296 1639 2119 2152 2175 2024 1523
667A Lytt  201412112 1253  804  611  705  874 1258 1614 1957 2293 2194 2038 1767
667A Lytt  201412121 1311 1076  678  689  726 1141 1340 1721 2138 2138 2023 1928
667A Lytt  201412122 1494 1016  795  708  639 1028 1363 1619 1926 2260 2072 1955
667A Lytt  201412131 1721 1322  874  710  757  823 1109 1470 1795 2088 2130 1978
667A Lytt  201412132 1811 1346 1037  777  737  854 1033 1467 1831 1990 2260 2134
667A Lytt  201412141 1840 1678 1241  826  795  719  825 1250 1499 1864 2066 2123
667A Lytt  201412142 1968 1565 1300 1042  687  765  838 1096 1458 1715 1992 2100
667A Lytt  201412151 2010 1882 1361 1103  889  662  637  956 1218 1543 1896 1990
667A Lytt  201412152 2069 1789 1534 1177  898  751  660  873 1172 1476 1843 2036
667A Lytt  201412161 2053 2005 1716 1291 1045  807  580  715 1068 1335 1614 2005
667A Lytt  201412162 2180 1942 1888 1541 1077  900  721  721  967 1322 1563 1928
667A Lytt  201412171 2138 2126 1939 1620 1289  944  710  608  942 1146 1513 1910
667A Lytt  201412172 2141 2134 2131 1841 1465 1203  880  762  805 1135 1422 1750
667A Lytt  201412181 1997 2318 2089 1857 1728 1169  835  711  659  854 1234 1664
667A Lytt  201412182 2062 2137 2276 2173 1752 1449 1015  845  644  807 1129 1521
667A Lytt  201412191 1806 2185 2284 2069 1947 1495 1003  861  655  650  976 1425
667A Lytt  201412192 1756 2089 2378 2383 2175 1786 1405  996  761  724  864 1145
667A Lytt  201412201 1632 2089 2154 2275 2287 1859 1380 1071  822  589  707 1114
667A Lytt  201412202 1600 1870 2302 2493 2381 2112 1808 1242  882  723  755  747
667A Lytt  201412211 1294 1839 2069 2284 2572 2151 1773 1365  933  645  520  692
667A Lytt  201412212 1096 1515 1994 2346 2386 2425 2121 1550 1202  794  520  521
667A Lytt  201412221  787 1324 1725 2099 2328 2392 2056 1606 1142  781  397  455
667A Lytt  201412222  676  924 1608 2068 2248 2530 2341 1953 1407 1044  581  293
667A Lytt  201412231  481  763 1267 1660 2156 2354 2178 1978 1605  947  545  396
667A Lytt  201412232  338  465 1016 1665 2053 2357 2443 2337 1935 1297  966  463
667A Lytt  201412241  304  401  756 1272 1830 2178 2322 2325 1978 1468  931  561
667A Lytt  201412242  315  269  579 1176 1721 2105 2434 2468 2232 1801 1366  717
667A Lytt  201412251  313  349  398  736 1412 1930 2119 2459 2360 1960 1450  999
667A Lytt  201412252  607  173  455  586 1178 1772 2156 2473 2556 2252 1911 1276
667A Lytt  201412261  767  465  321  344  855 1484 1841 2193 2548 2440 1837 1483
667A Lytt  201412262 1070  386  299  466  640 1202 1832 2282 2371 2564 2320 1814
667A Lytt  201412271 1320  848  433  251  560  848 1328 1859 2388 2379 2290 2092
667A Lytt  201412272 1505  947  568  391  505  766 1212 1821 2173 2359 2485 2161
667A Lytt  201412281 1695 1384  784  376  409  526  832 1424 1988 2195 2412 2388
667A Lytt  201412282 1950 1426  982  589  301  443  804 1233 1607 2199 2434 2239
667A Lytt  201412291 2172 1870 1165  677  544  364  451  974 1402 1844 2281 2462
667A Lytt  201412292 2261 1939 1510  985  522  502  451  795 1226 1711 2126 2334
667A Lytt  201412301 2372 2121 1749 1206  767  521  373  550 1040 1540 1918 2400
667A Lytt  201412302 2523 2291 1992 1643 1070  735  626  772  865 1429 1963 2155
667A Lytt  201412311 2531 2522 2039 1685 1203  901  434  476  664 1071 1601 2050
667A Lytt  201412312 2401 2523 2352 2018 1680 1206  835  711  781 1031 1490 1872
