667A Lyttelton          New Zealand         2008 43360S 172430E 0000 3 00000R MM
667A Lytt  200801011 1883 1746 1286  913  826  511  525  840 1158 1539 1743 2029
667A Lytt  200801012 1989 1774 1546 1135  844  754  606  790 1087 1452 1782 1887
667A Lytt  200801021 1984 2123 1591 1268 1113  743  538  742  947 1261 1534 1954
667A Lytt  200801022 2064 1944 1884 1525 1166  984  785  793  976 1267 1656 1778
667A Lytt  200801031 2048 2126 1919 1636 1406 1149  742  779  858 1111 1392 1799
667A Lytt  200801032 1940 2016 2018 1819 1470 1153  982  808  697 1051 1250 1528
667A Lytt  200801041 1838 2042 1856 1711 1493 1179  856  657  706  922 1013 1511
667A Lytt  200801042 1886 1859 2094 1984 1728 1435 1115  865  797  787 1075 1362
667A Lytt  200801051 1614 1867 2021 1947 1775 1463 1033  806  729  764  899 1241
667A Lytt  200801052 1720 1758 2044 2177 1858 1632 1398 1006  774  772  885  983
667A Lytt  200801061 1379 1804 1824 1898 2018 1684 1188 1064  847  652  780 1025
667A Lytt  200801062 1468 1737 1983 2224 2096 1967 1695 1276 1071  802  935  975
667A Lytt  200801071 1156 1633 1979 1912 2158 2006 1542 1320  912  800  518  989
667A Lytt  200801072 1214 1424 1895 2206 2090 2259 1973 1519 1201  981  851  727
667A Lytt  200801081 1012 1415 1669 1821 2125 2153 1745 1444 1219  831  638  708
667A Lytt  200801082  974 1093 1680 2032 2062 2282 2179 1720 1494 1119  829  672
667A Lytt  200801091  776 1087 1451 1718 1979 2240 2012 1782 1443 1105  802  701
667A Lytt  200801092  776  934 1428 1809 1952 2284 2273 1967 1754 1377  932  712
667A Lytt  200801101  746  874 1136 1509 1943 2117 2068 2078 1702 1252  971  690
667A Lytt  200801102  514  687  975 1350 1754 2108 2260 2161 1982 1570 1202  936
667A Lytt  200801111  680  690  803 1151 1616 1918 2058 2063 1855 1572 1121  843
667A Lytt  200801112  650  440  744 1047 1401 1862 2163 2227 2142 1886 1505 1063
667A Lytt  200801121  758  634  612  849 1376 1622 1958 2106 2072 1857 1421 1129
667A Lytt  200801122  688  551  620  741 1086 1689 2012 2093 2217 2197 1729 1238
667A Lytt  200801131  928  643  433  581  941 1347 1648 2010 2234 2103 1905 1573
667A Lytt  200801132 1132  720  663  677  797 1376 1718 2019 2240 2342 2029 1662
667A Lytt  200801141 1336  984  565  483  819 1043 1389 1842 2185 2199 2125 1958
667A Lytt  200801142 1447 1109  664  627  628 1041 1404 1821 2052 2337 2308 1998
667A Lytt  200801151 1705 1308  947  601  629  725 1079 1530 1873 2180 2315 2090
667A Lytt  200801152 1900 1405  996  745  530  675  963 1299 1734 2098 2294 2126
667A Lytt  200801161 2033 1707 1116  896  572  597  798 1123 1509 2051 2269 2401
667A Lytt  200801162 2220 1893 1551 1012  807  673  745 1142 1480 1813 2220 2383
667A Lytt  200801171 2389 2071 1720 1228  923  586  641  877 1173 1713 2168 2373
667A Lytt  200801172 2432 2372 1934 1498 1122  746  597  713  999 1267 1776 2044
667A Lytt  200801181 2247 2227 1862 1467 1167  689  410  483  678 1127 1553 2062
667A Lytt  200801182 2284 2297 2220 1785 1356  995  538  418  525  859 1188 1593
667A Lytt  200801191 2014 2280 2014 1781 1534  891  493  382  308  543 1001 1578
667A Lytt  200801192 1943 2175 2294 2208 1711 1299  879  418  264  529  646 1164
667A Lytt  200801201 1604 1984 2180 2048 1798 1356  862  452  276  247  612 1110
667A Lytt  200801202 1535 2022 2413 2366 2143 1803 1305  783  514  323  496  730
667A Lytt  200801211 1221 1759 2160 2239 2221 1967 1421  972  537  395  382  707
667A Lytt  200801212 1234 1790 2263 2474 2595 2425 1969 1495  947  789  551  682
667A Lytt  200801221  974 1658 2055 2258 2440 2312 2061 1601 1126  745  601  625
667A Lytt  200801222 1007 1449 2061 2378 2692 2777 2459 2010 1412  987  649  574
667A Lytt  200801231  580 1012 1533 2000 2211 2449 2346 1826 1438  890  508  409
667A Lytt  200801232  398  689 1309 1809 2249 2543 2474 2216 1693 1299  830  377
667A Lytt  200801241  353  698  923 1454 1946 2227 2276 2253 1761 1300  853  484
667A Lytt  200801242  310  433  836 1259 1851 2266 2327 2414 2089 1615 1089  659
667A Lytt  200801251  458  299  569  990 1539 1900 2154 2315 2013 1683 1264  797
667A Lytt  200801252  379  389  474  790 1341 1889 2079 2241 2286 1829 1409  978
667A Lytt  200801261  599  346  414  669 1151 1537 1838 2224 2191 1936 1639 1154
667A Lytt  200801262  671  470  408  521  919 1491 1887 1990 2230 2145 1676 1348
667A Lytt  200801271  925  607  409  488  806 1155 1599 1948 2076 2195 1869 1514
667A Lytt  200801272 1107  777  512  456  729 1180 1543 1834 2176 2199 1935 1783
667A Lytt  200801281 1284  867  709  642  633  984 1343 1708 1938 2149 2124 1832
667A Lytt  200801282 1544  951  893  532  640  827 1196 1568 1831 2198 2073 1998
667A Lytt  200801291 1649 1226  990  691  752  768 1123 1422 1700 2029 2189 2027
667A Lytt  200801292 1777 1514 1044  800  724  792  823 1304 1709 1812 1968 2059
667A Lytt  200801301 1711 1430 1195  883  587  712  847 1088 1498 1765 1975 2088
667A Lytt  200801302 1949 1623 1393  980  864  708  780 1094 1328 1568 1796 1985
667A Lytt  200801311 1909 1662 1471 1089  925  615  793  921 1158 1613 1853 2003
667A Lytt  200801312 2053 1925 1696 1289 1072 1002  677  861 1270 1411 1713 1935
667A Lytt  200802011 2014 1938 1632 1389 1033  736  709  700 1054 1305 1680 1902
667A Lytt  200802012 2136 1938 1961 1583 1290 1045  869  740  867 1248 1372 1584
667A Lytt  200802021 1941 1929 1771 1564 1381  907  832  706  712 1033 1434 1643
667A Lytt  200802022 1846 2057 2074 1725 1507 1298  888  714  811  913 1092 1443
667A Lytt  200802031 1724 1847 1965 1784 1483 1169  901  754  613  841 1094 1434
667A Lytt  200802032 1723 1928 2158 1892 1715 1579  962  925  644  715  933 1229
667A Lytt  200802041 1611 1811 1989 1914 1782 1381 1103  786  577  675  925 1083
667A Lytt  200802042 1450 1878 2068 1904 1998 1755 1266  953  777  652  670 1026
667A Lytt  200802051 1309 1623 1820 2118 1831 1620 1423  982  626  600  704  778
667A Lytt  200802052 1154 1680 1897 1997 2154 1936 1532 1189  831  606  519  688
667A Lytt  200802061  948 1339 1714 1856 1933 1842 1513 1201  713  611  496  497
667A Lytt  200802062  889 1266 1705 1917 2102 2149 1782 1407 1060  731  573  446
667A Lytt  200802071  709 1040 1446 1881 2010 1973 1893 1456 1068  724  602  402
667A Lytt  200802072  644  997 1409 1819 2123 2264 2080 1796 1432 1013  689  574
667A Lytt  200802081  599  799 1267 1672 1924 2149 2169 1827 1418 1088  720  490
667A Lytt  200802082  519  727 1071 1618 2034 2311 2437 2118 1843 1217  827  771
667A Lytt  200802091  347  689  904 1490 1722 2062 2248 2134 1877 1464 1099  639
667A Lytt  200802092  550  560  873 1345 1917 2141 2344 2314 2199 1724 1376  913
667A Lytt  200802101  589  628  670 1145 1534 2016 2362 2372 2248 2034 1438 1027
667A Lytt  200802102  769  562  718 1041 1527 1957 2210 2476 2399 2253 1712 1312
667A Lytt  200802111  944  634  619  876 1280 1632 2052 2392 2283 2286 1997 1375
667A Lytt  200802112 1000  752  653  532 1129 1615 1784 2247 2524 2313 2037 1701
667A Lytt  200802121 9999 9999 9999 9999 9999 9999 9999 9999 9999 9999 9999 9999
667A Lytt  200802122 9999 9999 9999 9999 9999 9999 9999 9999 9999 9999 9999 9999
667A Lytt  200802131 9999 9999 9999  677  718  818 1367 1900 2035 2433 2681 2277
667A Lytt  200802132 1836 1548 1159  690  739  897 1109 1619 2099 2231 2430 2485
667A Lytt  200802141 2009 1630 1309  927  652  768 1115 1361 1842 2416 2619 2524
667A Lytt  200802142 2494 2135 1669 1272 1012  997  951 1286 1843 2098 2318 2615
667A Lytt  200802151 2466 2188 1780 1480  979  760  996 1081 1493 2062 2549 2668
667A Lytt  200802152 2651 2579 2182 1663 1341 1030  807  980 1383 1703 2143 2558
667A Lytt  200802161 2648 2455 2268 1892 1427 1049  955  939 1134 1700 2135 2483
667A Lytt  200802162 2742 2750 2571 2051 1702 1292  888  741  956 1196 1568 2023
667A Lytt  200802171 2397 2417 2324 2139 1586 1070  884  573  521  954 1360 1775
667A Lytt  200802172 2158 2529 2500 2200 1944 1487  919  608  611  675  986 1415
667A Lytt  200802181 2021 2173 2365 2384 1987 1447 1104  733  300  585  922 1252
667A Lytt  200802182 1740 2335 2352 2359 2332 1784 1220  792  627  482  484  884
667A Lytt  200802191 1424 1882 2095 2282 2295 1698 1308  848  486  313  443  719
667A Lytt  200802192 1106 1719 2182 2270 2337 2235 1557 1079  756  445  357  573
667A Lytt  200802201  971 1387 1929 2224 2179 2058 1753 1218  706  520  299  400
667A Lytt  200802202  743 1350 1784 2125 2396 2328 1986 1510 1094  616  397  392
667A Lytt  200802211  545  945 9999 9999 9999 9999 9999 9999 9999 9999 9999 9999
667A Lytt  200802212 9999 9999 9999 9999 9999 9999 9999 9999 9999 9999 9999 9999
667A Lytt  200802221 9999 9999 9999 9999 2067 2203 2355 2012 1627 1173  778  490
667A Lytt  200802222  416  707 1105 1525 2079 2314 2383 2245 1960 1419  972  716
667A Lytt  200802231  574  673  907 1559 2016 2110 2391 2455 1893 1640 1206  764
667A Lytt  200802232  552  674  927 1229 1723 2143 2387 2293 2292 1733 1198 1002
667A Lytt  200802241  626  662  720 1145 1581 1922 2346 2454 2218 2050 1724 1131
667A Lytt  200802242  847  754  853 1019 1552 1932 2210 2458 2452 2199 1815 1417
667A Lytt  200802251 1031  822  825 1018 1356 1692 2184 2331 2326 2302 2019 1492
667A Lytt  200802252 1145  975  789  893 1161 1564 1947 2134 2261 2293 2079 1498
667A Lytt  200802261 1388  951  723  884 1051 1302 1679 2133 2146 2170 2293 1732
667A Lytt  200802262 1319 1157  913  718  929 1286 1541 1772 2142 2247 2000 1863
667A Lytt  200802271 1609 1123  890  970  895 1050 1474 1842 1953 2124 2311 1881
667A Lytt  200802272 1606 1486 1032  798  891 1004 1252 1475 1935 2005 2057 2058
667A Lytt  200802281 1628 1455 1010  956  939  781 1234 1571 1673 2002 2271 2033
667A Lytt  200802282 1790 1688 1301  805  972  979  862 1256 1724 1810 1829 2182
667A Lytt  200802291 1799 1465 1295 1140  841  720 1076 1141 1369 1855 2083 1978
667A Lytt  200802292 1970 1898 1517 1119 1053 1010  829 1123 1614 1588 1848 2124
667A Lytt  200803011 2123 1796 1672 1531 1003  880 1150 1102 1121 1818 2112 2025
667A Lytt  200803012 2344 2241 1812 1577 1359 1173  854 1056 1434 1510 1720 2244
667A Lytt  200803021 2190 1847 1856 1671 1232 1027 1200  922 1040 1530 1960 1985
667A Lytt  200803022 2189 2435 2063 1788 1606 1214  856  968  973 1198 1452 1726
667A Lytt  200803031 1979 1966 1850 1834 1369 1047  924  620  747 1079 1348 1585
667A Lytt  200803032 1847 2143 1980 1811 1689 1275  847  753  770  796 1081 1526
667A Lytt  200803041 1812 1916 2030 1966 1570 1290  983  832  574  788 1136 1349
667A Lytt  200803042 1783 2000 2121 2053 1824 1581 1092  729  702  691  804 1172
667A Lytt  200803051 1574 1886 1988 2096 1822 1528 1183  852  602  659  820 1179
667A Lytt  200803052 1486 1962 2143 2093 2192 1901 1364  999  858  584  654  952
667A Lytt  200803061 1244 1671 2017 2220 2096 1829 1558 1133  722  634  646  804
667A Lytt  200803062 1132 1676 2053 2168 2308 2231 1743 1258 1002  763  514  726
667A Lytt  200803071 1057 1412 1812 2229 2207 2145 1928 1470  896  753  593  540
667A Lytt  200803072  790 1365 1821 2022 2404 2402 1990 1705 1256  859  610  526
667A Lytt  200803081  786 1030 1574 2137 2249 2308 2351 1893 1335 1004  720  555
667A Lytt  200803082  530 1029 1524 1864 2251 2598 2324 2051 1838 1213  730  634
667A Lytt  200803091  627  615 1198 1833 2152 2185 2587 2271 1725 1334  961  508
667A Lytt  200803092  336  692  885 1395 1990 2250 2314 2327 2039 1562 1006  761
667A Lytt  200803101  598  443  826 1399 1818 2102 2549 2510 2101 1853 1384  861
667A Lytt  200803102  494  598  658 1029 1677 2002 2238 2459 2396 2043 1548 1052
667A Lytt  200803111  686  580  685  808 1433 1894 2304 2610 2490 2361 1874 1406
667A Lytt  200803112  820  681  573  700 1163 1676 1966 2215 2460 2356 1930 1370
667A Lytt  200803121 1026  651  440  652  931 1398 1876 2339 2496 2487 2306 1854
667A Lytt  200803122 1243  936  703  469  770 1207 1586 1912 2353 2463 2191 1858
667A Lytt  200803131 1536  970  610  602  578  927 1441 1889 2195 2488 2512 2208
667A Lytt  200803132 1670 1348  872  558  553  731 1063 1418 1930 2283 2247 2143
667A Lytt  200803141 1860 1360  875  670  472  519  929 1262 1729 2128 2437 2327
667A Lytt  200803142 1993 1655 1273  661  579  589  570  964 1518 1904 2126 2267
667A Lytt  200803151 2162 1723 1337 1073  654  394  746  963 1259 1819 2240 2471
667A Lytt  200803152 2339 2170 1863 1178  870  638  446  663 1089 1515 1832 2218
667A Lytt  200803161 2354 1998 1820 1405  881  524  538  533  652 1317 1786 2091
667A Lytt  200803162 2277 2350 2099 1654 1301  819  562  539  751 1117 1517 1921
667A Lytt  200803171 2326 2178 2096 1861 1393  940  601  499  506  952 1336 1803
667A Lytt  200803172 2115 2319 2405 1977 1599 1241  686  438  493  638 1006 1475
667A Lytt  200803181 1904 2069 2229 2075 1642 1334  871  473  426  609  787 1311
667A Lytt  200803182 1837 2148 2340 2206 2128 1488 1028  789  444  565  865 1098
667A Lytt  200803191 1611 2069 2212 2327 2178 1749 1308  802  709  417  670 1072
667A Lytt  200803192 1491 1983 2240 2394 2286 1935 1478 1010  657  606  569  851
667A Lytt  200803201 1259 1735 2145 2334 2387 2124 1755 1241  853  591  552  732
667A Lytt  200803202 1117 1639 1949 2247 2438 2100 1883 1456  922  757  665  660
667A Lytt  200803211  961 1426 1951 2202 2345 2447 2074 1627 1309  882  587  628
667A Lytt  200803212  896 1133 1585 2284 2304 2336 2153 1815 1302  879  778  555
667A Lytt  200803221  674 1054 1509 1844 2104 2382 2124 1807 1538  967  634  585
667A Lytt  200803222  641  828 1251 1820 2029 2176 2277 1943 1521 1212  859  535
667A Lytt  200803231  608  826 1075 1612 1860 2191 2314 1962 1797 1326  899  688
667A Lytt  200803232  529  685  892 1470 1778 1954 2165 2092 1777 1474 1128  722
667A Lytt  200803241  586  732  858 1308 1668 1993 2183 2179 2013 1670 1190  975
667A Lytt  200803242  699  580  779 1160 1536 1670 2111 2198 1847 1793 1362  979
667A Lytt  200803251  687  737  760 1038 1462 1764 2038 2168 2140 1917 1528 1175
667A Lytt  200803252 1005  737  746  915 1265 1575 1798 2129 1960 1916 1702 1146
667A Lytt  200803261  995  787  661  948 1190 1457 1840 2058 2078 2078 1821 1417
667A Lytt  200803262 1173  902  715  888 1061 1283 1644 1932 1999 2010 1920 1494
667A Lytt  200803271 1203 1023  766  832 1028 1331 1567 1871 2139 2015 1970 1811
667A Lytt  200803272 1407 1126  835  820  933 1079 1354 1722 1872 2002 1998 1736
667A Lytt  200803281 1444 1218  957  851  963 1116 1416 1657 2060 2091 2102 2108
667A Lytt  200803282 1753 1401 1189 1059  885 1012 1261 1543 1779 1977 2153 1952
667A Lytt  200803291 1660 1540 1292  916  972 1067 1260 1434 1855 2093 2102 2128
667A Lytt  200803292 2001 1618 1361 1148  983  894 1011 1401 1486 1799 2166 1936
667A Lytt  200803301 1836 1760 1382 1033  958  904 1013 1163 1528 1889 2021 2177
667A Lytt  200803302 2138 1798 1648 1401 1052  847  839 1158 1253 1596 2048 1977
667A Lytt  200803311 2014 1995 1596 1267 1195  931  893 1067 1313 1547 1908 2168
667A Lytt  200803312 2198 2099 1879 1671 1230  945  886  974 1082 1437 1908 2035
667A Lytt  200804011 2066 2219 1930 1591 1344  986  819  865 1127 1164 1700 2005
667A Lytt  200804012 2322 2131 2150 1948 1440 1173  925  794  894 1141 1501 1816
667A Lytt  200804021 2000 2260 2038 1827 1554 1248  803  695  830  927 1211 1744
667A Lytt  200804022 2053 2053 2167 2071 1628 1244  958  795  566  827 1170 1503
667A Lytt  200804031 1815 2227 2207 1997 1814 1468  994  738  719  669  918 1442
667A Lytt  200804032 1831 2025 2255 2385 1970 1500 1290  869  561  683  965 1096
667A Lytt  200804041 1618 2206 2233 2232 2256 1848 1374  974  820  599  748 1113
667A Lytt  200804042 1557 1906 2256 2432 2239 1970 1612 1129  681  660  744  711
667A Lytt  200804051 1373 1865 2103 2318 2531 2114 1712 1377  886  524  491  748
667A Lytt  200804052 1046 1516 2124 2268 2359 2349 1898 1468  997  686  464  512
667A Lytt  200804061  848 1398 1853 2210 2497 2479 2098 1691 1240  731  421  524
667A Lytt  200804062  641 1001 1661 2091 2192 2412 2263 1812 1300  902  580  287
667A Lytt  200804071  404  795 1353 1880 2262 2452 2388 2072 1594 1071  629  374
667A Lytt  200804072  364  543 1136 1586 1964 2249 2428 2144 1724 1269  821  410
667A Lytt  200804081  282  495  852 1362 1856 2317 2442 2435 2114 1454 1015  680
667A Lytt  200804082  334  245  652 1126 1556 1877 2397 2386 1982 1831 1256  620
667A Lytt  200804091  407  431  394  812 1612 1894 2226 2603 2445 2022 1591 1149
667A Lytt  200804092  595  234  440  621 1025 1525 1891 2294 2269 2097 1656 1142
667A Lytt  200804101  700  414  377  385  967 1490 1860 2258 2653 2330 1987 1692
667A Lytt  200804102 1065  553  496  421  556 1087 1511 1927 2257 2273 2078 1625
667A Lytt  200804111 1149  776  351  300  464  884 1342 1836 2329 2360 2308 2028
667A Lytt  200804112 1570 1046  578  463  350  484 1073 1514 1805 2148 2390 1889
667A Lytt  200804121 1556 1285  737  347  405  593  767 1381 1903 2232 2316 2333
667A Lytt  200804122 2101 1412 1087  727  399  308  696 1033 1374 1973 2280 2127
667A Lytt  200804131 1957 1711 1261  694  516  483  500  918 1421 1849 2199 2392
667A Lytt  200804132 2374 1886 1575 1169  746  379  566  747 1099 1599 2078 2313
667A Lytt  200804141 2177 2226 1786 1249  993  674  516  757 1214 1526 1906 2528
667A Lytt  200804142 2594 2260 2182 1754 1050  764  689  528  783 1192 1796 2097
667A Lytt  200804151 2225 2447 2150 1678 1353  975  542  603  849  962 1522 2058
667A Lytt  200804152 2343 2292 2447 2147 1453 1079  893  600  460 1029 1435 1640
667A Lytt  200804161 2104 2508 2246 2038 1856 1345  770  752  779  699 1131 1725
667A Lytt  200804162 2083 2188 2513 2381 1797 1522 1109  663  484  869  973 1371
667A Lytt  200804171 1838 2275 2300 2224 2228 1713 1195 1011  815  667  973 1449
667A Lytt  200804172 1858 2082 2484 2493 2176 1934 1488  989  748  966  797 1192
667A Lytt  200804181 1728 2136 2376 2466 2466 2151 1611 1339 1003  672  827 1116
667A Lytt  200804182 1418 1819 2254 2458 2274 2139 1824 1273 1050  888  759  972
667A Lytt  200804191 1246 1770 2099 2249 2531 2231 1907 1660 1111  809  812  741
667A Lytt  200804192 1038 1460 1857 2107 2137 2162 1881 1474 1101  827  647  671
667A Lytt  200804201  829 1351 1680 1915 2149 2210 1954 1724 1280  946  662  579
667A Lytt  200804202  819  993 1472 1785 2026 2019 1944 1743 1272  988  811  687
667A Lytt  200804211  671 1119 1509 1833 2078 2309 2220 1971 1721 1284  901  843
667A Lytt  200804212  860  964 1387 1817 2089 2173 2273 2121 1766 1361 1181  855
667A Lytt  200804221  741 1071 1373 1548 1987 2321 2239 2229 2140 1561 1333 1026
667A Lytt  200804222  968  908 1154 1656 1861 2049 2284 2178 1959 1736 1472 1106
667A Lytt  200804231  869 1079 1192 1358 1964 2274 2154 2385 2334 1853 1494 1276
667A Lytt  200804232 1043  809 1030 1315 1550 1692 2131 2195 1968 1991 1544 1271
667A Lytt  200804241  893  904 1053  991 1548 1906 1909 2173 2333 1883 1494 1426
667A Lytt  200804242 1048  622  854 1041 1001 1381 1898 1911 1731 2031 1729 1109
667A Lytt  200804251  871  990  641  659 1256 1426 1442 2036 2133 1773 1716 1499
667A Lytt  200804252 1146  712  748  878  771 1077 1571 1605 1683 2003 1708 1299
667A Lytt  200804261 1079  948  698  522  903 1145 1232 1677 2035 1776 1737 1814
667A Lytt  200804262 1253  914  831  789  574  891 1307 1393 1580 2017 1893 1507
667A Lytt  200804271 1405 1264  804  614  980  946 1161 1616 1968 1942 2013 2135
667A Lytt  200804272 1717 1288 1206  967  683  810 1220 1302 1506 2088 2042 1755
667A Lytt  200804281 1775 1588 1006  856 1003  873  926 1503 1791 1766 2094 2243
667A Lytt  200804282 1897 1548 1495 1148  678  843  992 1125 1393 1931 2072 1962
667A Lytt  200804291 2097 1921 1348 1076 1171  804  849 1339 1528 1705 2096 2552
667A Lytt  200804292 1971 1988 1964 1335  895 1117  878  922 1345 1828 1920 2158
667A Lytt  200804301 2360 2043 1749 1444 1387  897  847 1185 1328 1627 2087 2399
667A Lytt  200804302 2309 2308 2200 1754 1170 1069  829  728 1098 1458 1691 1967
667A Lytt  200805011 2403 2266 2022 1762 1453 1025  697  955  942 1209 1703 2141
667A Lytt  200805012 2171 2377 2345 1929 1395 1206  896  535  749 1167 1435 1811
667A Lytt  200805021 2235 2498 2149 2050 1918 1232  836  796  818  806 1250 1847
667A Lytt  200805022 2155 2383 2548 2491 1945 1594 1097  854  662  983 1209 1616
667A Lytt  200805031 2136 2450 2431 2511 2245 1693 1196  941  615  539  782 1304
667A Lytt  200805032 1703 2016 2347 2378 2012 1723 1238  722  479  446  523  865
667A Lytt  200805041 1421 1979 2156 2329 2327 1804 1332 1050  607  193  424  722
667A Lytt  200805042 1068 1459 2057 2235 2099 2051 1570  899  597  375  222  413
667A Lytt  200805051  949 1560 1906 2240 2540 2267 1827 1433  935  418  294  430
667A Lytt  200805052  641 1060 1784 2079 2208 2348 2073 1434  982  723  254  215
667A Lytt  200805061  577 1069 1489 2055 2512 2435 2381 2084 1360  865  502  416
667A Lytt  200805062  257  688 1270 1773 2038 2453 2330 1968 1583 1099  545  298
667A Lytt  200805071  347  519  995 1650 2167 2429 2567 2549 1956 1392 1002  555
667A Lytt  200805072  295  397  730 1331 1721 2176 2491 2386 2098 1672 1168  594
667A Lytt  200805081  431  463  561 1196 1838 2234 2589 2863 2518 2073 1643 1086
667A Lytt  200805082  601  443  522  831 1352 1834 2290 2424 2454 2199 1697 1176
667A Lytt  200805091  705  444  364  710 1290 1695 2234 2644 2734 2496 2209 1661
667A Lytt  200805092 1092  709  544  529  917 1363 1836 2208 2554 2533 2093 1756
667A Lytt  200805101 1273  818  499  448  867 1251 1719 2327 2643 2545 2595 2141
667A Lytt  200805102 1547 1074  763  462  500  964 1392 1731 2249 2585 2415 2099
667A Lytt  200805111 1800 1274  754  440  631  836 1099 1791 2264 2389 2619 2493
667A Lytt  200805112 2030 1520 1147  790  372  680 1052 1171 1780 2330 2380 2271
667A Lytt  200805121 2144 1782 1049  762  733  439  713 1248 1665 1894 2384 2497
667A Lytt  200805122 2100 1851 1422  953  462  489  599  727 1308 1791 2070 2327
667A Lytt  200805131 2279 1974 1522 1084  932  511  421  949 1195 1461 2037 2415
667A Lytt  200805132 2183 2051 1988 1258  769  730  568  377  919 1415 1707 2007
667A Lytt  200805141 2299 2210 1748 1507 1296  613  486  742  764 1079 1724 2027
667A Lytt  200805142 2055 2318 2047 1629 1183  969  563  361  688 1022 1306 1745
667A Lytt  200805151 2048 2179 1976 1826 1395  922  685  660  400  815 1198 1548
667A Lytt  200805152 1907 2165 2031 1861 1467 1083  614  487  426  581 1044 1391
667A Lytt  200805161 1725 2028 2167 1887 1791 1298  830  750  535  504  777 1320
667A Lytt  200805162 1582 1820 2104 2001 1580 1403  966  528  529  505  687 1055
667A Lytt  200805171 1496 1887 1959 2030 2131 1448 1190  970  612  419  639 1043
667A Lytt  200805172 1274 1610 2003 1998 1795 1800 1207  802  748  606  503  883
667A Lytt  200805181 1280 1642 1833 2153 2201 1863 1527 1298  748  648  647  742
667A Lytt  200805182 1039 1541 1800 1896 2051 1923 1454 1142  872  711  503  736
667A Lytt  200805191 1058 1396 1678 1996 2243 1977 1863 1659  978  862  680  642
667A Lytt  200805192  898 1312 1599 1837 2033 2006 1825 1482 1105  866  715  705
667A Lytt  200805201  792 1198 1596 1764 2188 2188 1942 1850 1387  899  834  779
667A Lytt  200805202  718 1008 1484 1718 1821 2134 1930 1609 1429 1041  770  709
667A Lytt  200805211  713  994 1292 1735 2006 2091 2182 2014 1684 1225  972  898
667A Lytt  200805212  702  885 1203 1542 1692 2096 2015 1891 1791 1236 1082  734
667A Lytt  200805221  746  933 1070 1536 1912 2076 2186 2339 1993 1571 1276 1069
667A Lytt  200805222  892  810 1177 1360 1671 2078 2087 2103 2065 1770 1361 1097
667A Lytt  200805231  995  918  958 1455 1750 1948 2320 2375 2072 1857 1637 1188
667A Lytt  200805232  972  883  999 1042 1500 1725 1974 2123 1971 1854 1459 1247
667A Lytt  200805241  819  882  817  993 1544 1518 2050 2146 2052 1876 1752 1360
667A Lytt  200805242 1015  780  888  907 1074 1510 1657 1874 2157 1853 1658 1376
667A Lytt  200805251  987  793  673  816 1063 1348 1683 1931 2072 1996 1815 1632
667A Lytt  200805252 1041  907  675  674  810 1097 1327 1547 1941 1896 1706 1580
667A Lytt  200805261 1178  876  662  678  852  973 1350 1654 1832 1961 1913 1674
667A Lytt  200805262 1375 1028  719  605  498  833 1083 1280 1722 1904 1857 1731
667A Lytt  200805271 1420 1100  821  693  742  726 1187 1460 1656 1992 1985 1920
667A Lytt  200805272 1745 1230 1045  715  507  618  796 1188 1509 1775 1972 1933
667A Lytt  200805281 1653 1450 1001  848  702  593  887 1154 1490 1787 1986 2048
667A Lytt  200805282 1944 1723 1298  901  721  658  702  935 1368 1683 1985 2126
667A Lytt  200805291 2054 1740 1471 1140  792  703  740  899 1299 1584 1881 2144
667A Lytt  200805292 2166 1925 1684 1288  869  654  533  715  938 1430 1856 2019
667A Lytt  200805301 2098 2159 1696 1389 1156  692  496  738  892 1169 1610 2035
667A Lytt  200805302 2094 2157 1987 1500 1182  827  462  481  761 1089 1464 1934
667A Lytt  200805311 2216 2290 2138 1776 1664  945  726  661  614  831 1323 1801
667A Lytt  200805312 1964 2297 2272 1914 1482 1215  647  407  645  686 1107 1661
667A Lytt  200806011 1984 2282 2359 2163 1979 1337 1045  672  540  552  928 1374
667A Lytt  200806012 1826 2232 2333 2252 2014 1587  970  655  534  416  710 1201
667A Lytt  200806021 1748 2076 2359 2586 2318 1775 1434  925  467  386  493  813
667A Lytt  200806022 1359 1869 2144 2253 2322 2016 1333  919  703  360  399  770
667A Lytt  200806031 1264 1709 2194 2620 2551 2242 2069 1356  850  533  431  337
667A Lytt  200806032  924 1475 1902 2207 2505 2433 1936 1517 1075  540  313  539
667A Lytt  200806041  700 1195 1900 2337 2567 2627 2483 1869 1312  816  487  193
667A Lytt  200806042  463  888 1254 1801 2269 2371 2276 1961 1477  818  512  264
667A Lytt  200806051  272  630 1149 1749 2278 2555 2618 2505 1915 1403  817  397
667A Lytt  200806052  425  340  770 1417 1842 2224 2466 2331 2054 1445  987  641
667A Lytt  200806061  243  413  707 1280 1812 2410 2599 2773 2546 2062 1446  982
667A Lytt  200806062  694  356  623  980 1448 1993 2373 2436 2590 2062 1651 1189
667A Lytt  200806071  645  554  419  852 1448 1986 2431 2821 2722 2473 2151 1596
667A Lytt  200806072  932  651  537  522  995 1616 1892 2378 2660 2481 2188 1733
667A Lytt  200806081 1106  871  634  630 1117 1397 2014 2393 2739 2558 2296 2003
667A Lytt  200806082 1385 1037  748  521  597 1132 1506 1905 2384 2596 2378 2122
667A Lytt  200806091 1604 1125  697  550  666  931 1264 1911 2281 2483 2505 2355
667A Lytt  200806092 1809 1328  890  573  482  734  935 1459 1988 2135 2403 2203
667A Lytt  200806101 1749 1541  965  539  536  521  826 1221 1737 2035 2081 2308
667A Lytt  200806102 1996 1445 1058  712  315  329  634  788 1289 1741 2051 2083
667A Lytt  200806111 2035 1681 1246  832  687  399  520  928 1191 1587 1946 2055
667A Lytt  200806112 2006 1892 1379 1050  717  402  346  612  964 1345 1823 2120
667A Lytt  200806121 2046 2006 1666 1121  961  637  463  678  976 1171 1528 2067
667A Lytt  200806122 2122 1967 1808 1412  939  723  506  488  757 1105 1567 1840
667A Lytt  200806131 2018 2163 1973 1677 1303  860  837  661  743 1058 1367 1754
667A Lytt  200806132 2002 2203 1955 1817 1386 1091  664  588  757  752 1351 1672
667A Lytt  200806141 1874 2136 2121 1952 1695 1252  898  790  679  741 1075 1485
667A Lytt  200806142 1764 2075 2033 1860 1751 1314  772  756  703  647  996 1438
667A Lytt  200806151 1687 1970 2195 2056 1911 1529 1155  911  722  635  785 1208
667A Lytt  200806152 1432 1755 1905 1944 1798 1498 1105  873  730  432  835 1177
667A Lytt  200806161 1381 1711 2170 2063 2040 1876 1461 1126  826  809  637  959
667A Lytt  200806162 1369 1628 1902 1986 1969 1800 1410 1035  962  566  807  927
667A Lytt  200806171 1155 1600 1932 2079 2152 2063 1704 1346  935  787  573  621
667A Lytt  200806172  996 1358 1549 1778 1983 1829 1601 1241 1030  628  700  672
667A Lytt  200806181  924 1293 1552 1847 2141 2017 1790 1519 1135  740  576  599
667A Lytt  200806182  644 1014 1376 1556 1950 1888 1710 1419 1169  736  614  649
667A Lytt  200806191  637  919 1431 1616 1925 2113 1969 1695 1424 1047  587  589
667A Lytt  200806192  658  833 1087 1486 1723 1855 1852 1669 1355 1033  774  562
667A Lytt  200806201  508  821 1171 1434 1872 2062 1984 2029 1680 1216  930  741
667A Lytt  200806202  723  680  921 1376 1624 1931 2028 1849 1851 1333 1074  982
667A Lytt  200806211  620  791 1104 1353 1825 2115 2223 2276 2088 1747 1246 1112
667A Lytt  200806212  999  847  853 1336 1728 1879 2073 2334 2034 1772 1662 1189
667A Lytt  200806221  873  985  985 1091 1850 1943 2156 2535 2388 2055 1697 1517
667A Lytt  200806222 1086  951  918 1068 1422 1884 2056 2324 2452 2169 2004 1519
667A Lytt  200806231 1270 1158  948 1286 1547 1973 2304 2463 2532 2482 2079 1837
667A Lytt  200806232 1493 1141 1047 1099 1273 1742 1881 2147 2420 2259 2224 1742
667A Lytt  200806241 1269 1212  911 1107 1091 1681 1947 2227 2479 2500 2364 2030
667A Lytt  200806242 1698 1351  985  973 1086 1380 1536 1908 2328 2263 2241 2148
667A Lytt  200806251 1576 1387 1085 1039 1011 1290 1650 1854 2283 2469 2290 2308
667A Lytt  200806252 2009 1364 1177  941  917 1006 1242 1745 2049 2175 2528 2331
667A Lytt  200806261 1901 1818 1245  930  909  983 1239 1540 1938 2126 2353 2424
667A Lytt  200806262 2118 1821 1467 1050  810  879  999 1266 1812 2055 2336 2402
667A Lytt  200806271 2238 1935 1459 1173  890  660 1071 1249 1527 2047 2231 2431
667A Lytt  200806272 2410 2137 1753 1428  927  928  726 1044 1519 1680 2137 2519
667A Lytt  200806281 2452 2186 2063 1461 1198  874  864  908 1209 1688 1942 2338
667A Lytt  200806282 2646 2416 2079 1748 1271  869  669  745  946 1258 1808 2191
667A Lytt  200806291 2343 2468 2179 1746 1421  889  694  565  716  991 1325 1854
667A Lytt  200806292 2071 2377 2115 1797 1447 1034  467  393  533  686 1299 1642
667A Lytt  200806301 2073 2363 2304 2077 1782 1228  758  561  436  459  831 1407
667A Lytt  200806302 1737 2055 2361 2029 1730 1476  612  445  298  344  668 1205
667A Lytt  200807011 1690 2133 2476 2357 2292 1751 1244  797  543  301  451  963
667A Lytt  200807012 1400 1919 2172 2422 2247 1803 1382  915  504  335  475  748
667A Lytt  200807021 1404 1975 2302 2611 2684 2355 1816 1313  974  304  453  620
667A Lytt  200807022  894 1667 2077 2327 2540 2440 1887 1428  929  569  433  374
667A Lytt  200807031  872 1424 1927 2396 2823 2668 2360 1922 1361  743  476  474
667A Lytt  200807032  516 1035 1679 2041 2374 2607 2370 2028 1421  924  615  283
667A Lytt  200807041  495  994 1482 1941 2573 2786 2707 2357 1920 1222  726  476
667A Lytt  200807042  309  631 1149 1799 2132 2558 2627 2415 2101 1440 1029  644
667A Lytt  200807051  142  592 1054 1660 2234 2580 2787 2821 2648 2018 1367  935
667A Lytt  200807052  644  646  823 1387 1868 2341 2548 2745 2515 2047 1476  945
667A Lytt  200807061  584  456  476 1035 1589 2004 2500 2684 2539 2182 1640 1074
667A Lytt  200807062  746  460  422  583 1229 1654 1952 2451 2441 2137 1872 1337
667A Lytt  200807071  788  434  397  449  970 1510 1932 2351 2422 2365 2010 1405
667A Lytt  200807072  981  629  308  278  666 1131 1364 1922 2230 2130 1985 1556
667A Lytt  200807081 1078  572  405  261  434  888 1379 1750 2114 2149 1974 1723
667A Lytt  200807082 1185  733  349  239  263  569  889 1382 1785 1923 2051 1832
667A Lytt  200807091 1266  929  670  215  297  588  843 1151 1759 1948 1764 1952
667A Lytt  200807092 1607  995  696  421  219  334  592  999 1385 1736 1979 2019
667A Lytt  200807101 1575 1406  980  472  519  387  594  867 1469 1605 1699 2019
667A Lytt  200807102 1836 1379 1036  781  392  420  395  883 1127 1534 1887 2058
667A Lytt  200807111 1933 1864 1339 1011  799  642  560  899 1319 1393 1770 2180
667A Lytt  200807112 1980 1855 1685 1012  958  809  510  664 1088 1439 1608 2081
667A Lytt  200807121 2099 2044 1822 1417 1191  872  724  838 1066 1268 1497 2013
667A Lytt  200807122 2079 2023 1934 1573 1163  915  662  623  796 1167 1461 1741
667A Lytt  200807131 2003 2169 1914 1731 1563 1040  855  743  782 1009 1219 1602
667A Lytt  200807132 1860 1929 1984 1818 1300 1178  756  611  716  826 1286 1482
667A Lytt  200807141 1832 2030 2115 1904 1755 1368  870  916  717  731  970 1415
667A Lytt  200807142 1667 1755 2021 1945 1580 1329  962  751  654  650  954 1350
667A Lytt  200807151 1513 1932 2072 1993 1940 1560 1288  922  760  641  671 1166
667A Lytt  200807152 1400 1623 1889 2019 1718 1584 1177  855  689  602  838  881
667A Lytt  200807161 1357 1726 1838 1975 2145 1833 1305 1188  866  495  572  906
667A Lytt  200807162 1087 1452 1716 1926 1833 1756 1453  921  770  634  587  636
667A Lytt  200807171 1099 1502 1730 1884 2154 1911 1659 1416 1075  631  601  807
667A Lytt  200807172  754 1268 1723 1775 1891 2080 1680 1240  997  768  507  604
667A Lytt  200807181  864 1183 1579 1857 2173 2038 1888 1810 1218  795  673  721
667A Lytt  200807182  573  970 1529 1780 1768 2222 2006 1479 1408  961  767  524
667A Lytt  200807191  790 1043 1462 1788 2179 2199 2256 2175 1596 1272  930  743
667A Lytt  200807192  799  891 1323 1681 2003 2207 2175 1998 1794 1345 1014  740
667A Lytt  200807201  836  903 1276 1649 2131 2281 2293 2348 1929 1593 1111  995
667A Lytt  200807202  758  724 1071 1400 1677 1993 2235 2048 2003 1488 1210  847
667A Lytt  200807211  634  682  909 1196 1737 1996 2161 2366 2009 1753 1414  911
667A Lytt  200807212  822  656  723 1104 1535 1807 2107 2250 2166 1907 1648 1132
667A Lytt  200807221  865  737  942 1039 1376 2060 2180 2328 2483 2061 1664 1483
667A Lytt  200807222  927  750  872  948 1219 1759 2015 2245 2405 2148 1974 1449
667A Lytt  200807231 1041  982  617  771 1262 1562 1877 2273 2389 2231 2024 1651
667A Lytt  200807232 1291  910  559  744  859 1215 1644 2064 2283 2309 2309 1643
667A Lytt  200807241 1411 1089  662  629  928 1187 1316 1938 2293 2072 2060 1875
667A Lytt  200807242 1337 1002  696  607  420  851 1177 1540 1896 2110 2180 1815
667A Lytt  200807251 1527 1243  856  429  681  660 1002 1422 1817 1960 2050 2118
667A Lytt  200807252 1607 1229 1140  476  411  607  730 1115 1642 1985 2172 2235
667A Lytt  200807261 1672 1732 1190  710  746  581  726 1076 1601 1723 2128 2383
667A Lytt  200807262 2017 1773 1445 1020  610  661  629  920 1357 1868 2086 2423
667A Lytt  200807271 2365 2039 1738 1284  893  750  652  864 1256 1461 1902 2309
667A Lytt  200807272 2215 2178 1843 1399  922  654  523  626  993 1292 1849 2214
667A Lytt  200807281 2290 2368 2102 1653 1244  798  565  580  665 1103 1366 1866
667A Lytt  200807282 2179 2186 1940 1776 1273  731  495  407  436  772 1371 1784
667A Lytt  200807291 2105 2370 2247 1924 1701 1035  676  456  374  593  824 1412
667A Lytt  200807292 1899 2131 2275 2045 1666 1248  634  392  250  372  907 1246
667A Lytt  200807301 1805 2351 2403 2347 2162 1624 1137  648  564  477  498 1051
667A Lytt  200807302 1615 1975 2377 2609 2113 1914 1374  741  354  265  658  934
667A Lytt  200807311 1485 2055 2341 2362 2754 2183 1634 1374  786  340  357  769
667A Lytt  200807312 1056 1730 2297 2401 2567 2370 1831 1248  998  360  439  533
667A Lytt  200808011  990 1614 2190 2449 2831 2626 2196 1895 1214  723  454  627
667A Lytt  200808012  756 1224 1933 2260 2426 2711 2241 1743 1337  844  421  301
667A Lytt  200808021  710 1058 1604 2228 2603 2744 2600 2283 1663 1101  615  555
667A Lytt  200808022  472  799 1421 1939 2284 2665 2629 2379 1824 1405  864  534
667A Lytt  200808031  577  596 1271 1819 2339 2658 2760 2548 2229 1588 1094  717
667A Lytt  200808032  507  580  903 1395 1911 2323 2534 2485 2153 1715 1268  695
667A Lytt  200808041  500  524  678 1202 1824 2280 2461 2602 2475 1881 1361 1041
667A Lytt  200808042  576  338  622  905 1327 1878 2198 2332 2376 1960 1620 1007
667A Lytt  200808051  673  440  378  689 1282 1710 1978 2451 2367 2054 1671 1308
667A Lytt  200808052  763  452  489  609  861 1427 1826 1985 2240 2231 1806 1396
667A Lytt  200808061  942  753  294  491  862 1158 1609 2084 2200 2069 1968 1521
667A Lytt  200808062 1093  682  543  467  458 1073 1436 1625 2016 2322 2052 1673
667A Lytt  200808071 1450  956  558  602  694  888 1203 1782 2056 1909 2132 2000
667A Lytt  200808072 1280 1147  836  495  562  846 1172 1504 1802 2179 2220 1957
667A Lytt  200808081 1699 1464  941  666  784  823 1008 1472 1805 1933 1964 2199
667A Lytt  200808082 1765 1367 1270  961  530  793  994 1090 1615 2094 2130 2088
667A Lytt  200808091 2097 1716 1225 1014  931  749  769 1236 1451 1552 1935 2114
667A Lytt  200808092 1818 1713 1506 1056  602  859  787  816 1234 1674 2000 1864
667A Lytt  200808101 2160 1976 1476 1391 1058  628  752  948 1052 1333 1565 1901
667A Lytt  200808102 1769 1729 1565 1256  815  761  658  523  969 1385 1580 1798
667A Lytt  200808111 2145 2116 1951 1676 1335 1037  852  810  932 1194 1514 1814
667A Lytt  200808112 2009 2037 1910 1663 1340 1026  810  744  857 1116 1445 1778
667A Lytt  200808121 2041 2151 2079 1789 1709 1178  915 1019  892 1020 1266 1811
667A Lytt  200808122 1868 2062 2228 1876 1545 1403  996  818  894 1002 1347 1617
667A Lytt  200808131 2016 2253 2248 2071 1954 1611 1139  998  915  848 1069 1565
667A Lytt  200808132 1708 2018 2192 2004 1839 1518 1147  915  802  809  984 1368
667A Lytt  200808141 1768 2030 2185 2229 2132 1856 1495 1219 1004  830  904 1274
667A Lytt  200808142 1502 1890 2105 2329 1975 1787 1557 1133  782  865 1017 1050
667A Lytt  200808151 1598 1972 2196 2347 2394 2117 1740 1502 1116  803  892 1153
667A Lytt  200808152 1310 1731 2125 2234 2195 2197 1799 1454 1135  876  815  974
667A Lytt  200808161 1239 1631 2135 2198 2523 2317 1961 1683 1309  963  731  921
667A Lytt  200808162 1044 1350 1974 2144 2053 2241 1971 1521 1200  974  629  655
667A Lytt  200808171 1011 1334 1590 2145 2441 2295 2108 1934 1481  998  661  788
667A Lytt  200808172  714  866 1617 1940 1918 2266 2313 1658 1454 1182  772  539
667A Lytt  200808181  749  975 1235 1877 2183 2218 2385 2228 1687 1291  842  821
667A Lytt  200808182  518  748 1202 1732 1857 2134 2363 2015 1651 1416  988  484
667A Lytt  200808191  567  724  836 1325 1996 2061 2142 2363 1784 1371  930  713
667A Lytt  200808192  395  445  713 1060 1525 1820 2054 2182 1841 1561 1087  687
667A Lytt  200808201  439  395  539  892 1408 1792 1924 2173 2060 1606 1206  854
667A Lytt  200808202  454  231  350  645 1052 1419 1841 2006 1948 1825 1571  749
667A Lytt  200808211  636  506  242  468 1012 1476 1571 2096 2090 1920 1456 1219
667A Lytt  200808212  733  315  369  499  696 1161 1742 1910 2080 2230 1913 1348
667A Lytt  200808221 1075  807  285  419  848 1117 1350 1977 2203 1945 1968 1641
667A Lytt  200808222 1066  692  525  337  346  790 1279 1578 1870 2207 2106 1654
667A Lytt  200808231 1421  934  502  332  543  702  831 1510 1895 1862 1941 2083
667A Lytt  200808232 1381 1065  839  465  203  565  994 1206 1732 2173 2258 2013
667A Lytt  200808241 1912 1516  950  632  597  496  629 1303 1538 1788 2192 2201
667A Lytt  200808242 1921 1537 1255  795  343  469  686  795 1351 1907 2223 2152
667A Lytt  200808251 2256 2026 1434 1119  750  420  515  789 1104 1456 1829 2201
667A Lytt  200808252 2125 1875 1696 1193  695  391  420  553  743 1432 1887 2085
667A Lytt  200808261 2360 2258 1874 1479 1044  717  323  410  776  983 1386 1910
667A Lytt  200808262 2232 2004 1791 1431 1000  597  333  286  485  881 1358 1816
667A Lytt  200808271 2163 2297 2189 1888 1457  988  614  417  434  443  869 1570
667A Lytt  200808272 1902 2007 2223 2021 1400 1007  793  222   58  491  872 1135
667A Lytt  200808281 1828 2327 2210 2237 1991 1342  850  592  354  106  539 1067
667A Lytt  200808282 1391 1825 2331 2089 1828 1574  946  412  289  281  332  803
667A Lytt  200808291 1353 1907 2147 2293 2300 1807 1262  932  413   97  320  462
667A Lytt  200808292  992 1452 1941 2236 2030 1843 1464  820  360  271  136  279
667A Lytt  200808301  819 1403 1737 2118 2355 2063 1574 1164  670  199   91  245
667A Lytt  200808302  397  890 1601 1927 2027 2080 1697 1209  686  358   74    0
667A Lytt  200808311  310  840 1318 1748 2112 2234 1909 1573 1075  363  247   89
667A Lytt  200808312  225  401 1163 1686 1832 2108 2061 1712 1109  763  562  -30
667A Lytt  200809011  173  588  962 1481 1968 2219 2129 1955 1625  989  439  331
667A Lytt  200809012  195  395  786 1381 1731 1936 2181 2055 1469 1263  796  178
667A Lytt  200809021  237  312  588 1138 1601 1943 2167 2105 1816 1428  867  531
667A Lytt  200809022  385  231  498 1009 1478 1647 2156 2217 1824 1780 1189  702
667A Lytt  200809031  441  464  453  736 1390 1681 1942 2204 2073 1650 1346  842
667A Lytt  200809032  580  279  467  664 1096 1359 1914 2211 1960 2095 1605 1007
667A Lytt  200809041  837  490  404  589  975 1327 1641 1971 2106 1803 1604 1180
667A Lytt  200809042  809  547  449  537  808 1171 1580 1951 1913 2199 1935 1346
667A Lytt  200809051 1179  848  465  511  740 1124 1242 1734 2029 1770 1854 1594
667A Lytt  200809052 1084  848  609  581  629  810 1266 1633 1787 2030 2081 1663
667A Lytt  200809061 1380 1118  669  542  706  843  972 1477 1695 1632 1840 1756
667A Lytt  200809062 1280  932  909  490  440  692 1067 1125 1553 1946 1864 1775
667A Lytt  200809071 1602 1296  955  705  631  621  829 1128 1398 1509 1821 1730
667A Lytt  200809072 1533 1302 1078  720  652  629  782 1049 1410 1752 1876 1898
667A Lytt  200809081 1877 1704 1278 1062  879  690  880 1085 1250 1544 1828 1997
667A Lytt  200809082 1873 1690 1538 1174  900  739  877 1065 1177 1715 1912 2053
667A Lytt  200809091 2163 2022 1667 1458 1176  891  918 1046 1135 1416 1802 1901
667A Lytt  200809092 1990 1965 1709 1485 1130  987  753  924 1061 1355 1803 1869
667A Lytt  200809101 2140 2115 1888 1754 1353 1041  887  872  926 1131 1602 1719
667A Lytt  200809102 1954 2124 1953 1660 1417 1087  829  876  869 1108 1456 1765
667A Lytt  200809111 2058 2107 2103 1903 1586 1409  915  793  857  942 1149 1600
667A Lytt  200809112 1855 2031 2057 1885 1666 1190 1026  838  665  885 1230 1447
667A Lytt  200809121 1794 2149 2121 2106 1825 1509 1107  790  665  755  866 1180
667A Lytt  200809122 1695 1811 1905 2129 1790 1297 1101  815  469  639  826 1028
667A Lytt  200809131 1487 1829 2041 2073 1953 1591 1194  944  588  486  577  851
667A Lytt  200809132 1270 1643 1853 2003 1912 1613 1279  903  536  372  593  711
667A Lytt  200809141 1050 1579 1861 1960 2093 1892 1412 1055  718  427  368  581
667A Lytt  200809142  942 1315 1798 2063 1968 1986 1594 1141  790  561  407  497
667A Lytt  200809151  896 1299 1692 2037 2165 2083 1852 1416  959  614  334  391
667A Lytt  200809152  593 1021 1602 1946 2069 2189 2006 1476 1113  751  523  349
667A Lytt  200809161  668 1045 1391 1929 2246 2204 2214 1933 1306  896  613  459
667A Lytt  200809162  479  729 1331 1819 2018 2254 2409 1954 1614 1203  826  433
667A Lytt  200809171  467  804 1076 1618 2010 2254 2378 2177 1847 1304  820  644
667A Lytt  200809172  411  499  855 1547 1907 2158 2486 2374 1987 1716 1220  758
667A Lytt  200809181  463  659  688 1216 1776 2075 2369 2416 2205 1716 1239  956
667A Lytt  200809182  471  391  698 1076 1638 1870 2365 2559 2244 2126 1643  975
667A Lytt  200809191  671  603  430  761 1261 1609 2037 2260 2293 1881 1553 1094
667A Lytt  200809192  590  364  281  571  861 1319 1866 2201 2130 2245 1951 1229
667A Lytt  200809201 1014  577  284  394  822 1132 1467 2057 2214 2045 1927 1559
667A Lytt  200809202  982  614  440  341  482  992 1527 1842 2250 2466 2293 1865
667A Lytt  200809211 1503 1034  531  543  634  742 1161 1649 1973 2058 2130 2119
667A Lytt  200809212 1367 1058  801  417  337  650 1026 1439 1803 2394 2392 2114
667A Lytt  200809221 2018 1438  980  710  461  528  751 1119 1570 1878 2272 2269
667A Lytt  200809222 1837 1671 1114  756  486  385  694 1138 1521 1973 2397 2430
667A Lytt  200809231 2271 2098 1568 1027  741  626  531  935 1282 1625 2113 2305
667A Lytt  200809232 2310 1995 1627 1270  840  556  491  700 1085 1723 1971 2389
667A Lytt  200809241 2542 2210 2065 1443  925  769  374  424  790 1037 1550 2039
667A Lytt  200809242 2210 2120 1930 1708 1066  616  529  287  591 1026 1477 1773
667A Lytt  200809251 2222 2345 2122 1816 1355  896  507  356  370  691 1083 1566
667A Lytt  200809252 1910 2104 2033 1905 1474  938  632  344  406  549 1002 1552
667A Lytt  200809261 1973 2335 2424 2213 1909 1352  911  643  350  546  824 1266
667A Lytt  200809262 1727 2136 2302 2337 1981 1433 1146  779  368  534  722 1157
667A Lytt  200809271 1770 2101 2322 2408 2127 2062 1273  858  695  447  549  927
667A Lytt  200809272 1435 1862 2215 2406 2293 1901 1543  946  528  459  426  593
667A Lytt  200809281 1272 1709 2073 2359 2425 2050 1711 1203  835  463  486  528
667A Lytt  200809282  945 1486 1912 2266 2327 2243 1845 1368  981  604  546  460
667A Lytt  200809291  865 1378 1898 2176 2493 2421 2068 1731 1162  736  596  561
667A Lytt  200809292  701 1146 1728 2095 2370 2464 2244 1935 1409 1193  750  531
667A Lytt  200809301  823 1056 1554 2044 2270 2371 2482 1945 1603 1083  814  642
667A Lytt  200809302  523  896 1226 1771 2082 2340 2327 2098 1797 1341  959  575
667A Lytt  200810011  614  743 1131 1522 2009 2212 2252 2181 1865 1425  912  827
667A Lytt  200810012  495  614 1006 1408 1794 2075 2330 2192 2046 1670 1172  826
667A Lytt  200810021  668  598  834 1131 1539 1868 2145 2104 1880 1669 1179  919
667A Lytt  200810022  622  622  771 1035 1533 1835 2115 2260 2143 1976 1526 1065
667A Lytt  200810031  875  621  734  966 1193 1663 2003 1962 2022 1950 1407 1166
667A Lytt  200810032  850  625  685  906 1289 1537 1999 2212 2143 2232 1940 1450
667A Lytt  200810041 1191  834  850  820 1043 1492 1808 1944 2085 2109 1759 1506
667A Lytt  200810042 1099  932  706  792  934 1308 1578 1832 2093 2118 1922 1560
667A Lytt  200810051 1373  829  755  765  689 1062 1360 1545 1838 1975 1766 1519
667A Lytt  200810052 1284 1041  672  791  779  967 1292 1553 1850 1987 2055 1835
667A Lytt  200810061 1519 1219  996  860  742  930 1248 1490 1678 2073 1999 1862
667A Lytt  200810062 1679 1406  986 1082  961  935 1310 1592 1813 2165 2158 2077
667A Lytt  200810071 2060 1650 1505 1246  877  960 1255 1250 1543 2062 2161 1985
667A Lytt  200810072 2034 1798 1271 1217 1023  965 1011 1395 1676 1893 2168 2120
667A Lytt  200810081 2024 2026 1388 1371 1029  797  992 1148 1388 1645 2043 2102
667A Lytt  200810082 1984 1987 1640 1323 1208  922  883 1101 1419 1593 1985 2203
667A Lytt  200810091 2135 2119 1835 1509 1171  949  856  784 1091 1406 1673 1911
667A Lytt  200810092 2048 1961 1695 1550 1123  854  802  672  993 1323 1538 1908
667A Lytt  200810101 2108 2058 1984 1684 1282  997  800  684  734 1105 1372 1653
667A Lytt  200810102 1909 2011 1822 1585 1380  942  672  624  745  918 1214 1714
667A Lytt  200810111 1883 1981 2088 1773 1413 1073  846  504  362  729  990 1208
667A Lytt  200810112 1715 1924 1897 1764 1598 1086  743  635  428  581  862 1228
667A Lytt  200810121 1680 1875 2035 1987 1676 1339  939  589  406  503  599 1034
667A Lytt  200810122 1436 1762 1948 2055 1747 1358 1050  608  427  406  537  857
667A Lytt  200810131 1427 1737 1922 2153 2003 1607 1228  881  446  341  416  568
667A Lytt  200810132 1058 1635 1873 2028 2073 1780 1348  927  645  377  343  588
667A Lytt  200810141 1001 1465 1790 2132 2138 1952 1584 1121  612  391  295  336
667A Lytt  200810142  693 1321 1730 2036 2209 2229 1816 1326  983  582  392  339
667A Lytt  200810151  694 1107 1600 1975 2245 2171 2035 1665  985  713  428  324
667A Lytt  200810152  452  914 1480 1888 2294 2415 2217 1975 1409 1034  560  390
667A Lytt  200810161  501  745 1181 1794 2084 2274 2302 2040 1640 1014  740  406
667A Lytt  200810162  243  536 1092 1595 1988 2415 2462 2255 1955 1464  907  449
667A Lytt  200810171  466  340  684 1300 1755 2038 2425 2357 1876 1595 1093  556
667A Lytt  200810172  321  389  565 1050 1659 2135 2388 2474 2445 1908 1377  914
667A Lytt  200810181  569  350  436  870 1318 1725 2190 2385 2207 1994 1524  974
667A Lytt  200810182  509  376  338  500 1212 1686 2012 2389 2610 2244 1833 1498
667A Lytt  200810191  883  408  400  428  774 1205 1767 2158 2194 2291 1969 1440
667A Lytt  200810192  991  594  312  328  717 1072 1582 2135 2479 2395 2278 1807
667A Lytt  200810201 1360  834  560  428  504  884 1305 1704 2102 2309 2302 1824
667A Lytt  200810202 1415 1053  535  353  406  620 1012 1531 2048 2248 2346 2230
667A Lytt  200810211 1768 1290  789  532  297  398  916 1229 1595 2138 2309 2086
667A Lytt  200810212 1876 1552  996  602  456  429  692 1060 1799 2056 2254 2487
667A Lytt  200810221 2163 1751 1363  928  483  370  614  777 1219 1738 2076 2205
667A Lytt  200810222 2136 1897 1405  951  635  362  326  670 1108 1522 1965 2276
667A Lytt  200810231 2302 2029 1758 1305  739  473  442  412  756 1275 1698 1919
667A Lytt  200810232 2236 2125 1740 1398  921  673  255  436  758 1095 1569 2033
667A Lytt  200810241 2266 2279 2122 1739 1216  841  583  430  523  933 1425 1798
667A Lytt  200810242 2160 2340 2171 2002 1550 1047  810  464  712  833 1278 1888
667A Lytt  200810251 2187 2393 2471 2202 1722 1370  960  611  521  834 1192 1559
667A Lytt  200810252 1922 2282 2376 2231 2037 1558 1070  851  612  685  932 1421
667A Lytt  200810261 1931 2135 2314 2409 2072 1555 1233  898  389  549  777 1006
667A Lytt  200810262 1545 1988 2244 2131 2180 1766 1153 1002  618  425  530  944
667A Lytt  200810271 1259 1773 2055 2314 2086 1785 1486  935  596  490  476  554
667A Lytt  200810272 1147 1564 1904 2173 2225 2014 1612 1253  872  644  468  628
667A Lytt  200810281 1036 1435 1814 2202 2159 2026 1715 1348  853  694  612  596
667A Lytt  200810282  980 1444 1738 2179 2404 2386 2034 1773 1310  862  664  622
667A Lytt  200810291  727 1265 1626 1866 2237 2253 1948 1810 1228  935  621  602
667A Lytt  200810292  617 1111 1414 1881 2243 2374 2221 2006 1601 1179  906  694
667A Lytt  200810301  699  860 1416 1772 1956 2225 2187 1899 1537 1200  909  544
667A Lytt  200810302  630  816 1145 1525 1943 2244 2074 2170 1901 1327 1115  822
667A Lytt  200810311  565  790  959 1393 1766 1933 2211 1988 1731 1658 1053  752
667A Lytt  200810312  751  744  909 1348 1750 2054 2250 2208 2177 1716 1459 1160
667A Lytt  200811011  819  797  977 1161 1498 1772 2199 2056 1961 1896 1437 1068
667A Lytt  200811012  794  798  786 1177 1523 1832 1950 2298 2176 1865 1795 1225
667A Lytt  200811021  863  849  668  909 1202 1506 1765 1926 1942 1846 1532 1157
667A Lytt  200811022  982  707  674  870 1181 1504 1718 1959 2107 1993 1812 1530
667A Lytt  200811031 1108  964  785  751 1127 1334 1526 1879 2039 2017 1863 1478
667A Lytt  200811032 1243  965  721  833  968 1311 1588 1915 2146 2160 2071 1827
667A Lytt  200811041 1430 1259  979  882 1045 1216 1609 1735 2064 2285 2135 1885
667A Lytt  200811042 1740 1283 1113  959 1119 1259 1555 1802 2128 2190 2234 2273
667A Lytt  200811051 1927 1702 1346 1099 1101 1096 1361 1735 1918 2348 2101 2225
667A Lytt  200811052 2025 1499 1328 1168 1038 1079 1361 1569 2022 2105 2332 2360
667A Lytt  200811061 2013 1873 1447 1118  930  892 1031 1291 1543 1880 2109 2006
667A Lytt  200811062 1973 1656 1375 1084  863  820  918 1095 1435 1817 1959 2222
667A Lytt  200811071 2052 1808 1505 1181  975  585  814  940 1027 1577 1810 1919
667A Lytt  200811072 1930 1810 1528 1120  939  712  551  842 1097 1323 1646 1990
667A Lytt  200811081 2019 1811 1692 1323  960  603  652  491  723 1189 1460 1683
667A Lytt  200811082 1930 1811 1611 1341  994  702  457  494  746  941 1348 1708
667A Lytt  200811091 1904 1943 1798 1452 1207  696  482  482  480  749 1188 1592
667A Lytt  200811092 1845 1934 1927 1702 1221  958  606  403  470  735 1028 1472
667A Lytt  200811101 1792 2025 1974 1828 1543  945  677  472  184  524  867 1200
667A Lytt  200811102 1665 1926 2064 1901 1615 1335  784  487  465  416  705 1210
667A Lytt  200811111 1574 1900 2165 2110 1876 1449 1071  566  327  384  488  910
667A Lytt  200811112 1448 1837 2118 2151 2092 1654 1244  782  525  312  444  789
667A Lytt  200811121 1217 1655 2019 2252 2136 1892 1421  928  581  308  295  539
667A Lytt  200811122 1031 1547 1994 2266 2302 2218 1653 1265  881  386  289  430
667A Lytt  200811131  791 1241 1754 2159 2370 2114 1802 1395  749  486  251  178
667A Lytt  200811132  603 1094 1579 2035 2384 2380 2146 1685 1251  695  416  305
667A Lytt  200811141  340  798 1325 1829 2131 2322 2204 1824 1269  796  401  182
667A Lytt  200811142  263  518 1212 1683 2153 2527 2488 2183 1832 1267  771  399
667A Lytt  200811151  355  414  897 1420 1933 2232 2403 2305 1848 1370  849  476
667A Lytt  200811152  190  324  690 1239 1777 2344 2549 2488 2406 1777 1337  768
667A Lytt  200811161  440  302  426  932 1470 1850 2263 2522 2259 1939 1451  932
667A Lytt  200811162  583  291  526  814 1428 1971 2479 2614 2752 2425 1856 1438
667A Lytt  200811171  889  636  489  655 1158 1665 2027 2509 2609 2524 2111 1542
667A Lytt  200811172 1112  544  458  496  921 1403 1928 2393 2621 2583 2311 1912
667A Lytt  200811181 1354  948  426  459  640 1014 1505 2029 2334 2523 2400 1859
667A Lytt  200811182 1519  979  584  405  563  839 1318 1869 2292 2475 2610 2277
667A Lytt  200811191 1731 1344  865  433  492  673 1009 1441 1914 2288 2376 2306
667A Lytt  200811192 1895 1397  995  602  398  560  822 1252 1849 2166 2410 2430
667A Lytt  200811201 2059 1703 1137  750  539  331  641  921 1377 1938 2163 2301
667A Lytt  200811202 2232 1726 1357  904  562  358  527  820 1271 1758 2137 2350
667A Lytt  200811211 2243 2076 1663 1072  721  519  330  520 1052 1513 1849 2203
667A Lytt  200811212 2359 1979 1800 1411  870  630  488  536  909 1308 1850 2084
667A Lytt  200811221 2234 2308 1898 1444 1196  674  368  512  726  986 1553 1948
667A Lytt  200811222 2093 2196 2092 1737 1224  910  611  414  596  986 1335 1810
667A Lytt  200811231 2147 2250 2121 1867 1554 1011  705  617  551  717 1280 1640
667A Lytt  200811232 2054 2181 2371 2093 1678 1389  933  699  641  823 1048 1587
667A Lytt  200811241 1915 2175 2329 2142 1894 1453 1217  723  651  774 1036 1298
667A Lytt  200811242 1803 2103 2188 2315 2000 1742 1401  982  787  829 1024 1335
667A Lytt  200811251 1593 2083 2196 2200 2207 1695 1353 1010  783  694  832 1117
667A Lytt  200811252 1628 1915 2275 2421 2304 2165 1654 1327 1055  816  751 1064
667A Lytt  200811261 1333 1803 2059 2187 2304 2049 1720 1354  995  777  733  805
667A Lytt  200811262 1228 1546 1937 2226 2283 2175 1964 1509 1106  914  709  739
667A Lytt  200811271 1033 1426 1650 2006 2198 2068 1795 1584 1147  820  708  659
667A Lytt  200811272  935 1171 1701 1936 2211 2254 2019 1773 1387 1028  805  715
667A Lytt  200811281  767 1046 1466 1702 2040 2074 2011 1719 1407 1052  745  674
667A Lytt  200811282  812  969 1404 1764 2003 2251 2165 2041 1664 1268 1030  823
667A Lytt  200811291  686  996 1208 1540 1846 2111 2169 1883 1676 1363  882  723
667A Lytt  200811292  738  755 1086 1547 1887 2116 2241 2178 1912 1536 1230  982
667A Lytt  200811301  740  810 1026 1248 1640 1959 1966 2063 1906 1541 1147  898
667A Lytt  200811302  842  680  919 1240 1627 1898 2086 2166 1986 1789 1424 1034
667A Lytt  200812011  750  706  791 1043 1297 1673 1885 1936 1974 1805 1368 1092
667A Lytt  200812012  958  654  814 1022 1372 1729 1973 2210 2182 2022 1754 1362
667A Lytt  200812021  997  950  743  871 1215 1471 1678 1927 2054 1850 1730 1311
667A Lytt  200812022 1028  756  721  865 1131 1446 1849 2040 2121 2169 1940 1538
667A Lytt  200812031 1248 1026  858  718  992 1326 1566 1777 2062 2076 1770 1636
667A Lytt  200812032 1341  917  852  883  973 1136 1620 1905 2019 2175 2099 1910
667A Lytt  200812041 1496 1309  892  733  822 1062 1297 1657 1889 2107 1991 1869
667A Lytt  200812042 1619 1132 1006  804  796 1026 1330 1581 1929 2128 2119 2042
667A Lytt  200812051 1735 1434 1045  854  780  755 1014 1371 1631 1832 2067 2020
667A Lytt  200812052 1676 1339 1182  762  748  764 1052 1258 1612 2024 2074 2107
667A Lytt  200812061 2011 1651 1284  940  838  665  744 1144 1458 1704 1921 2111
667A Lytt  200812062 1988 1645 1401 1041  784  754  784 1091 1336 1705 2091 2115
667A Lytt  200812071 2118 2039 1599 1160 1001  752  680  882 1171 1599 1821 2167
667A Lytt  200812072 2172 1946 1760 1386 1034  837  686  894 1073 1403 1879 2072
667A Lytt  200812081 2177 2214 1904 1494 1180  942  550  674  979 1223 1608 2090
667A Lytt  200812082 2196 2159 2071 1796 1289  940  799  663  690 1121 1522 1827
667A Lytt  200812091 2123 2353 2178 1768 1608 1145  627  588  718  884 1243 1892
667A Lytt  200812092 2151 2232 2484 2139 1730 1354  965  629  550  856 1102 1544
667A Lytt  200812101 1992 2268 2325 2167 1878 1456  969  548  598  632  800 1427
667A Lytt  200812102 1928 2181 2416 2520 2078 1766 1345  774  566  534  745 1041
667A Lytt  200812111 1603 2054 2254 2483 2333 1864 1429  933  546  383  695  912
667A Lytt  200812112 1473 1959 2473 2546 2564 2291 1804 1293  754  594  461  703
667A Lytt  200812121 1069 1604 2079 2422 2462 2288 1878 1270  822  544  300  503
667A Lytt  200812122  912 1368 1999 2480 2630 2615 2289 1799 1200  716  479  402
667A Lytt  200812131  607 1017 1684 2049 2367 2570 2207 1761 1294  781  334  240
667A Lytt  200812132  485  744 1407 2051 2450 2595 2655 2254 1712 1171  625  369
667A Lytt  200812141  290  593 1034 1616 2091 2356 2452 2197 1779 1239  624  406
667A Lytt  200812142  187  443  792 1533 2000 2495 2686 2597 2311 1649 1147  649
667A Lytt  200812151  375  321  603 1067 1768 2111 2446 2527 2247 1816 1208  773
667A Lytt  200812152  408  220  510  916 1527 2145 2585 2756 2815 2337 1759 1315
667A Lytt  200812161  798  494  529  754 1278 1788 2265 2513 2572 2395 1850 1408
667A Lytt  200812162  810  488  406  621 1081 1656 2234 2647 2736 2689 2413 1800
667A Lytt  200812171 1246  830  580  503  814 1314 1786 2170 2563 2639 2196 1901
667A Lytt  200812172 1410  773  545  443  594 1038 1600 2121 2434 2663 2557 2092
667A Lytt  200812181 1656 1239  725  483  550  875 1252 1649 2153 2467 2329 2214
667A Lytt  200812182 1843 1173  826  583  452  708 1099 1587 2005 2364 2520 2300
667A Lytt  200812191 1963 1728  996  682  650  575  811 1191 1808 2165 2273 2440
667A Lytt  200812192 2263 1624 1323  965  588  623  819 1266 1609 2104 2385 2393
667A Lytt  200812201 2339 2094 1544 1105  774  524  573 1050 1354 1843 2228 2499
667A Lytt  200812202 2464 2213 1862 1384 1002  810  794  990 1270 1674 1982 2286
667A Lytt  200812211 2286 2177 1814 1341 1038  719  531  640 1040 1304 1693 2159
667A Lytt  200812212 2236 2089 2033 1524 1145  928  600  592  779 1236 1484 1800
667A Lytt  200812221 2034 2163 1872 1510 1225  846  528  451  623  908 1196 1713
667A Lytt  200812222 1998 1989 2079 1831 1338 1134  841  564  615  898 1222 1478
667A Lytt  200812231 1853 2093 2036 1796 1557 1194  744  661  551  681 1031 1449
667A Lytt  200812232 1741 2003 2177 2057 1722 1453 1167  741  691  796  929 1263
667A Lytt  200812241 1630 1994 2006 2005 1917 1502 1052  907  649  608  857 1228
667A Lytt  200812242 1567 1860 2129 2157 2027 1777 1370 1053  820  751  835  961
667A Lytt  200812251 1422 1788 1875 2076 2073 1726 1395 1042  786  648  597 1008
667A Lytt  200812252 1216 1555 1954 2045 2097 1948 1620 1256  947  719  688  787
667A Lytt  200812261 1007 1433 1707 1802 1939 1871 1397 1195  891  623  482  677
667A Lytt  200812262  922 1196 1630 1905 2049 2104 1768 1500 1094  936  602  645
667A Lytt  200812271  894 1110 1489 1763 1883 1943 1752 1393 1129  807  500  559
667A Lytt  200812272  814  950 1402 1809 1943 2079 1917 1768 1393 1035  854  623
667A Lytt  200812281  699  976 1268 1658 1904 2020 1960 1778 1459 1109  852  713
667A Lytt  200812282  750  916 1262 1710 1891 2170 2242 2008 1697 1426 1140  755
667A Lytt  200812291  751  905 1127 1451 1805 2078 2084 1996 1752 1407 1101  850
667A Lytt  200812292  720  842 1122 1503 1869 2183 2302 2237 2058 1771 1374 1048
667A Lytt  200812301  938  925 1063 1328 1760 2038 2175 2167 2097 1799 1363 1097
667A Lytt  200812302  970  777  940 1433 1643 1962 2390 2354 2221 2120 1694 1360
667A Lytt  200812311 1012 1063  914 1095 1604 1887 2006 2201 2304 2001 1670 1312
667A Lytt  200812312 1109  790  848 1145 1370 1809 2090 2312 2298 2103 1866 1419
