667A Lyttelton          New Zealand         2000 43360S 172430E 0000 3 00000R MM
667A Lytt  200001011 2073 2323 2033 1583 1343  883  663  533  673 1023 1353 1863
667A Lytt  200001012 2163 2253 2213 1973 1583 1263  803  783  723  953 1373 1723
667A Lytt  200001021 2023 2263 2253 2003 1643 1353  923  643  703  943 1063 1563
667A Lytt  200001022 2043 2173 2313 2323 1943 1593 1233 1023  823  803 1203 1413
667A Lytt  200001031 1833 2203 2283 2213 1973 1693 1193  863  803  853  973 1343
667A Lytt  200001032 1823 2043 2313 2373 2163 1903 1553 1213  833  873  933 1293
667A Lytt  200001041 1473 1953 2173 2193 2333 1923 1533 1243  973  783  803 1026
667A Lytt  200001042 1372 1738 2051 2230 2233 2060 1727 1317  963  727  639  763
667A Lytt  200001051 1153 1553 1793 1993 2083 1933 1603 1193  983  683  523  813
667A Lytt  200001052 1083 1393 1823 2103 2123 2143 1893 1493 1103  783  723  603
667A Lytt  200001061  793 1243 1593 1803 1943 2163 1753 1353 1223  773  453  703
667A Lytt  200001062  813 1013 1513 1873 2043 2143 2063 1663 1473 1013  743  623
667A Lytt  200001071  623  993 1283 1583 1893 2053 1893 1693 1383 1003  703  613
667A Lytt  200001072  623  823 1233 1593 1953 2093 2093 1983 1643 1183  973  683
667A Lytt  200001081  533  743 1073 1343 1763 2053 2063 1873 1683 1253  803  693
667A Lytt  200001082  493  583 1043 1223 1673 2123 2083 1993 1883 1533 1103  673
667A Lytt  200001091  713  563  713 1153 1543 1743 1973 2083 1753 1493 1183  703
667A Lytt  200001092  593  533  703  973 1483 1893 1973 2143 2183 1673 1333 1053
667A Lytt  200001101  693  473  623  863 1183 1603 1883 1943 1953 1793 1363  883
667A Lytt  200001102  693  553  503  743 1113 1543 1783 2053 2123 1913 1643 1203
667A Lytt  200001111  773  553  503  513  813 1263 1513 1783 1893 1853 1483 1153
667A Lytt  200001112  833  403  403  353  733 1183 1383 1823 2033 1853 1723 1403
667A Lytt  200001121  913  673  423  283  503  833 1213 1493 1763 1943 1633 1401
667A Lytt  200001122 1093  633  323  383  463  723 1243 1573 1783 2013 1933 1673
667A Lytt  200001131 1273  973  683  253  393  713  913 1333 1723 1943 1943 1803
667A Lytt  200001132 1503 1053  663  473  463  633  883 1353 1753 1983 2063 2043
667A Lytt  200001141 1713 1323  913  503  443  503  633 1163 1503 1883 1993 2103
667A Lytt  200001142 1873 1413 1063  713  473  603  613 1043 1463 1803 2103 2183
667A Lytt  200001151 1903 1773 1273  853  513  463  463  803 1173 1683 1993 2173
667A Lytt  200001152 2143 1843 1543 1073  763  613  473  763 1093 1593 1913 2153
667A Lytt  200001161 2293 2063 1793 1293  843  683  413  463  943 1353 1703 2137
667A Lytt  200001162 2403 2173 1913 1623 1113  673  553  533  743 1223 1623 1953
667A Lytt  200001171 2323 2383 2063 1793 1333  873  513  453  593  973 1443 1943
667A Lytt  200001172 2333 2403 2413 2053 1593 1143  713  543  443  813 1143 1643
667A Lytt  200001181 2103 2373 2353 2073 1793 1193  693  533  243  553  943 1493
667A Lytt  200001182 1993 2313 2573 2383 2053 1783  983  683  533  403  803 1173
667A Lytt  200001191 1703 2243 2373 2443 2283 1693 1153  763  403  263  593 1050
667A Lytt  200001192 1620 2147 2531 2679 2545 2179 1665 1125  711  506  543  852
667A Lytt  200001201 1367 1903 2223 2503 2683 2253 1813 1293  683  373  353  583
667A Lytt  200001202 1003 1633 2303 2573 2723 2713 2243 1673 1083  723  373  393
667A Lytt  200001211  713 1333 1833 2303 2633 2583 2303 1803 1203  593  393  253
667A Lytt  200001212  563 1033 1723 2213 2713 2913 2623 2223 1633 1123  483  373
667A Lytt  200001221  313  733 1143 1933 2383 2593 2703 2363 1673 1173  723  413
667A Lytt  200001222  143  633 1133 1633 2253 2853 2683 2583 2323 1543 1003  603
667A Lytt  200001231  293  423  693 1303 1913 2343 2533 2603 2133 1723 1143  443
667A Lytt  200001232  303  203  533  983 1693 2293 2623 2773 2603 2133 1553  973
667A Lytt  200001241  523  333  493  723 1333 1943 2343 2533 2573 2313 1713 1183
667A Lytt  200001242  763  413  363  693 1233 1863 2293 2593 2693 2483 1963 1493
667A Lytt  200001251  823  563  323  333  853 1363 1753 2233 2433 2333 2103 1493
667A Lytt  200001252 1003  453  403  263  613 1143 1663 2063 2403 2483 2193 1803
667A Lytt  200001261 1293  823  373  383  413  773 1313 1843 2113 2323 2273 1853
667A Lytt  200001262 1373 1003  473  253  393  753 1063 1603 2063 2253 2253 2023
667A Lytt  200001271 1583 1243  683  383  383  513  853 1353 1733 2063 2233 2108
667A Lytt  200001272 1800 1393  983  663  503  571  854 1235 1618 1956 2153 2253
667A Lytt  200001281 1903 1613 1173  663  473  453  673  953 1363 1783 2063 2223
667A Lytt  200001282 2103 1693 1333 1003  653  563  593  953 1313 1763 2013 2083
667A Lytt  200001291 2233 1923 1503 1173  793  683  583  773 1203 1673 1983 2243
667A Lytt  200001292 2363 2163 1903 1493 1223  933  793  973 1163 1613 1863 2263
667A Lytt  200001301 2323 2353 1973 1703 1343  913  853  793  953 1473 1903 2103
667A Lytt  200001302 2433 2353 2233 1923 1543 1293  843  853 1033 1373 1663 1903
667A Lytt  200001311 2353 2433 2283 2113 1813 1303 1123 1053  993 1303 1733 1983
667A Lytt  200001312 2333 2533 2483 2183 1913 1563 1213 1033  953 1083 1403 1743
667A Lytt  200002011 1943 2243 2183 2203 1803 1523 1063  913  783  903 1183 1483
667A Lytt  200002012 1793 2173 2293 2083 1983 1633 1193  943  803  823  853 1353
667A Lytt  200002021 1673 1853 2113 2163 1883 1683 1343  943  763  793  903 1193
667A Lytt  200002022 1563 1903 2173 2113 2223 1883 1403 1103  913  633  743 1013
667A Lytt  200002031 1193 1703 1963 2073 2023 1763 1453 1033  713  643  633  863
667A Lytt  200002032 1083 1553 1953 2013 2063 2023 1633 1183  893  793  493  713
667A Lytt  200002041  983 1423 1733 2013 2103 1903 1743 1413  813  703  593  543
667A Lytt  200002042  833 1293 1633 1823 2173 2073 1763 1553 1083  743  553  623
667A Lytt  200002051  723 1063 1463 1863 1913 2003 1943 1603 1103  843  673  545
667A Lytt  200002052  623 1013 1433 1813 2013 2323 2143 1813 1453 1123  683  523
667A Lytt  200002061  523  853 1123 1603 2063 1993 2063 1913 1353 1073  843  592
667A Lytt  200002062  523  623 1213 1473 1813 2193 2143 1883 1743 1343  713  713
667A Lytt  200002071  533  583  953 1313 1773 1933 2113 2123 1613 1343 1063  721
667A Lytt  200002072  537  561  822 1243 1672 2012 2213 2210 1996 1633 1203  953
667A Lytt  200002081  593  583  633 1113 1463 1663 2163 2043 1853 1753 1263  833
667A Lytt  200002082  553  493  663  883 1463 1863 2053 2273 2353 1953 1533 1243
667A Lytt  200002091  783  633  583  973 1263 1463 2013 2233 2103 2063 1733 1103
667A Lytt  200002092  883  623  553  543 1133 1533 1763 2113 2193 2023 1723 1413
667A Lytt  200002101  883  563  463  513  823 1133 1543 1943 2053 1963 1933 1493
667A Lytt  200002102  993  683  543  373  653 9999 9999 9999 9999 9999 9999 9999
667A Lytt  200002111 9999 9999 9999 9999 9999 9999 9999 9999 9999 9999 9999 9999
667A Lytt  200002112 9999 9999 9999 9999 9999 9999 9999 9999 9999 9999 9999 9999
667A Lytt  200002121 9999 9999 9999 9999 9999 9999 9999 9999 9999 9999 9999 9999
667A Lytt  200002122 9999 9999 9999 9999 9999 9999 9999 9999 9999 9999 9999 9999
667A Lytt  200002131 9999 1573 1233  863  563  433  743 1093 1323 1833 2223 2423
667A Lytt  200002132 2193 1943 1553 1013  743  663  503  793 1373 1703 1983 2323
667A Lytt  200002141 2303 1953 1523 1283  653  443  403  613  893 1403 1993 2213
667A Lytt  200002142 2243 2213 1863 1313  953  653  333  393  803 1173 1483 1993
667A Lytt  200002151 2223 2033 1923 1553  993  553  373  303  383  963 1533 1903
667A Lytt  200002152 2123 2393 2193 1713 1343  983  453  213  443  643 1113 1553
667A Lytt  200002161 2103 2183 2093 2063 1373  883  613  323   93  553  983 1463
667A Lytt  200002162 1913 2403 2373 2253 1893 1383  873  423  363  363  673 1203
667A Lytt  200002171 1733 2183 2263 2383 2033 1473 1013  683  143  253  743  993
667A Lytt  200002172 1543 2183 2513 2453 2473 2013 1443  853  583  393  373  803
667A Lytt  200002181 1323 1863 2193 2493 2463 1983 1623 1013  453  253  323  533
667A Lytt  200002182 1013 1743 2183 2453 2613 2453 1883 1333  833  433  303  373
667A Lytt  200002191  713 1293 1913 2213 2513 2393 2043 1513  843  443  253  173
667A Lytt  200002192  493 1083 1653 2173 2453 2683 2253 1763 1323  723  363  293
667A Lytt  200002201  353  743 1393 1943 2303 2453 2423 2073 1323 1003  503  163
667A Lytt  200002202  273  673 1133 1783 2323 2623 2543 2273 1863 1223  723  443
667A Lytt  200002211  293  513 1003 1473 2063 2303 2473 2463 1943 1363  893  453
667A Lytt  200002212  213  283  633 1243 1743 2253 2533 2373 2303 1683 1103  623
667A Lytt  200002221  383  363  443  973 1603 1963 2263 2533 2243 1803 1393  830
667A Lytt  200002222  383  193  483  733 1273 1883 2193 2273 2443 2103 1503 1003
667A Lytt  200002231  683  383  243  573 1143 1383 1953 2383 2153 2113 1843 1231
667A Lytt  200002232  653  503  393  353  833 1503 1733 2013 2413 2343 1883 1483
667A Lytt  200002241 1193  573  383  513  783 1043 1583 2053 2153 2213 2203 1709
667A Lytt  200002242 1153  833  573  363  563 1063 1443 1713 2233 2283 2113 1893
667A Lytt  200002251 1413  973  513  573  553  703 1223 1743 1843 2103 2403 1989
667A Lytt  200002252 1443 1263  973  373  553  883 1013 1363 1953 2163 2003 2063
667A Lytt  200002261 1763 1263  943  773  623  643  933 1463 1723 2063 2333 2230
667A Lytt  200002262 1953 1623 1353  843  693  803  913 1133 1723 2093 1933 2153
667A Lytt  200002271 2333 1623 1333 1163  883  673  963 1333 1403 1793 2313 2231
667A Lytt  200002272 1953 1840 1623 1353  843  693  803  913 1133 1723 2093 1933
667A Lytt  200002281 2153 2333 1623 1333 1163  883  673  963 1333 1403 1793 2313
667A Lytt  200002282 2376 2269 2032 1687 1318 1030  873  878 1058 1351 1673 1813
667A Lytt  200002291 2163 2083 1703 1743 1303  793  823  923  783 1173 1663 1893
667A Lytt  200002292 1933 2183 2103 1633 1393 1153  743  563  853 1043 1243 1593
667A Lytt  200003011 1993 2033 1813 1783 1493 1043  803  763  713  893 1303 1633
667A Lytt  200003012 1873 2093 2243 1783 1703 1453  903  653  773  913  963 1443
667A Lytt  200003021 1803 1973 1983 1973 1833 1253 1063  923  523  713 1163 1333
667A Lytt  200003022 1553 2003 2203 1953 1833 1693 1153  753  763  813  623 1143
667A Lytt  200003031 1613 1783 1983 2163 1953 1583 1213  963  673  463  933 1113
667A Lytt  200003032 1333 1873 2173 2143 1983 1903 1523  903  813  823  613  833
667A Lytt  200003041 1403 1683 1793 2213 2213 1743 1563 1233  593  543  713  813
667A Lytt  200003042 1103 1553 2033 2033 2143 2153 1743 1283  923  893  473  703
667A Lytt  200003051 1113 1403 1683 2203 2223 1983 1883 1493  963  743  693  653
667A Lytt  200003052  793 1383 1823 2023 2243 2403 1913 1583 1293  923  583  563
667A Lytt  200003061  903 1033 1543 2073 2163 2123 2103 1833 1253  893  803  533
667A Lytt  200003062  623  963 1513 1813 2143 2393 2203 1843 1583 1173  613  523
667A Lytt  200003071  553  713  963 1703 1963 1953 2213 1943 1413 1053  813  403
667A Lytt  200003072  323  633  973 1383 1883 2153 2133 2023 1843 1393  883  603
667A Lytt  200003081  543  463  713 1333 1633 1963 2213 2103 1763 1433 1053  533
667A Lytt  200003082  303  463  603  903 1563 1953 2143 2083 2053 1743 1173  853
667A Lytt  200003091  513  343  463  913 1333 1643 2053 2243 2003 1773 1453  941
667A Lytt  200003092  513  303  443  533 1173 1643 1953 2033 2253 1983 1553 1143
667A Lytt  200003101  673  433  333  653  963 1323 1893 2263 2133 2093 1913 1347
667A Lytt  200003102  783  573  433  413  703 1303 1603 1873 2213 2263 1963 1463
667A Lytt  200003111 1103  653  333  493  543  913 1453 1923 2103 2283 2243 1786
667A Lytt  200003112 1253  923  603  363  573  893 1193 1693 2153 2223 2263 2003
667A Lytt  200003121 1573 1153  743  553  523  683 1203 1543 2013 2363 2373 2233
667A Lytt  200003122 1913 1483 1013  613  663  683  963 1393 1853 2243 2383 2363
667A Lytt  200003131 2123 1673 1183  833  513  523  813 1203 1653 2063 2423 2422
667A Lytt  200003132 2163 1933 1313  853  663  383  483  853 1303 1723 2063 2263
667A Lytt  200003141 2163 1863 1443 1053  473  343  443  563  993 1583 1993 2269
667A Lytt  200003142 2303 2073 1713 1223  783  453  193  403  823 1143 1603 2153
667A Lytt  200003151 2173 2043 1893 1393  863  513  303  143  513 1053 1483 1964
667A Lytt  200003152 2293 2323 2113 1753 1243  703  383  293  403  773 1263 1693
667A Lytt  200003161 2093 2193 2173 1933 1313  953  583  183  303  593 1053 1580
667A Lytt  200003162 2043 2413 2303 2113 1863 1143  683  413  253  373  763 1253
667A Lytt  200003171 1723 2093 2303 2153 1783 1333  873  323  183  273  463  978
667A Lytt  200003172 1523 2103 2203 2243 2213 1633  973  693  323  223  423  793
667A Lytt  200003181 1303 1873 2253 2323 2203 1933 1393  813  543  253  283  682
667A Lytt  200003182 1253 1783 2343 2513 2543 2173 1773 1223  683  303  393  363
667A Lytt  200003191  953 1553 1923 2433 2433 2333 2013 1333  953  453  273  473
667A Lytt  200003192  693 1253 1873 2303 2473 2373 2123 1643 1003  693  413  433
667A Lytt  200003201  563 1023 1723 2133 2333 2543 2353 1823 1443  703  583  373
667A Lytt  200003202  413  893 1533 2053 2233 2603 2513 2193 1543 1203  823  323
667A Lytt  200003211  533  723 1173 1793 2123 2433 2503 2223 1893 1283  813  433
667A Lytt  200003212  313  473  933 1473 2063 2283 2453 2293 1893 1493 1033  513
667A Lytt  200003221  453  483  753 1253 1763 2143 2423 2283 2183 1613 1023  763
667A Lytt  200003222  363  353  493 1013 1483 1793 2213 2243 2063 1773 1233  813
667A Lytt  200003231  433  333  393  873 1303 1643 2033 2263 2143 1923 1493 1013
667A Lytt  200003232  673  423  333  663 1113 1423 1853 2183 1973 1953 1623  933
667A Lytt  200003241  793  343  313  563  823 1333 1643 1983 2183 1983 1773 1333
667A Lytt  200003242  953  513  453  453  703 1093 1493 1783 2003 2063 1803 1453
667A Lytt  200003251 1083  693  423  603  583 1023 1513 1693 2003 2053 2033 1613
667A Lytt  200003252 1203 1033  533  543  583  823 1163 1623 1783 1983 1933 1673
667A Lytt  200003261 1333  983  713  563  583  793 1173 1303 1863 2003 1943 1973
667A Lytt  200003262 1493 1233  823  613  703  533  823 1413 1473 1783 2093 1863
667A Lytt  200003271 1533 1343 1073  603  573  793  783 1153 1663 1833 1883 2153
667A Lytt  200003272 1823 1473 1263  943  693  673  743 1113 1403 1663 2013 1993
667A Lytt  200003281 1833 1673 1343  973  813  813  753  993 1403 1583 1973 2113
667A Lytt  200003282 2062 1873 1453 1333  963  623  753  923 1123 1523 1923 2033
667A Lytt  200003291 2013 2063 1683 1383 1143  933  873  833 1293 1473 1813 2203
667A Lytt  200003292 2223 2083 1893 1743 1273  883  823  983  853 1293 1783 1883
667A Lytt  200003301 2133 2213 1973 1663 1433 1133  823  793 1063 1193 1513 1963
667A Lytt  200003302 2103 2073 2073 1803 1423 1093  883  743  743 1023 1383 1583
667A Lytt  200003311 1923 2083 2013 1793 1573 1223  853  743  783  933 1263 1683
667A Lytt  200003312 1985 2163 2223 2163 1773 1353 1043  863  653  913 1173 1503
667A Lytt  200004011 1843 2103 2163 2103 1863 1583 1133  893  743  763  953 1433
667A Lytt  200004012 1829 2153 2303 2213 1953 1633 1293  833  743  653  783 1093
667A Lytt  200004021 1583 1843 1963 2253 1993 1573 1373  883  583  563  613  873
667A Lytt  200004022 1312 1743 1983 2153 2103 1833 1343 1013  673  403  603  673
667A Lytt  200004031 1053 1663 1933 2013 2193 1963 1533 1153  763  543  483  673
667A Lytt  200004032 1035 1503 1913 2073 2193 2123 1743 1353  893  643  613  563
667A Lytt  200004041  853 1423 1883 2033 2293 2353 2023 1453 1223  673  493  543
667A Lytt  200004042  771 1213 1673 2013 2263 2343 2113 1813 1193  913  593  473
667A Lytt  200004051  553  903 1493 1913 2063 2383 2283 1813 1503 1093  543  563
667A Lytt  200004052  560  813 1353 1973 2243 2273 2493 2223 1713 1223  933  503
667A Lytt  200004061  483  743 1013 1553 2063 2303 2433 2323 1983 1373  983  663
667A Lytt  200004062  471  523  913 1553 1903 2143 2443 2403 2123 1653 1363  813
667A Lytt  200004071  483  683  743 1223 1813 2133 2383 2453 2433 1963 1253 1033
667A Lytt  200004072  550  273  623  933 1443 1833 2163 2373 2183 1983 1553  903
667A Lytt  200004081  533  463  383  513 1163 1693 2003 2253 2473 2113 1603 1273
667A Lytt  200004082  723  313  263  513  783 1203 1733 2103 2073 2223 1943 1183
667A Lytt  200004091  863  553  273  223  673 1193 1573 1963 2453 2313 1983 1743
667A Lytt  200004092 1165  633  423  413  393  833 1413 1733 2053 2333 2223 1713
667A Lytt  200004101 1303  913  543  263  463  723 1203 1583 2233 2333 2303 2243
667A Lytt  200004102 1744 1193  803  493  313  473  933 1473 1683 2273 2443 2063
667A Lytt  200004111 1853 1493 1023  483  493  513  693 1313 1813 2133 2393 2543
667A Lytt  200004112 2198 1713 1393  773  493  423  593  943 1353 1903 2233 2273
667A Lytt  200004121 2263 1953 1503  953  693  433  503  813 1253 1793 2093 2403
667A Lytt  200004122 2360 2093 1753 1313  753  463  343  603  893 1443 1883 2293
667A Lytt  200004131 2303 2223 1903 1343 1033  593  383  513  843 1253 1743 2293
667A Lytt  200004132 2462 2383 2193 1903 1173  743  523  363  513  913 1503 1853
667A Lytt  200004141 2183 2363 2193 1873 1343  893  473  353  373  723 1143 1733
667A Lytt  200004142 9999 9999 9999 9999 9999 9999 9999 9999 9999 9999 9999 9999
667A Lytt  200004151 9999 9999 9999 9999 9999 9999 9999 9999 9999 9999 9999 9999
667A Lytt  200004152 9999 9999 9999 9999 9999 9999 9999 9999 9999 9999 9999 9999
667A Lytt  200004161 9999 9999 9999 9999 9999 9999 9999 9999 9999 9999 9999 9999
667A Lytt  200004162 9999 9999 9999 9999 9999 9999 9999 9999 9999 9999 9999 9999
667A Lytt  200004171 9999 9999 9999 9999 9999 9999 9999 9999 9999 9999 9999 9999
667A Lytt  200004172 9999 9999 9999 9999 9999 9999 9999 9999 9999 9999 9999 9999
667A Lytt  200004181 9999 9999 9999 9999 9999 9999 9999 9999 9999 9999 9999 9999
667A Lytt  200004182 9999 9999 9999 9999 9999 9999 9999 9999 9999 9999 9999 9999
667A Lytt  200004191  593 1023 1443 1873 2243 2483 2233 2083 1663 1173  763  623
667A Lytt  200004192  653  833 1273 1853 2143 2283 2463 2143 1743 1333 1043  643
667A Lytt  200004201  473  823 1133 1503 2033 2443 2333 2303 2273 1543 1093  993
667A Lytt  200004202  753  603  993 1483 1813 1993 2343 2183 1933 1653 1193  783
667A Lytt  200004211  523  693  793 1163 1663 2023 2193 2313 2243 1763 1343 1043
667A Lytt  200004212  813  423  783 1143 1343 1673 2203 2183 1983 1943 1593 1033
667A Lytt  200004221  723  763  653  863 1433 1743 2023 2253 2283 2013 1603 1413
667A Lytt  200004222  993  613  753  843 1153 1473 1903 2043 2063 2243 1823 1373
667A Lytt  200004231 1103  943  753  783 1243 1563 1783 2293 2333 2173 2043 1773
667A Lytt  200004232 1393  913  873  933  943 1293 1773 1913 2153 2393 2093 1793
667A Lytt  200004241 1503 1233  863  873 1123 1313 1523 2033 2243 2183 2173 2033
667A Lytt  200004242 1613 1163 1033  923  803 1073 1493 1653 1943 2243 2313 1943
667A Lytt  200004251 1783 1603 1033  953 1113 1163 1303 1843 2063 2123 2233 2253
667A Lytt  200004252 1943 1483 1383 1053  773 1013 1243 1313 1853 2143 1993 2123
667A Lytt  200004261 1893 1663 1303  963 1083  963  923 1533 1933 1893 2113 2413
667A Lytt  200004262 2033 1753 1523 1263  843  833  993 1143 1393 1913 2033 2003
667A Lytt  200004271 2033 1853 1493 1223 1083 1013  803 1103 1443 1613 1913 2153
667A Lytt  200004272 2193 1773 1663 1273  933  683  783  823 1053 1413 1743 1893
667A Lytt  200004281 1903 1923 1683 1153 1103  853  543  833 1003 1273 1563 1883
667A Lytt  200004282 1956 1843 1753 1533 1033  703  663  643  723 1123 1533 1713
667A Lytt  200004291 1833 2053 1833 1463 1303  953  523  643  863  853 1333 1823
667A Lytt  200004292 1979 1963 1923 1723 1213  863  703  473  513  753 1173 1493
667A Lytt  200004301 1853 2033 1963 1753 1463 1203  653  563  643  653  993 1493
667A Lytt  200004302 1826 2033 2023 2053 1633 1163  883  543  443  573  893 1343
667A Lytt  200005011 1623 2023 2103 1963 1773 1433  903  643  563  453  613 1213
667A Lytt  200005012 1591 1893 2083 2283 1853 1463 1203  653  433  433  643  893
667A Lytt  200005021 1403 1953 2073 2173 2223 1833 1303  973  683  403  433  893
667A Lytt  200005022 1262 1643 2073 2303 2093 1873 1613  953  553  523  463  553
667A Lytt  200005031  963 1653 2003 2023 2423 2193 1563 1363  883  363  303  573
667A Lytt  200005032  814 1213 1863 2203 2123 2233 1863 1383  873  623  363  383
667A Lytt  200005041  673 1223 1773 2053 2453 2413 2113 1783 1353  773  463  403
667A Lytt  200005042  507  863 1503 2093 2113 2413 2303 1783 1373  953  503  293
667A Lytt  200005051  383  713 1223 1743 2213 2423 2423 2183 1713 1133  713  313
667A Lytt  200005052  305  563  843 1543 2033 2133 2393 2223 1813 1323  943  433
667A Lytt  200005061  263  423  773 1273 1963 2393 2463 2483 2403 1663 1093  813
667A Lytt  200005062  458  333  643 1143 1633 2043 2483 2453 2323 1993 1393  933
667A Lytt  200005071  363  403  443  803 1443 2003 2383 2643 2683 2223 1803 1283
667A Lytt  200005072  828  543  353  783 1093 1573 2143 2383 2353 2403 1943 1293
667A Lytt  200005081  823  523  313  333  933 1343 1863 2323 2513 2353 2063 1653
667A Lytt  200005082 1041  503  323  293  433  923 1533 1843 2233 2433 2193 1663
667A Lytt  200005091 1293  763  363  213  473  803 1233 1773 2343 2373 2433 1993
667A Lytt  200005092 1554 1073  493  433  163  513  953 1423 1783 2283 2393 2033
667A Lytt  200005101 1703 1313  683  313  333  443  633 1243 1853 2043 2223 2433
667A Lytt  200005102 1982 1393 1043  613  183  283  483  833 1323 1903 2163 2193
667A Lytt  200005111 2003 1663 1223  603  503  153  393  753 1283 1733 2083 2403
667A Lytt  200005112 2264 1913 1563 1023  513  323  323  583  863 1503 2013 2233
667A Lytt  200005121 2233 2193 1773 1143  903  503  363  593  903 1373 1843 2273
667A Lytt  200005122 2449 2383 2063 1633 1043  553  523  303  653 1123 1693 2003
667A Lytt  200005131 2283 2473 2133 1733 1343  953  383  513  743  883 1353 1983
667A Lytt  200005132 2254 2323 2323 2093 1363 1023  653  343  473  803 1233 1703
667A Lytt  200005141 2083 2353 2313 2093 1913 1213  713  723  443  543 1013 1513
667A Lytt  200005142 1908 2183 2443 2343 1803 1383 1043  523  403  623  931 1363
667A Lytt  200005151 1800 2176 2393 2343 2203 1703 1143  913  523  483  743 1203
667A Lytt  200005152 1621 1993 2373 2473 2103 1883 1363  813  563  653  713  793
667A Lytt  200005161 1363 1983 2253 2273 2543 2063 1653 1233  903  633  643  943
667A Lytt  200005162 1354 1793 2163 2333 2333 2243 1703 1243  963  593  523  783
667A Lytt  200005171 1073 1503 2053 2183 2413 2323 1883 1653 1133  693  493  673
667A Lytt  200005172  929 1323 1713 2113 2183 2263 1963 1543 1103  803  603  553
667A Lytt  200005181  713 1173 1603 1843 2393 2343 2023 1893 1433  893  643  593
667A Lytt  200005182  669  973 1373 1833 2103 2193 2183 1863 1463 1073  833  593
667A Lytt  200005191  663  913 1383 1683 2193 2313 2283 2213 1803 1303  843  773
667A Lytt  200005192  646  743 1163 1563 1733 2103 2173 1923 1853 1373 1043  763
667A Lytt  200005201  783  723 1083 1513 1943 2163 2323 2263 2053 1643 1173  923
667A Lytt  200005202  702  643 1063 1313 1563 2023 2203 2153 2053 1733 1333 1033
667A Lytt  200005211  743  773  993 1103 1693 1923 2073 2293 2233 1723 1423 1203
667A Lytt  200005212  876  673  743 1003 1243 1693 1933 1893 2153 1853 1473 1253
667A Lytt  200005221  833  733  733  883 1343 1613 1943 2223 2153 2003 1753 1343
667A Lytt  200005222 1035  823  723  833 1143 1373 1783 1983 2053 2033 1873 1413
667A Lytt  200005231 1053  833  823  613 1173 1343 1603 1963 2103 2063 1773 1583
667A Lytt  200005232 1210  863  733  683  743 1133 1453 1683 1923 1963 1963 1623
667A Lytt  200005241 1253 1063  813  673  933 1103 1303 1773 1963 2033 1973 1793
667A Lytt  200005242 1458 1073  853  613  623  793 1163 1333 1713 1963 1873 1803
667A Lytt  200005251 1503 1163  873  753  703  823 1023 1483 1703 1823 1993 1893
667A Lytt  200005252 1674 1363 1023  723  623  663  833 1113 1523 1733 1943 1883
667A Lytt  200005261 1713 1353 1073  783  753  673  783 1183 1453 1663 1903 1983
667A Lytt  200005262 1870 1623 1243  923  573  573  673  733 1223 1583 1783 1923
667A Lytt  200005271 1893 1673 1313  993  843  583  643  993 1173 1493 1823 2063
667A Lytt  200005272 2061 1873 1603 1093  913  673  443  663 1013 1303 1663 2043
667A Lytt  200005281 2083 1963 1723 1283 1043  763  633  823  973 1283 1723 1953
667A Lytt  200005282 2129 2103 1923 1473 1143  893  563  513  813 1093 1493 1813
667A Lytt  200005291 2113 2133 1953 1663 1333  983  713  583  793  993 1363 1803
667A Lytt  200005292 2077 2183 2233 1893 1383 1133  773  373  643  853 1123 1543
667A Lytt  200005301 1873 2123 2333 1913 1783 1213  893  683  573  783  983 1563
667A Lytt  200005302 1920 2153 2443 2293 1923 1653  893  783  633  603 1013 1483
667A Lytt  200005311 1853 2173 2393 2433 2333 1733 1383 1033  743  723  693 1343
667A Lytt  200005312 1819 2243 2483 2563 2353 2203 1373 1193  783  603  633 1163
667A Lytt  200006011 1653 2003 2503 2713 2733 2403 2033 1403 1033  873  563  973
667A Lytt  200006012 1408 1913 2343 2653 2643 2463 2093 1453  993  703  683  753
667A Lytt  200006021 1193 1803 2213 2653 2993 2773 2413 1973 1393  913  543  633
667A Lytt  200006022  899 1383 1923 2323 2563 2683 2263 1913 1453  843  663  493
667A Lytt  200006031  573 1183 1673 2193 2653 2863 2553 2313 1823 1103  643  443
667A Lytt  200006032  481  803 1353 1843 2293 2643 2503 2393 1943 1273  873  483
667A Lytt  200006041  393  623 1233 1713 2343 2773 2823 2783 2353 1693 1203  733
667A Lytt  200006042  555  633  843 1403 1983 2473 2633 2723 2513 1813 1483  913
667A Lytt  200006051  443  433  663 1183 1793 2303 2733 2853 2733 2143 1713 1223
667A Lytt  200006052  750  473  463  673 1383 1883 2113 2563 2753 2103 1853 1313
667A Lytt  200006061  683  423  263  653  953 1633 2293 2523 2623 2583 2073 1553
667A Lytt  200006062 1013  583  283  293  683 1313 1603 2183 2553 2393 2173 1743
667A Lytt  200006071 1193  643  363  333  613  973 1653 2093 2393 2693 2393 1943
667A Lytt  200006072 1486 1023  473  303  443  723 1083 1683 2203 2343 2443 2103
667A Lytt  200006081 1553 1153  653  293  383  493  963 1533 1983 2353 2323 2423
667A Lytt  200006082 1963 1383  953  413  223  393  603 1043 1773 1993 2283 2433
667A Lytt  200006091 1983 1623 1093  703  353  383  663  973 1503 1963 2293 2403
667A Lytt  200006092 2267 1933 1423  853  653  403  433  823 1323 1673 2193 2513
667A Lytt  200006101 2253 2033 1773 1253  753  533  633  823 1163 1773 1973 2443
667A Lytt  200006102 2489 2303 1993 1543 1053  683  613  563  973 1353 1843 2153
667A Lytt  200006111 2353 2433 2073 1603 1353  883  603  503  983 1283 1623 2163
667A Lytt  200006112 2424 2473 2353 1993 1593 1063  753  663  703  973 1603 1933
667A Lytt  200006121 2293 2473 2663 2113 1933 1383  923  843  803 1003 1343 1863
667A Lytt  200006122 2210 2413 2383 2143 1833 1403  843  783  583  643 1223 1683
667A Lytt  200006131 1893 2193 2513 2153 2033 1593 1163  773  683  583  753 1313
667A Lytt  200006132 1693 2003 2053 2223 1793 1553 1013  613  523  363  733 1093
667A Lytt  200006141 1383 1853 2093 2113 2133 1703 1353  863  663  483  503  823
667A Lytt  200006142 1314 1793 1833 2143 2063 1753 1383  863  773  483  573  773
667A Lytt  200006151 1193 1583 1923 2213 2243 1973 1783 1213  843  573  513  503
667A Lytt  200006152  962 1493 1613 1943 2153 1993 1483 1313  963  553  593  793
667A Lytt  200006161  813 1333 1833 1983 2323 2163 2103 1683 1093 1033  563  573
667A Lytt  200006162  774 1153 1493 1793 2123 2093 1793 1713 1213  793  813  643
667A Lytt  200006171  713 1073 1513 1863 2223 2283 2143 1973 1493 1153  763  613
667A Lytt  200006172  643 1103 1183 1763 2013 2143 2063 1953 1683 1093 1043  773
667A Lytt  200006181  683  853 1293 1813 2073 2063 2493 1993 1643 1353  813  953
667A Lytt  200006182  663  643 1303 1523 1863 2153 2323 2083 1963 1583 1283  823
667A Lytt  200006191  633  853  953 1233 1973 1953 2133 2323 1873 1643 1313  833
667A Lytt  200006192  733  593  823 1093 1473 1733 1853 2093 1793 1463 1313  863
667A Lytt  200006201  583  533  773  993 1453 1853 2093 2197 2103 1793 1523 1093
667A Lytt  200006202  743  663  693  803 1073 1583 1613 1903 2033 1653 1603 1133
667A Lytt  200006211  883  663  613  813 1233 1413 1843 2073 1973 1993 1593 1273
667A Lytt  200006212  983  623  643  613  813 1333 1423 1703 2023 1833 1783 1373
667A Lytt  200006221  923  813  533  563  903 1253 1453 1843 2073 1903 1783 1553
667A Lytt  200006222 1153  813  623  483  633 1023 1163 1523 1903 1893 1833 1613
667A Lytt  200006231 1223  933  673  643  713  903 1293 1573 1893 1943 1923 1833
667A Lytt  200006232 1363 1093  883  453  553  733 1043 1273 1743 1963 1913 1913
667A Lytt  200006241 1493 1193  853  683  623  663 1043 1393 1653 1953 2093 1973
667A Lytt  200006242 1733 1513 1133  693  663  713  783 1093 1673 1723 2023 2213
667A Lytt  200006251 1813 1573 1313  893  723  693  883 1093 1503 1823 1983 2063
667A Lytt  200006252 2073 1803 1303 1013  743  563  503  903 1183 1503 1943 2103
667A Lytt  200006261 2033 1773 1483 1143  703  573  693  633 1053 1453 1583 1973
667A Lytt  200006262 2093 1843 1583 1163  783  543  243  493  863 1073 1653 1943
667A Lytt  200006271 1983 2003 1823 1403  953  633  523  413  743 1063 1363 1723
667A Lytt  200006272 2143 2033 1783 1603 1143  653  393  303  473  743 1293 1673
667A Lytt  200006281 1993 2233 2023 1753 1453  963  553  463  473  653 1023 1553
667A Lytt  200006282 1923 2163 2093 1973 1503 1013  623  313  293  523  943 1423
667A Lytt  200006291 1853 2233 2403 2103 1953 1413  933  543  413  473  613 1203
667A Lytt  200006292 1693 2163 2363 2329 2056 1608 1089  641  384  360  585 1039
667A Lytt  200006301 1586 2073 2403 2403 2363 1903 1433  903  593  263  253  763
667A Lytt  200006302 1233 1703 2113 2393 2273 2033 1453 1033  513  153  363  473
667A Lytt  200007011  963 1623 2163 2403 2673 2423 1923 1503  813  403  233  363
667A Lytt  200007012  653 1303 1823 2143 2573 2343 1933 1573  873  403  253  133
667A Lytt  200007021  413 1093 1613 2133 2683 2563 2383 2063 1293  753  303  193
667A Lytt  200007022  193  703 1323 1783 2173 2513 2343 2013 1423  893  433  123
667A Lytt  200007031  173  463  993 1633 2293 2563 2563 2423 1823 1163  583  293
667A Lytt  200007032  -10  163  623 1133 1713 2193 2263 2243 1973 1263  803  293
667A Lytt  200007041   13    0  353  973 1593 2123 2473 2463 2323 1653 1093  633
667A Lytt  200007042  123   73   63  513 1203 1713 2043 2333 2293 1743 1263  773
667A Lytt  200007051  253 -110   83  313 1053 1473 2163 2463 2313 2223 1573 1043
667A Lytt  200007052  543  213   13  173  563 1193 1623 2013 2413 2213 1803 1343
667A Lytt  200007061  733  303   13  133  583  993 1653 2083 2363 2333 2183 1623
667A Lytt  200007062 1033  633  343   13  303  813 1183 1653 2273 2263 2263 1923
667A Lytt  200007071 1303  873  303  293  213  523 1203 1583 2053 2323 2213 2153
667A Lytt  200007072 1573 1043  693  183  243  383  733 1213 1743 2083 2333 2103
667A Lytt  200007081 1763 1283  843  363  213  323  663 1043 1583 2043 2053 2203
667A Lytt  200007082 2063 1433 1003  613  233  213  453  753 1173 1763 2243 2093
667A Lytt  200007091 2023 1913 1223  713  673  293  343  853 1193 1483 1973 2203
667A Lytt  200007092 2103 1923 1413 1083  603  363  433  423  933 1403 1823 2053
667A Lytt  200007101 2243 2063 1703 1313  923  543  523  533  843 1293 1533 2053
667A Lytt  200007102 2156 2043 1923 1383  973  693  373  383  663 1013 1443 1893
667A Lytt  200007111 1993 2243 2093 1663 1363  963  573  563  623  973 1163 1723
667A Lytt  200007112 2022 2153 2083 1803 1403 1013  643  533  503  793 1253 1523
667A Lytt  200007121 1923 2193 2233 2003 1713 1443  853  703  693  633  993 1453
667A Lytt  200007122 1801 2054 2141 2038 1762 1371  982  684  528  576  825 1181
667A Lytt  200007131 1559 1885 2066 2059 1873 1533 1353  893  773  643  773 1113
667A Lytt  200007132 1573 1833 1983 2313 1883 1683 1223  923  683  533  863 1033
667A Lytt  200007141 1433 1873 2113 2133 2323 1973 1563 1253  873  663  613  903
667A Lytt  200007142 1233 1653 1853 2123 2083 1903 1513 1203  803  573  773  723
667A Lytt  200007151 1123 1613 1873 2073 2283 2143 1753 1453 1133  743  453  763
667A Lytt  200007152  913 1303 1683 1983 1963 2153 1713 1473 1043  753  703  553
667A Lytt  200007161  953 1293 1663 1923 2273 2243 2063 1733 1403  893  653  713
667A Lytt  200007162  713 1053 1533 1833 1933 2213 1993 1623 1413  983  753  563
667A Lytt  200007171  823  973 1343 1743 2183 2093 2133 2043 1523 1113  773  683
667A Lytt  200007172  543  863 1143 1503 1793 2083 1893 1893 1583 1093  933  603
667A Lytt  200007181  583  683 1083 1403 1803 2113 2173 2063 1853 1383  943  793
667A Lytt  200007182  563  673  943 1293 1593 1913 1983 2043 1783 1463 1093  853
667A Lytt  200007191  663  573  913 1333 1563 1923 2333 2113 2053 1813 1273  943
667A Lytt  200007192  813  653  793 1053 1433 1813 1993 2133 2083 1643 1543 1123
667A Lytt  200007201  803  703  833 1013 1463 1863 2203 2243 2273 2093 1573 1363
667A Lytt  200007202  953  783  633  963 1303 1583 1913 2123 2223 1963 1723 1363
667A Lytt  200007211 1033  793  673  923 1263 1583 1993 2323 2313 2253 1983 1583
667A Lytt  200007212 1243  913  833  793  973 1473 1803 1943 2273 2323 2063 1663
667A Lytt  200007221 1363 1093  833  753 1123 1383 1683 2103 2353 2273 2143 2123
667A Lytt  200007222 1513 1163 1043  823  883 1303 1423 1853 2193 2333 2393 1923
667A Lytt  200007231 1773 1393  873  923  983 1053 1483 1893 2093 2253 2343 2173
667A Lytt  200007232 1713 1403 1143  703  723  933 1043 1413 1933 2103 2283 2133
667A Lytt  200007241 2003 1573 1153  973  763  823 1133 1523 1773 2083 2273 2293
667A Lytt  200007242 2073 1703 1443  973  743  693  823 1153 1603 2013 2133 2323
667A Lytt  200007251 2313 1763 1563 1183  903  673  783 1183 1413 1733 2173 2373
667A Lytt  200007252 2183 2003 1723 1253  743  723  503  783 1203 1543 1963 2273
667A Lytt  200007261 2283 2123 1863 1413  953  843  583  703 1103 1363 1813 2143
667A Lytt  200007262 2243 2283 1953 1623 1273  823  483  603  863 1203 1743 2153
667A Lytt  200007271 2283 2603 2313 1633 1603 1073  563  533  873  993 1373 2063
667A Lytt  200007272 2321 2393 2383 2143 1653 1193  833  623  563  873 1573 1723
667A Lytt  200007281 2233 2713 2583 2263 2213 1493 1023  723  613  683  933 1623
667A Lytt  200007282 2034 2313 2533 2423 1933 1663 1023  603  513  473  903 1333
667A Lytt  200007291 1793 2353 2603 2513 2423 1863 1343  863  513  343  313  933
667A Lytt  200007292 1430 1883 2263 2513 2303 1953 1493  863  483  263  423  743
667A Lytt  200007301 1323 1963 2323 2653 2793 2333 1963 1393  883  473  223  513
667A Lytt  200007302  942 1493 2003 2393 2553 2403 1943 1443  933  373  343  313
667A Lytt  200007311  733 1313 2033 2223 2663 2703 2373 1823 1273  673  233  283
667A Lytt  200007312  444  883 1633 2083 2323 2633 2343 1973 1293  833  533  -10
667A Lytt  200008011  243  693 1343 1823 2473 2753 2473 2293 1763 1073  403  253
667A Lytt  200008012   94  253  893 1443 1783 2293 2493 2123 1823 1193  623  113
667A Lytt  200008021   43  213  533 1123 1863 2353 2403 2503 2203 1463  873  533
667A Lytt  200008022   86 -110  343  943 1313 1793 2353 2433 2013 1683 1333  423
667A Lytt  200008031  223   73   93  573 1323 1843 2123 2503 2583 1863 1323 1083
667A Lytt  200008032  440  -40  233  523  683 1463 2093 2153 2313 2363 1773 1003
667A Lytt  200008041  843  413   33  353 1033 1303 1773 2533 2463 2273 2033 1573
667A Lytt  200008042  992  503  373  293  383 1143 1673 1903 2353 2533 2193 1713
667A Lytt  200008051 1223  853  393  193  683  873 1343 1993 2273 2273 2203 2053
667A Lytt  200008052 1496  933  573  463  273  713 1163 1643 1943 2313 2423 2023
667A Lytt  200008061 1723 1283  713  473  493  603  893 1433 1893 2093 2173 2123
667A Lytt  200008062 1758 1283  873  583  273  363  763 1163 1493 1903 2273 2213
667A Lytt  200008071 1933 1663 1163  683  633  463  623 1023 1463 1743 1903 2223
667A Lytt  200008072 1997 1593 1323  833  483  413  433  773 1173 1653 2013 2013
667A Lytt  200008081 2203 1963 1493 1103  863  663  423  823 1183 1353 1723 2083
667A Lytt  200008082 2095 1903 1583 1433  773  593  623  483  913 1353 1783 1923
667A Lytt  200008091 2213 2223 1863 1593 1293  893  633  703  913 1073 1473 2003
667A Lytt  200008092 2177 2163 2073 1643 1233  973  853  533  893 1223 1533 1913
667A Lytt  200008101 2243 2343 2293 1933 1753 1313  963  943  943  993 1383 1793
667A Lytt  200008102 2129 2333 2333 2103 1733 1383 1153  933  763 1063 1573 1593
667A Lytt  200008111 2173 2473 2163 2213 2233 1613 1163 1193  993  823 1263 1733
667A Lytt  200008112 1978 2153 2463 2353 1883 1863 1393  983  883  913 1173 1333
667A Lytt  200008121 1903 2163 2373 2413 2383 1943 1613 1363 1003  863  943 1333
667A Lytt  200008122 1638 1923 2253 2383 2083 1973 1673 1183 1003  873 1003 1113
667A Lytt  200008131 1593 1983 2113 2403 2463 2053 1713 1473 1063  803  833 1093
667A Lytt  200008132 1384 1733 2063 2263 2233 2043 1803 1363  953  893  713  743
667A Lytt  200008141 1223 1563 1903 2053 2373 2183 1813 1513 1213  763  583  683
667A Lytt  200008142  817 1113 1633 1953 1873 1983 1893 1373 1003  903  533  543
667A Lytt  200008151  893 1093 1583 1863 2123 2153 1993 1693 1333  863  563  603
667A Lytt  200008152  627  873 1293 1733 1793 1933 1963 1633 1183  883  703  363
667A Lytt  200008161  403  863 1183 1503 2053 2173 1973 1913 1643 1033  743  643
667A Lytt  200008162  489  543 1073 1533 1643 2013 2173 1793 1553 1423  883  513
667A Lytt  200008171  583  803  963 1333 2003 2063 2173 2373 1933 1413 1263  863
667A Lytt  200008172  684  683  973 1343 1613 2033 2173 2293 1973 1763 1253  883
667A Lytt  200008181  713  713  833 1253 1773 2123 2363 2413 2313 1883 1503 1303
667A Lytt  200008182  863  583  973 1113 1453 1913 2163 2323 2263 2083 1693 1093
667A Lytt  200008191  943  723  663  953 1333 1823 2033 2363 2313 2053 1773 1453
667A Lytt  200008192  967  603  723  863 1083 1553 1943 2153 2183 2273 1873 1343
667A Lytt  200008201 1103  853  533  693 1143 1443 1643 2253 2273 2063 2003 1603
667A Lytt  200008202 1222  893  593  583  773 1233 1613 1813 2193 2373 2133 1723
667A Lytt  200008211 1443 1133  583  693  893 1083 1443 1983 2203 2233 2313 2053
667A Lytt  200008212 1675 1273  923  603  573 1013 1253 1643 2053 2283 2333 2073
667A Lytt  200008221 1833 1363  953  723  693  843  983 1563 1913 2063 2173 2273
667A Lytt  200008222 1881 1383 1193  743  453  633  863 1173 1643 2073 2263 2253
667A Lytt  200008231 2133 1643 1243  873  633  533  703 1073 1433 1803 1993 2303
667A Lytt  200008232 2072 1643 1513  873  493  423  533  713 1143 1683 2093 2093
667A Lytt  200008241 2263 2103 1453 1233  763  493  423  663  923 1263 1783 2113
667A Lytt  200008242 2155 1953 1683 1353  683  443  323  433  613 1353 1643 2013
667A Lytt  200008251 2403 2233 2003 1563 1193  763  343  433  633  883 1283 1913
667A Lytt  200008252 2108 2093 2203 1713 1183  803  503  223  313  883 1323 1593
667A Lytt  200008261 2253 2523 2193 2113 1793 1023  643  603  283  503  983 1453
667A Lytt  200008262 1910 2223 2453 2203 1743 1333  793  423  183  533  843 1293
667A Lytt  200008271 1953 2393 2513 2583 2353 1663 1103  803  363  253  653  993
667A Lytt  200008272 1585 2103 2413 2453 2273 1853 1243  783  443  113  443  853
667A Lytt  200008281 1323 1963 2503 2573 2523 2313 1603 1033  613  273  223  533
667A Lytt  200008282 1024 1573 2143 2433 2523 2283 1823 1173  743  283  163  393
667A Lytt  200008291  773 1373 2113 2363 2653 2643 2083 1643  993  463   93  333
667A Lytt  200008292  518  933 1843 2173 2373 2463 2283 1803 1093  643  233   43
667A Lytt  200008301  273  783 1363 2003 2533 2623 2543 2073 1553  933  403  293
667A Lytt  200008302  243  513 1173 1873 2223 2513 2753 2323 1703 1233  833  283
667A Lytt  200008311  153  543  973 1423 2093 2673 2473 2523 2203 1263  913  533
667A Lytt  200008312  282  303  743 1283 1693 2293 2583 2453 2163 1773 1143  513
667A Lytt  200009011  323  243  473 1033 1633 2083 2423 2563 2413 1903 1293  933
667A Lytt  200009012  490  233  383  873 1313 1803 2293 2493 2513 2123 1703 1133
667A Lytt  200009021  593  393  423  493 1173 1683 1973 2403 2483 2143 1843 1213
667A Lytt  200009022  752  413  343  533  813 1273 1863 2213 2243 2433 2053 1443
667A Lytt  200009031 1083  743  303  413  773 1123 1503 2103 2273 2213 2113 1663
667A Lytt  200009032 1150  693  553  413  513  943 1443 1803 2053 2423 2293 1903
667A Lytt  200009041 1413 1223  633  543  603  923 1113 1713 2173 2083 2253 2123
667A Lytt  200009042 1661 1163  903  563  473  673 1113 1423 1853 2173 2323 2133
667A Lytt  200009051 1793 1583  923  683  653  633  833 1203 1763 1823 1963 2223
667A Lytt  200009052 1878 1413 1113  893  523  503  933 1043 1313 2053 2213 2053
667A Lytt  200009061 2163 1953 1393 1003  913  633  703 1083 1303 1573 1903 2163
667A Lytt  200009062 1997 1663 1583 1143  773  653  743  913 1153 1723 2053 2113
667A Lytt  200009071 2403 2233 1833 1483 1203  983  673 1083 1273 1393 1733 2183
667A Lytt  200009072 2207 2043 2023 1643  993  923  893  813  893 1583 1733 1903
667A Lytt  200009081 2423 2343 1953 1863 1553 1023  833  933 1003 1023 1563 1923
667A Lytt  200009082 2142 2193 2193 1953 1403 1183 1113  833  883 1413 1613 1783
667A Lytt  200009091 2333 2473 2153 2193 1883 1373 1143 1023  913  963 1463 1773
667A Lytt  200009092 2035 2183 2363 2073 1753 1453 1253  893  713 1093 1323 1553
667A Lytt  200009101 2053 2323 2433 2253 2093 1983 1373 1233 1043  933 1233 1613
667A Lytt  200009102 1904 2133 2413 2453 2043 1673 1553 1023  783 1033 1033 1123
667A Lytt  200009111 1823 2163 2033 2393 2183 1753 1393 1213  843  533  913 1013
667A Lytt  200009112 1441 1863 2053 2113 2163 1773 1453 1053  743  743  683  843
667A Lytt  200009121 1333 1803 1983 2213 2263 2013 1623 1303  933  573  703  773
667A Lytt  200009122 1095 1503 1963 2063 2123 2033 1803 1303  873  893  563  713
667A Lytt  200009131  993 1473 1793 2103 2243 2083 1873 1413 1113  593  553  533
667A Lytt  200009132  682 1023 1603 1913 1943 2043 1873 1433 1063  833  473  353
667A Lytt  200009141  703  953 1343 1853 2053 2123 1923 1753 1313  643  673  433
667A Lytt  200009142  504  813 1283 1563 1863 2113 1973 1753 1283 1043  593  403
667A Lytt  200009151  483  633 1123 1573 1693 2123 2183 1843 1603 1143  703  333
667A Lytt  200009152  329  543  763 1373 1693 1923 2063 2053 1603 1233  923  453
667A Lytt  200009161  323  523  883 1093 1643 2103 2133 2053 1933 1443 1013  553
667A Lytt  200009162  378  393  503 1093 1513 1703 2083 2243 1853 1663 1223  813
667A Lytt  200009171  393  473  713  813 1303 1933 1983 2153 2273 1823 1303  953
667A Lytt  200009172  572  353  433  863 1253 1533 2073 2323 2183 2063 1633 1303
667A Lytt  200009181  763  643  513  733 1053 1573 1893 2133 2423 2093 1823 1433
667A Lytt  200009182 1035  743  463  703  973 1293 1763 2213 2353 2303 2153 1653
667A Lytt  200009191 1283  903  663  633  763 1223 1613 1903 2313 2313 2183 1783
667A Lytt  200009192 1354  953  683  643  673  973 1453 1923 2143 2443 2373 2013
667A Lytt  200009201 1673 1243  883  613  673  873 1213 1623 2073 2263 2293 2253
667A Lytt  200009202 9999 9999 9999 9999 9999 9999 9999 9999 9999 9999 9999 9999
667A Lytt  200009211 9999 9999 9999 9999 9999 9999 9999 9999 9999 9999 9999 9999
667A Lytt  200009212 9999 1673 1313  823  463  453  643  953 1333 1923 2223 2263
667A Lytt  200009221 2373 2003 1563 1133  773  483  513  723 1173 1503 2013 2253
667A Lytt  200009222 2269 2043 1753 1343  773  483  523  583  853 1603 1893 2213
667A Lytt  200009231 2553 2393 2103 1693 1163  783  563  573  763 1213 1673 2073
667A Lytt  200009232 2325 2343 2163 1793 1243  783  503  363  603  983 1473 1923
667A Lytt  200009241 2403 2483 2343 2083 1543 1043  623  463  473  583 1163 1673
667A Lytt  200009242 2064 2293 2433 2113 1693 1233  733  343  323  573  903 1413
667A Lytt  200009251 2063 2353 2443 2403 2003 1423  993  543  233  233  663  973
667A Lytt  200009252 1573 2083 2323 2323 2143 1603 1093  643  323  203  443  893
667A Lytt  200009261 1483 1953 2383 2473 2263 1993 1443  803  423  243  283  593
667A Lytt  200009262 1158 1723 2083 2343 2433 2023 1513 1023  443  243  173  393
667A Lytt  200009271  853 1543 2033 2333 2433 2333 1893 1163  823  313  173  113
667A Lytt  200009272  579 1193 1673 2143 2403 2193 1933 1433  743  573  143  103
667A Lytt  200009281  423  963 1523 2053 2333 2373 2243 1693 1123  633  303  153
667A Lytt  200009282  255  643 1303 1833 2223 2463 2363 2003 1463  983  603  303
667A Lytt  200009291  283  623 1293 1743 2143 2523 2553 2193 1713 1163  643  343
667A Lytt  200009292  272  493  863 1503 2063 2273 2483 2453 2023 1563 1063  663
667A Lytt  200009301  403  453  913 1323 1753 2313 2433 2333 2183 1673 1053  693
667A Lytt  200009302  431  373  563 1213 1553 1893 2473 2443 2193 2063 1443  913
667A Lytt  200010011  623  513  483  873 1413 1813 2143 2493 2323 2023 1643 1153
667A Lytt  200010012  801  585  588  864 1293 1719 2094 2366 2423 2230 1854 1403
667A Lytt  200010021 1063  623  513  633 1053 1483 1923 2153 2373 2343 1883 1563
667A Lytt  200010022 1073  833  543  693 1003 1283 1783 2193 2283 2533 2233 1673
667A Lytt  200010031 1483  973  793  663  843 1213 1563 1943 2193 2273 2213 1823
667A Lytt  200010032 1413 1123  793  763  823 1073 1473 1843 2303 2423 2393 2213
667A Lytt  200010041 1853 1343  983  803  723 1143 1453 1463 1963 2323 2263 2013
667A Lytt  200010042 1903 1513 1073 1003  873  863 1143 1563 1883 2183 2333 2113
667A Lytt  200010051 2103 1633 1313 1003  723  883  963 1313 1593 1943 2133 2113
667A Lytt  200010052 1963 1703 1333 1053 1003  653  923 1303 1543 1893 2143 2243
667A Lytt  200010061 2183 1913 1723 1293  973  823  943 1083 1353 1683 2003 1993
667A Lytt  200010062 2033 1953 1493 1313 1003  673  783  903 1273 1543 1943 2163
667A Lytt  200010071 2103 1993 1853 1263  953  803  713  683  973 1323 1533 1863
667A Lytt  200010072 1943 1993 1663 1523 1103  813  763  743  833 1283 1573 1903
667A Lytt  200010081 2023 2083 2053 1663 1333 1053  863  643  833 1143 1403 1723
667A Lytt  200010082 1993 2133 1923 1683 1633 1023  973  803  843  973 1363 1663
667A Lytt  200010091 1973 2183 2183 1943 1673 1283 1003  633  753  933  973 1513
667A Lytt  200010092 1773 1993 2053 2013 1683 1293  943  673  613  653 1043 1423
667A Lytt  200010101 1703 1943 2263 2103 1773 1603 1133  823  573  723  883 1153
667A Lytt  200010102 1693 1933 2063 2213 2023 1583 1323 1003  753  763  973 1233
667A Lytt  200010111 1783 2133 2343 2473 2153 2003 1493 1053  753  683  653  943
667A Lytt  200010112 1453 1943 2113 2283 2433 2153 1483 1333 1033  683  783 1113
667A Lytt  200010121 1533 1693 2433 2453 2493 2433 2013 1563 1123  943  843  963
667A Lytt  200010122 1293 1763 2163 2443 2523 2333 2023 1583 1243  773  723  653
667A Lytt  200010131  893 1403 1853 2163 2223 2343 2013 1533 1083  753  463  393
667A Lytt  200010132  713 1023 1513 1953 2183 2233 2063 1633 1213  853  563  393
667A Lytt  200010141  593  833 1423 1763 2053 2243 2123 1843 1283  983  573  283
667A Lytt  200010142  503  653 1143 1753 2143 2253 2163 2103 1613 1193  783  493
667A Lytt  200010151  403  623 1093 1503 1993 2303 2423 2193 1993 1303 1043  483
667A Lytt  200010152  373  543  633 1343 1933 2163 2323 2423 2113 1543 1213  713
667A Lytt  200010161  433  443  753 1123 1473 2043 2293 2243 2063 1883 1233  813
667A Lytt  200010162  593  383  433 1013 1493 1813 2133 2523 2273 1993 1653  993
667A Lytt  200010171  583  363  453  603 1073 1623 1963 2213 2363 1963 1663 1193
667A Lytt  200010172  773  363  443  583  963 1393 1903 2273 2403 2283 1973 1553
667A Lytt  200010181  953  583  353  343  683 1133 1583 1863 2203 2263 1863 1486
667A Lytt  200010182 1063  543  253  263  433  863 1283 1863 2183 2283 2213 1823
667A Lytt  200010191 1343  873  523  213  353  603 1033 1463 1813 2153 2073 1815
667A Lytt  200010192 1403 1043  473  233  273  433  833 1383 1903 2093 2363 2223
667A Lytt  200010201 1733 1363  883  493  243  283  713  973 1413 1953 2183 2122
667A Lytt  200010202 1813 1493  903  503  313  213  363  853 1393 1813 2193 2313
667A Lytt  200010211 2173 1793 1353  913  323  273  363  573  943 1583 1993 2172
667A Lytt  200010212 2093 1883 1363  963  623  143  173  513  903 1263 1883 2273
667A Lytt  200010221 2263 2103 1883 1333  713  453  253  143  613 1073 1463 1922
667A Lytt  200010222 2203 2073 1813 1503  933  463  233  153  483  923 1433 1913
667A Lytt  200010231 2223 2373 2183 1833 1263  813  473  153  323  703 1113 1642
667A Lytt  200010232 2083 2243 2273 2023 1483 1053  503  313  303  583 1023 1573
667A Lytt  200010241 1973 2383 2323 2253 1853 1213  753  373  223  353  783 1312
667A Lytt  200010242 1823 2183 2323 2353 2043 1493 1013  643  263  333  693  973
667A Lytt  200010251 1643 2083 2313 2543 2143 1723 1223  673  413  283  403  826
667A Lytt  200010252 1343 1853 2153 2383 2293 1933 1393  943  433  253  273  563
667A Lytt  200010261 1023 1673 2033 2203 2473 2023 1533 1093  613  243  273  401
667A Lytt  200010262  763 1403 1913 2153 2303 2303 1833 1293  933  423  353  403
667A Lytt  200010271  643 1223 1843 2103 2353 2383 1973 1533 1013  623  333  282
667A Lytt  200010272  513  983 1553 1973 2243 2483 2123 1773 1403  813  513  303
667A Lytt  200010281  443  843 1293 1763 2183 2253 2213 1923 1413  923  493  311
667A Lytt  200010282  343  663 1103 1573 2053 2333 2253 2153 1773 1243  803  493
667A Lytt  200010291  383  583  873 1443 1883 2033 2313 2163 1763 1333  973  619
667A Lytt  200010292  403  533  883 1273 1723 2203 2293 2273 2203 1603 1213  813
667A Lytt  200010301  543  493  753 1093 1433 1863 2313 2173 2033 1813 1273  902
667A Lytt  200010302  633  533  623 1013 1553 1823 2173 2413 2343 1973 1673 1203
667A Lytt  200010311  823  633  663  863 1243 1653 2023 2163 2243 2123 1673 1312
667A Lytt  200010312 1003  693  643  803 1273 1633 1883 2313 2453 2193 2013 1643
667A Lytt  200011011 1143  853  743  783  923 1283 1703 1923 2033 2273 1883 1570
667A Lytt  200011012 1233  923  663  643 1013 1183 1483 1983 2213 2093 2183 1783
667A Lytt  200011021 1323 1093  743  633  723  953 1273 1583 1843 2083 1933 1708
667A Lytt  200011022 1383 1013  853  523  713  873 1103 1513 1813 1983 2023 1923
667A Lytt  200011031 1493 1263  853  673  553  633  963 1203 1483 1773 1903 1776
667A Lytt  200011032 1493 1203  953  503  603  653  743 1073 1543 1703 1833 2003
667A Lytt  200011041 1683 1393 1083  823  503  423  773  883 1153 1643 1793 1829
667A Lytt  200011042 1673 1473 1133  743  683  583  553  853 1283 1533 1763 2053
667A Lytt  200011051 1873 1663 1443 1083  713  533  703  723 1003 1513 1683 1916
667A Lytt  200011052 1963 1743 1473 1163  993  723  573  933 1123 1363 1833 2073
667A Lytt  200011061 2073 2033 1863 1473 1133  853  763  693  983 1383 1613 1954
667A Lytt  200011062 2163 1983 1943 1563 1283 1023  783  803 1043 1333 1653 2023
667A Lytt  200011071 2273 2263 2123 1933 1513 1033  903  693  803 1093 1423 1777
667A Lytt  200011072 2053 2083 2093 1763 1563 1213  763  763  813  913 1283 1683
667A Lytt  200011081 1983 2103 2163 2053 1583 1183  953  563  533  763 1003 1419
667A Lytt  200011082 1803 2023 2153 1873 1793 1383  763  673  593  543  783 1333
667A Lytt  200011091 1613 1823 2113 2113 1733 1423 1083  453  393  503  533  958
667A Lytt  200011092 1443 1793 1883 1993 1993 1453 1083  773  403  343  473  823
667A Lytt  200011101 1223 1693 1923 2053 1983 1603 1173  733  443  203  303  553
667A Lytt  200011102  983 1423 1783 1983 2063 1803 1323  933  603  253  313  543
667A Lytt  200011111  733 1343 1723 2023 2073 1843 1673 1073  583  423  153  290
667A Lytt  200011112  673 1073 1663 1893 2253 2123 1733 1483  923  473  373  343
667A Lytt  200011121  443 1003 1473 1803 2103 2173 1933 1483 1113  663  273  218
667A Lytt  200011122  403  743 1333 1773 2203 2363 2163 1923 1453  923  623  343
667A Lytt  200011131  333  633 1163 1663 1943 2313 2373 1863 1673 1163  603  344
667A Lytt  200011132  293  453  983 1503 1973 2393 2493 2373 2083 1533 1053  653
667A Lytt  200011141  443  453  823 1323 1833 2153 2493 2323 2153 1803 1123  707
667A Lytt  200011142  453  293  773 1093 1713 2293 2523 2613 2553 2013 1543 1053
667A Lytt  200011151  603  543  463  913 1423 1873 2243 2533 2473 2183 1733 1234
667A Lytt  200011152  823  413  513  683 1323 1743 2133 2613 2693 2493 2023 1583
667A Lytt  200011161  993  653  423  473  893 1403 1873 2223 2513 2493 2063 1606
667A Lytt  200011162 1133  593  353  363  683 1203 1703 2193 2513 2593 2513 2023
667A Lytt  200011171 1563 1083  613  473  563  953 1413 1793 2223 2583 2363 2118
667A Lytt  200011172 1743 1043  663  493  513  883 1283 1823 2323 2633 2653 2533
667A Lytt  200011181 2073 1633 1043  713  573  693  993 1463 1913 2413 2553 2584
667A Lytt  200011182 2383 1673 1413  813  623  603  843 1413 1993 2363 2743 2813
667A Lytt  200011191 2563 2173 1633 1123  893  703  803 1083 1573 2073 2393 2595
667A Lytt  200011192 2523 2163 1793 1173  843  623  593  913 1303 1793 2273 2543
667A Lytt  200011201 2563 2463 1913 1463 1003  573  493  633  913 1483 1973 2332
667A Lytt  200011202 2479 2370 2060 1626 1164  795  607  661  953 1243 1793 2283
667A Lytt  200011211 2413 2493 2223 1803 1333  833  503  453  583  953 1433 1973
667A Lytt  200011212 2333 2373 2403 2033 1613 1043  783  463  613  883 1323 1893
667A Lytt  200011221 2263 2513 2403 2263 1823 1283  843  513  553  703 1093 1613
667A Lytt  200011222 2083 2273 2493 2323 1953 1503 1023  673  473  643  893 1323
667A Lytt  200011231 1823 2263 2453 2333 2213 1713 1083  793  543  323  623 1073
667A Lytt  200011232 1523 1873 2303 2343 2203 1863 1393  953  673  543  563  973
667A Lytt  200011241 1453 1833 2253 2423 2363 1973 1623 1053  693  503  543  733
667A Lytt  200011242 1183 1613 2233 2283 2433 2343 1773 1373  993  643  463  683
667A Lytt  200011251  993 1493 1863 2133 2303 2173 1873 1383  913  693  473  483
667A Lytt  200011252  833 1253 1723 2033 2353 2313 2063 1693 1213  883  543  523
667A Lytt  200011261  673  973 1583 1873 2133 2243 2053 1683 1293  863  643  463
667A Lytt  200011262  593  913 1393 1813 2173 2303 2293 2033 1603 1183  843  653
667A Lytt  200011271  573  913 1263 1613 2013 2253 2213 2043 1703 1213  963  653
667A Lytt  200011272  673  733 1213 1603 2043 2373 2383 2413 2043 1673 1193  963
667A Lytt  200011281  783  793 1143 1383 1803 2133 2283 2233 2093 1713 1283  913
667A Lytt  200011282  873  753  993 1393 1833 2103 2443 2433 2233 2023 1493 1053
667A Lytt  200011291  813  753  713 1073 1503 1733 1943 2183 2033 1823 1333 1063
667A Lytt  200011292  773  503  703  933 1333 1653 2073 2233 2163 2023 1713 1243
667A Lytt  200011301  863  813  573  723 1193 1343 1663 2003 1943 1973 1633 1243
667A Lytt  200011302 1033  583  633  723 1073 1333 1743 2043 2083 2173 1913 1453
667A Lytt  200012011 1143  973  613  693  873 1243 1393 1763 2043 1993 1883 1533
667A Lytt  200012012 1243  873  703  713  833 1183 1493 1943 2043 2153 2123 1783
667A Lytt  200012021 1503 1253  793  743  833 1093 1283 1603 1903 2153 1913 1873
667A Lytt  200012022 1563  983  983  803  683 1023 1343 1543 1913 2193 2153 1953
667A Lytt  200012031 1823 1503  923  833  783  733  933 1343 1643 1813 2003 1903
667A Lytt  200012032 1623 1293 1103  773  603  803  923 1253 1593 1853 2073 2023
667A Lytt  200012041 1903 1583 1243  893  683  593  663  973 1273 1593 1793 1953
667A Lytt  200012042 1803 1563 1213  943  653  633  703  983 1263 1533 1973 1923
667A Lytt  200012051 1883 1843 1423 1043  803  603  513  743 1053 1463 1673 1913
667A Lytt  200012052 2023 1773 1553 1203 1013  653  603  883  993 1383 1783 2073
667A Lytt  200012061 2023 2123 1883 1433 1133  843  663  623  973 1323 1513 1953
667A Lytt  200012062 2153 2033 1923 1673 1263  893  823  793  843 1243 1633 1923
667A Lytt  200012071 2133 2303 2233 1763 1433 1183  763  593  693 1053 1293 1753
667A Lytt  200012072 2093 2103 2163 2003 1583 1163  953  753  623  843 1263 1593
667A Lytt  200012081 1913 2263 2233 2067 1745 1328  918  640  552  672  999 1442
667A Lytt  200012082 1863 2083 2223 2223 1833 1503 1113  703  603  623  783 1183
667A Lytt  200012091 1663 2043 2173 2143 2073 1543 1043  703  493  393  553  973
667A Lytt  200012092 1443 1893 2143 2333 2123 1823 1363  863  583  413  433  713
667A Lytt  200012101 1183 1763 2033 2183 2273 1903 1413 1053  583  343  233  613
667A Lytt  200012102 1062 1588 2038 2333 2343 2223 1873 1283  873  523  303  473
667A Lytt  200012111  763 1363 1773 2163 2343 2263 1963 1263 1023  493  173  363
667A Lytt  200012112  483 1053 1593 2133 2333 2433 2343 1833 1283  773  483  293
667A Lytt  200012121  403  853 1423 1803 2343 2483 2243 2043 1483  923  423  363
667A Lytt  200012122  373  573 1153 1843 2193 2513 2563 2313 1883 1323  733  403
667A Lytt  200012131  293  423  863 1363 1933 2333 2393 2303 1973 1413  843  453
667A Lytt  200012132  173  263  733 1213 1733 2463 2563 2543 2473 1843 1313  743
667A Lytt  200012141  403  373  393  843 1433 1813 2303 2543 2253 1913 1453  863
667A Lytt  200012142  393  263  373  703 1263 1883 2313 2663 2563 2353 1813 1143
667A Lytt  200012151  703  293  213  353  933 1423 1813 2293 2493 2303 1783 1373
667A Lytt  200012152  823  353  113  343  533 1213 1793 2303 2453 2483 2293 1673
667A Lytt  200012161 1023  753  343  153  433 1003 1353 1813 2393 2403 2163 1818
667A Lytt  200012162 1373  623  433  223  183  643 1333 1683 2073 2593 2413 2063
667A Lytt  200012171 1683 1133  543  243  353  373  773 1373 1853 2143 2333 2203
667A Lytt  200012172 1663 1183  793  393   53  443  653 1213 1693 2203 2283 2353
667A Lytt  200012181 2043 1543 1033  573  363  313  393  923 1553 1853 2263 2423
667A Lytt  200012182 2213 1753 1383  953  403  353  553  863 1303 1843 2243 2333
667A Lytt  200012191 2443 2123 1603 1053  713  363  323  623  993 1503 2023 2303
667A Lytt  200012192 2313 2173 1833 1293  923  623  373  643  943 1453 1823 2333
667A Lytt  200012201 2413 2413 2153 1573 1213  793  523  463  723 1263 1693 2033
667A Lytt  200012202 2523 2433 2163 2023 1503 1073  763  713  773 1223 1533 2103
667A Lytt  200012211 2333 2513 2413 2013 1623 1203  733  583  583  873 1283 1763
667A Lytt  200012212 2143 2263 2513 2183 1913 1573 1023  813  823  933 1223 1713
667A Lytt  200012221 2163 2333 2533 2393 2183 1573 1163  843  673  733  903 1453
667A Lytt  200012222 1883 2253 2423 2423 2303 1883 1333 1113  953  703  803 1283
667A Lytt  200012231 1733 1953 2323 2343 2223 1993 1493  973  883  753  593 1133
667A Lytt  200012232 1653 1773 2413 2483 2403 2313 1753 1383 1033  843  663  893
667A Lytt  200012241 1373 1693 2103 2273 2373 2053 1653 1373  783  713  643  733
667A Lytt  200012242 1153 1593 1943 2273 2483 2493 2013 1613 1313  923  623  843
667A Lytt  200012251 1073 1333 1723 2153 2253 2193 2013 1693 1333  883  793  763
667A Lytt  200012252  963 1283 1723 2153 2343 2463 2253 2033 1503 1163  853  653
667A Lytt  200012261  873 1123 1453 1823 2173 2283 2203 1893 1533 1173  823  743
667A Lytt  200012262  803  923 1463 1833 2103 2383 2433 2133 1823 1513 1103  693
667A Lytt  200012271  803 1053 1133 1513 2063 2053 2083 2223 1893 1483 1073  830
667A Lytt  200012272  723  853 1253 1513 1763 2253 2403 2253 2043 1733 1263  913
667A Lytt  200012281  833  853  953 1353 1833 2013 2163 2343 1973 1773 1413 1033
667A Lytt  200012282  843  703  943 1263 1633 1973 2263 2333 2243 2093 1573 1173
667A Lytt  200012291  973  823  823 1013 1563 1703 1953 2153 2053 1893 1613 1283
667A Lytt  200012292  933  713  893 1033 1373 1773 2063 2323 2353 2273 2013 1533
667A Lytt  200012301 1173 1023  713  663 1273 1693 1793 2173 2423 2083 1913 1683
667A Lytt  200012302 1273 1013  823  963 1133 1603 1883 2153 2383 2263 2113 1753
667A Lytt  200012311 1423 1153  873  923  993 1353 1653 1783 2103 2203 2153 1553
667A Lytt  200012312 1503 1053  883  883  953 1293 1603 1923 2253 2333 2303 2143
