667A Lyttelton          New Zealand         2013 43360S 172430E 0000 3 00000R MM
667A Lytt  201301011  924  745  776  945 1374 1753 1989 2163 2299 2135 1684 1268
667A Lytt  201301012 1030  748  779  930 1320 1800 2042 2415 2400 2322 1990 1567
667A Lytt  201301021 1188  926  718  873 1310 1583 1875 2203 2353 2328 2138 1680
667A Lytt  201301022 1446 1034  602  907  993 1714 1783 2415 2535 2420 2455 1941
667A Lytt  201301031 1531 1138 1075  645  964 1383 1546 1892 2218 2221 2109 1848
667A Lytt  201301032 1508  964  816  601  651 1046 1384 1739 2117 2281 2267 1913
667A Lytt  201301041 1632 1339  844  649  763  838 1127 1603 1937 2188 2307 2078
667A Lytt  201301042 1841 1380  900  798  661  653 1060 1468 1791 2034 2323 2110
667A Lytt  201301051 1718 1605 1104  699  702  613  835 1271 1692 1968 2212 2287
667A Lytt  201301052 2083 1770 1220  948  592  646  789 1179 1373 1981 2194 2188
667A Lytt  201301061 2222 1829 1465 1053  727  565  607  878 1309 1752 2118 2352
667A Lytt  201301062 2361 2132 1768 1358  973  720  669  838 1193 1637 2051 2353
667A Lytt  201301071 2392 2464 2029 1545 1187  821  732  683 1145 1522 1978 2348
667A Lytt  201301072 2647 2569 2199 2016 1379 1012  821  770  695 1339 1765 2114
667A Lytt  201301081 2425 2620 2353 1957 1637 1162  785  650  843 1157 1492 2082
667A Lytt  201301082 2436 2493 2565 2274 1811 1454  962  646  709  919 1202 1828
667A Lytt  201301091 2169 2489 2610 2255 2103 1458  934  763  489  676 1047 1527
667A Lytt  201301092 2098 2444 2575 2630 2322 1952 1274  932  574  524  720 1180
667A Lytt  201301101 1593 2154 2314 2413 2307 1942 1289  723  575  342  500  965
667A Lytt  201301102 1501 1931 2366 2736 2391 2266 1794 1128  721  448  347  572
667A Lytt  201301111 1134 1728 2077 2442 2555 2216 1859 1283  717  391  304  465
667A Lytt  201301112  852 1455 2063 2352 2621 2713 2156 1699 1144  795  369  486
667A Lytt  201301121  747 1187 1809 2305 2504 2626 2403 1828 1326  823  464  324
667A Lytt  201301122  534 1005 1611 2076 2620 2899 2620 2333 1792 1305  714  489
667A Lytt  201301131  455  810 1251 1906 2311 2682 2655 2446 1944 1349  950  420
667A Lytt  201301132  299  665 1190 1604 2303 2765 2797 2667 2281 1706 1153  754
667A Lytt  201301141  577  440  706 1393 1995 2233 2524 2746 2192 1959 1344  828
667A Lytt  201301142  528  400  663 1071 1760 2259 2533 2663 2647 2231 1587 1145
667A Lytt  201301151  709  533  409  864 1491 1842 2308 2666 2503 2319 1876 1231
667A Lytt  201301152  825  503  513  662 1230 1787 2212 2531 2647 2388 2097 1601
667A Lytt  201301161 1107  793  527  649  931 1496 1881 2229 2597 2457 2235 1826
667A Lytt  201301162 1179  918  581  593  811 1369 1810 2150 2469 2529 2298 1959
667A Lytt  201301171 1535 1115  698  558  797 1016 1476 1925 2353 2419 2479 2208
667A Lytt  201301172 1739 1312  963  676  656 1070 1486 1769 2128 2508 2307 2317
667A Lytt  201301181 1920 1429 1146  765  737  807 1161 1642 1964 2308 2440 2358
667A Lytt  201301182 2057 1683 1453 1023  851  859  986 1439 1847 2119 2328 2290
667A Lytt  201301191 2198 1735 1391 1115  710  707  842 1035 1452 1961 2340 2370
667A Lytt  201301192 2398 1992 1669 1303  983  937  754 1192 1457 1726 1987 2217
667A Lytt  201301201 2226 1974 1656 1333 1018  728  749  850 1317 1618 1866 2234
667A Lytt  201301202 2271 2052 1771 1623 1109  856  778  856 1097 1379 1814 1892
667A Lytt  201301211 2230 2219 1854 1512 1238  966  633  682  934 1227 1558 1955
667A Lytt  201301212 2130 2203 1997 1736 1395 1082  898  776  774 1112 1452 1579
667A Lytt  201301221 2028 2250 1859 1843 1651 1090  741  791  663  970 1368 1705
667A Lytt  201301222 1999 2118 2292 1927 1603 1477  908  755  839  918 1125 1522
667A Lytt  201301231 1851 2061 2114 2018 1820 1239 1095  807  631  745 1070 1389
667A Lytt  201301232 1724 2076 2221 2055 1917 1706 1115  881  892  645  851 1202
667A Lytt  201301241 1555 1794 2008 2021 1862 1668 1118  795  677  579  647 1054
667A Lytt  201301242 1412 1746 2011 2081 2037 1784 1380 1025  775  645  608  787
667A Lytt  201301251 1246 1573 1827 2024 1985 1788 1466 1006  702  565  488  737
667A Lytt  201301252 1072 1390 1786 2073 1975 1943 1677 1192  799  676  528  574
667A Lytt  201301261  826 1300 1601 1820 2024 1951 1604 1277  845  598  429  533
667A Lytt  201301262  750 1119 1640 1875 2010 2131 1904 1449 1089  779  540  527
667A Lytt  201301271  593  955 1416 1742 1913 2012 1873 1572 1197  796  548  506
667A Lytt  201301272  510  867 1333 1714 1960 2265 2031 1709 1548  973  687  596
667A Lytt  201301281  511  759 1149 1566 1809 2071 2141 1775 1473 1182  751  462
667A Lytt  201301282  513  624 1018 1468 1847 2143 2171 2015 1750 1312  853  656
667A Lytt  201301291  449  644  791 1324 1692 1936 2276 1987 1823 1530  989  721
667A Lytt  201301292  532  469  743 1194 1653 1979 2227 2220 2002 1716 1261  853
667A Lytt  201301301  577  558  692  983 1527 1859 2127 2234 1985 1840 1417  934
667A Lytt  201301302  702  518  582  921 1346 1843 2101 2317 2202 2053 1614 1156
667A Lytt  201301311  803  599  550  750 1210 1580 1861 2239 2223 2066 1774 1361
667A Lytt  201301312  935  658  522  604  982 1501 1852 2083 2342 2181 1920 1461
667A Lytt  201302011 1176  749  537  720  897 1210 1734 2119 2194 2301 2169 1684
667A Lytt  201302012 1300  893  726  502  737 1302 1548 1918 2342 2309 2196 1937
667A Lytt  201302021 1491 1097  803  747  749  965 1449 1884 2141 2330 2479 2136
667A Lytt  201302022 1657 1343  902  552  683  897 1177 1594 2115 2295 2203 2300
667A Lytt  201302031 1868 1393 1059  849  599  771 1069 1446 1835 2217 2469 2314
667A Lytt  201302032 2077 1708 1317  844  736  762  904 1314 1798 2138 2344 2508
667A Lytt  201302041 2273 1878 1391 1192  797  595  834 1147 1486 2048 2421 2481
667A Lytt  201302042 2435 2209 1886 1342 1042  894  832 1010 1524 1872 2179 2447
667A Lytt  201302051 2532 2246 1852 1364 1105  759  677  841 1013 1640 2040 2283
667A Lytt  201302052 2544 2395 2107 1609 1200  862  594  526  836 1244 1613 2063
667A Lytt  201302061 2285 2284 1999 1765 1274  751  567  479  534  922 1547 1930
667A Lytt  201302062 2238 2406 2397 1984 1484 1236  593  330  456  770 1046 1587
667A Lytt  201302071 2026 2232 2224 1980 1619 1076  713  448  245  515  965 1423
667A Lytt  201302072 1826 2272 2399 2188 1900 1572 1000  470  437  449  551 1106
667A Lytt  201302081 1669 1995 2198 2355 2030 1628 1087  747  291  325  611  924
667A Lytt  201302082 1460 1950 2425 2389 2299 2088 1403  863  665  357  338  734
667A Lytt  201302091 1215 1748 2113 2460 2404 2055 1665 1125  559  390  337  543
667A Lytt  201302092 1039 1576 2089 2409 2517 2480 2044 1428 1033  607  417  418
667A Lytt  201302101  767 1259 1841 2204 2499 2446 2129 1752 1072  655  475  358
667A Lytt  201302102  630 1155 1702 2219 2499 2665 2363 2020 1589  946  636  540
667A Lytt  201302111  503  818 1422 1924 2271 2628 2534 2220 1682 1188  757  495
667A Lytt  201302112  490  719 1224 1873 2234 2596 2648 2394 2012 1458 1057  535
667A Lytt  201302121  516  602  870 1508 2061 2271 2603 2465 2054 1739 1147  718
667A Lytt  201302122  579  457  856 1326 1809 2317 2518 2509 2331 1943 1366 1029
667A Lytt  201302131  540  641  606 1028 1647 1918 2424 2569 2359 2104 1607 1127
667A Lytt  201302132  730  517  643  841 1337 1895 2158 2389 2507 2166 1759 1311
667A Lytt  201302141  908  636  524  790 1152 1609 2070 2364 2443 2350 2016 1525
667A Lytt  201302142 1121  726  640  695  955 1568 1806 2153 2504 2342 2135 1702
667A Lytt  201302151 1255  949  529  644  903 1143 1636 2130 2180 2371 2352 1853
667A Lytt  201302152 1437 1100  868  562  818 1166 1518 1774 2243 2351 2197 2088
667A Lytt  201302161 1624 1221  795  852  738  852 1400 1732 1975 2218 2418 2092
667A Lytt  201302162 1745 1457 1046  755  645  918 1075 1435 1861 2098 2137 2089
667A Lytt  201302171 1899 1437 1039  818  762  644  953 1455 1610 1959 2329 2144
667A Lytt  201302172 2051 1640 1364 1062  629  878  863 1012 1517 1949 1906 2112
667A Lytt  201302181 2046 1698 1335 1016  793  629  719 1057 1178 1620 1978 2017
667A Lytt  201302182 1977 1917 1486 1111  850  655  700  786 1151 1420 1825 2063
667A Lytt  201302191 1913 1968 1649 1218  996  808  644  817 1023 1300 1762 2022
667A Lytt  201302192 2101 1921 1848 1532 1025  917  709  649  929 1237 1581 1829
667A Lytt  201302201 2087 2075 1904 1653 1344  968  781  814  813 1224 1547 1851
667A Lytt  201302202 2089 2191 2055 1846 1505 1159  881  733  866  952 1385 1660
667A Lytt  201302211 1835 2118 1987 1758 1579 1110  898  779  670  904 1310 1646
667A Lytt  201302212 1908 2141 2302 1996 1764 1586 1094  749  878  870 1086 1390
667A Lytt  201302221 1795 1994 2101 2051 1867 1468 1108  906  608  739  955 1280
667A Lytt  201302222 1671 1902 2138 2134 1872 1694 1248  792  777  687  779 1121
667A Lytt  201302231 1458 1782 2040 2055 2018 1656 1228 1012  576  577  653  944
667A Lytt  201302232 1286 1769 1993 2122 2111 1864 1538 1056  795  704  695  858
667A Lytt  201302241 1131 1719 1765 2081 2224 1808 1599 1252  692  558  569  683
667A Lytt  201302242  980 1421 1885 2087 2162 2096 1831 1316  942  695  559  620
667A Lytt  201302251  816 1277 1683 1866 2169 2138 1721 1582  968  633  507  506
667A Lytt  201302252  667 1081 1630 1895 2104 2246 1972 1579 1220  909  502  496
667A Lytt  201302261  654  933 1402 1800 2097 2147 2073 1759 1377  871  615  485
667A Lytt  201302262  475  792 1323 1763 2005 2295 2290 1843 1589 1221  768  404
667A Lytt  201302271  602  782 1052 1590 2017 2094 2322 2168 1699 1343  935  607
667A Lytt  201302272  463  676  981 1445 1930 2276 2361 2247 2042 1589 1109  868
667A Lytt  201302281  555  675  931 1340 1820 2108 2396 2428 2120 1788 1270  881
667A Lytt  201302282  597  536  745 1102 1664 2068 2342 2408 2251 2021 1434 1030
667A Lytt  201303011  748  581  640 1001 1541 1899 2164 2550 2376 2111 1773 1299
667A Lytt  201303012  857  537  767  804 1187 1755 2116 2271 2489 2281 1831 1406
667A Lytt  201303021  991  655  562  761 1187 1484 2013 2333 2424 2404 2193 1668
667A Lytt  201303022 1203  883  666  624  809 1438 1708 2042 2419 2395 2173 1815
667A Lytt  201303031 1359  966  647  638  843 1097 1667 2081 2285 2568 2496 2185
667A Lytt  201303032 1688 1264  936  679  688  928 1424 1756 2174 2438 2409 2201
667A Lytt  201303041 1794 1423 1042  673  706  874 1269 1731 2123 2482 2618 2408
667A Lytt  201303042 2123 1679 1239  882  666  775  967 1324 1838 2228 2481 2399
667A Lytt  201303051 2243 1828 1413  875  771  683  792 1206 1646 2109 2351 2518
667A Lytt  201303052 2403 2024 1662 1196  882  628  749  953 1335 1795 2171 2349
667A Lytt  201303061 2413 2127 1747 1348  876  720  509  867 1154 1558 2029 2422
667A Lytt  201303062 2385 2220 2039 1480 1018  775  533  459  932 1388 1678 2161
667A Lytt  201303071 2417 2309 2027 1760 1247  768  671  493  732 1147 1659 1979
667A Lytt  201303072 2368 2398 2303 1955 1518 1009  685  446  499  912 1272 1729
667A Lytt  201303081 2156 2336 2202 2097 1609 1053  744  422  399  614 1055 1560
667A Lytt  201303082 1918 2230 2440 2171 1849 1391  921  548  365  504  786 1130
667A Lytt  201303091 1765 2103 2216 2281 2057 1513 1028  706  417  373  702 1112
667A Lytt  201303092 1577 2071 2425 2400 2226 1880 1280  856  477  351  490  830
667A Lytt  201303101 1236 1884 2176 2313 2303 1970 1517 1030  678  382  402  754
667A Lytt  201303102 1069 1672 2193 2330 2409 2245 1793 1220  747  467  402  372
667A Lytt  201303111  856 1475 1764 2154 2412 2182 1926 1504  918  552  348  454
667A Lytt  201303112  641 1131 1761 2020 2330 2415 2086 1646 1197  786  416  368
667A Lytt  201303121  588  943 1434 2016 2233 2315 2262 1916 1361  900  604  398
667A Lytt  201303122  472  768 1311 1779 2140 2378 2324 2002 1593 1145  734  399
667A Lytt  201303131  405  659  991 1607 2022 2227 2408 2210 1780 1316  978  626
667A Lytt  201303132  379  557  979 1384 1837 2225 2449 2246 2029 1697 1142  767
667A Lytt  201303141  619  668  805 1243 1783 2076 2376 2466 2165 1780 1412 1074
667A Lytt  201303142  528  555  867 1037 1497 2024 2291 2313 2278 1997 1522 1091
667A Lytt  201303151  785  566  730  932 1423 1796 2182 2426 2302 2139 1794 1272
667A Lytt  201303152  925  641  654  829 1155 1602 1980 2129 2236 2211 1797 1391
667A Lytt  201303161 1143  696  581  812 1069 1417 1882 2216 2307 2309 2099 1756
667A Lytt  201303162 1215 1027  843  754 1049 1452 1689 1947 2338 2335 2086 1932
667A Lytt  201303171 1507 1179  837  930 1034 1189 1739 2111 2234 2399 2427 2155
667A Lytt  201303172 1759 1318 1215  899 1086 1178 1430 1804 2112 2404 2239 2154
667A Lytt  201303181 1846 1421 1029 1024  964  966 1481 1788 2047 2317 2462 2345
667A Lytt  201303182 1880 1750 1327 1011  957  990 1072 1597 1748 2048 2368 2163
667A Lytt  201303191 1998 1677 1355 1075  845  861 1045 1357 1607 1988 2212 2177
667A Lytt  201303192 2026 1797 1412 1000  948  781  750 1095 1400 1684 1996 2045
667A Lytt  201303201 1912 1785 1454 1106  794  750  794  932 1234 1610 1878 2068
667A Lytt  201303202 2041 1864 1598 1224  960  727  622  668 1063 1364 1679 1903
667A Lytt  201303211 1935 1865 1566 1328  944  713  672  624  914 1219 1575 1908
667A Lytt  201303212 2041 1815 1848 1437 1037  880  609  556  772 1069 1351 1792
667A Lytt  201303221 1891 1885 1834 1578 1198  867  738  541  731  983 1295 1691
667A Lytt  201303222 1964 2022 1911 1701 1484  909  734  581  573  820 1204 1470
667A Lytt  201303231 1859 2086 1972 1817 1537 1144  900  588  578  799 1011 1450
667A Lytt  201303232 1951 2013 2067 2078 1663 1314  894  775  524  580 1054 1231
667A Lytt  201303241 1680 2035 2095 2038 1817 1534 1102  708  689  711  810 1271
667A Lytt  201303242 1702 2035 2169 2245 2056 1662 1308  853  654  652  805 1026
667A Lytt  201303251 1619 1938 2152 2331 2161 1893 1493 1036  744  622  747  998
667A Lytt  201303252 1371 1859 2124 2333 2201 1985 1568 1177  759  592  634  726
667A Lytt  201303261 1172 1677 1969 2205 2259 2072 1763 1274  891  571  514  622
667A Lytt  201303262 1012 1439 1918 2197 2363 2282 1836 1471  952  678  520  476
667A Lytt  201303271  811 1284 1710 2208 2285 2328 2139 1652 1110  785  491  476
667A Lytt  201303272  710 1000 1584 2013 2253 2337 2124 1772 1356  807  587  484
667A Lytt  201303281  514  945 1376 1911 2154 2394 2318 1979 1556 1105  612  489
667A Lytt  201303282  528  693 1177 1685 2149 2364 2343 2227 1872 1225  875  591
667A Lytt  201303291  533  704 1059 1704 2002 2377 2629 2351 2109 1679 1102  687
667A Lytt  201303292  552  659  806 1412 1906 2138 2445 2523 2105 1730 1379  833
667A Lytt  201303301  570  569  811 1168 1703 2234 2527 2508 2501 2133 1554 1147
667A Lytt  201303302  787  519  617 1037 1517 1853 2317 2632 2415 2234 1820 1371
667A Lytt  201303311  837  733  679  874 1361 1900 2350 2573 2709 2518 2072 1607
667A Lytt  201303312 1235  835  593  799 1195 1499 1884 2454 2474 2386 2332 1792
667A Lytt  201304011 1137  875  689  582  871 1350 1813 2136 2541 2595 2404 2042
667A Lytt  201304012 1571 1092  628  539  734 1001 1302 1964 2299 2359 2464 2132
667A Lytt  201304021 1665 1267  892  643  608  960 1378 1816 2308 2562 2595 2444
667A Lytt  201304022 2168 1661 1053  916  734  748 1133 1638 2010 2348 2758 2514
667A Lytt  201304031 2192 1888 1349  896  604  669 1051 1353 1927 2362 2537 2718
667A Lytt  201304032 2511 2064 1587 1214  761  561  726 1052 1397 1878 2340 2446
667A Lytt  201304041 2286 2123 1662 1158  802  584  614  834 1316 1789 2172 2429
667A Lytt  201304042 2605 2278 1946 1525 1020  616  474  669  875 1348 1974 2132
667A Lytt  201304051 2394 2468 1972 1561 1133  798  456  595  823 1195 1708 2118
667A Lytt  201304052 2469 2347 2270 1938 1379  798  575  529  481  961 1496 1820
667A Lytt  201304061 2126 2488 2202 1963 1603 1032  667  444  624  667 1155 1731
667A Lytt  201304062 2100 2246 2350 2190 1689 1187  764  484  326  468  947 1400
667A Lytt  201304071 1793 2166 2357 2111 1863 1489  875  564  456  412  714 1147
667A Lytt  201304072 1710 2049 2222 2325 2079 1591 1102  751  411  377  667  967
667A Lytt  201304081 1429 2036 2268 2333 2235 1921 1429  923  718  411  527  816
667A Lytt  201304082 1319 1821 2107 2391 2343 1969 1624 1162  690  546  495  699
667A Lytt  201304091 1034 1659 2089 2255 2385 2288 1898 1364  943  655  440  578
667A Lytt  201304092  985 1302 1799 2299 2321 2157 1984 1580  981  674  596  439
667A Lytt  201304101  725 1268 1709 2003 2418 2396 2045 1780 1337  887  535  517
667A Lytt  201304102  709  967 1397 1948 2227 2089 2205 1972 1231  951  829  478
667A Lytt  201304111  445 1002 1418 1687 2159 2516 2217 2069 1839 1202  865  738
667A Lytt  201304112  671  675 1263 1716 1954 2298 2289 2151 1782 1361 1042  663
667A Lytt  201304121  579  673 1083 1402 1821 2270 2243 2181 2133 1583 1055  836
667A Lytt  201304122  728  563  803 1330 1643 1863 2217 2276 1956 1700 1416  935
667A Lytt  201304131  607  717  861 1069 1633 2028 2139 2334 2265 1901 1493 1176
667A Lytt  201304132  805  572  744 1010 1305 1717 2059 2203 2196 2005 1721 1271
667A Lytt  201304141  942  772  832  920 1324 1826 2029 2110 2414 2230 1634 1491
667A Lytt  201304142 1209  701  659  955 1111 1331 1782 2142 2033 2101 2083 1428
667A Lytt  201304151 1222 1005  765  816 1068 1524 1765 2108 2299 2309 2021 1808
667A Lytt  201304152 1544 1017  837 1003  957 1093 1681 1978 1997 2239 2324 1782
667A Lytt  201304161 1414 1413  980  623 1039 1331 1381 1899 2332 2182 2204 2241
667A Lytt  201304162 1818 1352 1179 1009  889 1077 1473 1689 1989 2284 2291 2132
667A Lytt  201304171 1774 1668 1227  923 1085 1087 1248 1758 2067 2194 2258 2322
667A Lytt  201304172 2138 1602 1402 1203  864  930 1253 1499 1684 2124 2324 2189
667A Lytt  201304181 2096 1926 1501 1054 1073  982 1029 1469 1773 1926 2180 2412
667A Lytt  201304182 2200 1805 1666 1229  888  883  865 1114 1436 1809 2171 1986
667A Lytt  201304191 2163 2020 1524 1279 1042  867  675 1077 1318 1676 1914 2238
667A Lytt  201304192 2134 1987 1822 1388 1022  836  867  799 1131 1479 1853 2069
667A Lytt  201304201 2071 2108 1826 1410 1191  919  709  811 1091 1300 1680 2097
667A Lytt  201304202 2152 2148 2009 1668 1287  885  840  633  876 1241 1588 1868
667A Lytt  201304211 2000 2195 1961 1705 1339  957  701  638  758 1014 1292 1815
667A Lytt  201304212 2145 2094 2117 1955 1536 1114  823  751  533 1009 1323 1651
667A Lytt  201304221 1989 2319 2247 2000 1756 1392  914  806  739  760 1106 1693
667A Lytt  201304222 2046 1995 2393 2292 1879 1431 1129  811  567  737 1116 1392
667A Lytt  201304231 1738 2331 2405 2155 2207 1971 1127  895  930  581  751 1460
667A Lytt  201304232 1831 1998 2510 2588 2166 1870 1590 1005  682  821  854 1077
667A Lytt  201304241 1612 2175 2355 2444 2510 2241 1661 1229  965  682  636  976
667A Lytt  201304242 1502 1832 2280 2633 2430 2192 1968 1325  947  783  675  891
667A Lytt  201304251 1233 1813 2274 2429 2657 2525 2112 1704 1185  721  659  636
667A Lytt  201304252 1009 1499 1960 2367 2471 2411 2216 1809 1192  831  771  604
667A Lytt  201304261  805 1398 2018 2230 2602 2821 2377 2164 1654 1141  602  646
667A Lytt  201304262  739  971 1703 2176 2385 2678 2632 2233 1794 1161  991  691
667A Lytt  201304271  584 1065 1464 1937 2466 2844 2574 2526 2318 1418  955  753
667A Lytt  201304272  595  538 1110 1716 2017 2364 2633 2429 2169 1647 1225  758
667A Lytt  201304281  536  713  958 1466 2050 2506 2678 2707 2612 2021 1443 1087
667A Lytt  201304282  595  518  676 1217 1639 2074 2542 2659 2468 2177 1699 1155
667A Lytt  201304291  687  585  711  804 1505 2098 2381 2626 2861 2395 1856 1540
667A Lytt  201304292  979  513  466  681  938 1510 2057 2241 2465 2415 2015 1488
667A Lytt  201304301  993  616  491  371  990 1410 1827 2306 2633 2470 2205 1921
667A Lytt  201304302 1379  702  524  530  367  958 1512 1874 2169 2447 2414 1826
667A Lytt  201305011 1332 1085  580  172  649  918 1125 1827 2411 2348 2353 2388
667A Lytt  201305012 1879 1114  862  613  227  541 1046 1395 1800 2376 2561 2106
667A Lytt  201305021 1893 1686  972  457  723  625  653 1424 1988 2106 2360 2663
667A Lytt  201305022 2125 1734 1376  939  460  430  715  948 1358 1940 2357 2277
667A Lytt  201305031 2161 2086 1372 9999 9999 9999 9999 9999 9999 9999 9999 9999
667A Lytt  201305032 9999 9999 9999 9999 9999 9999 9999 9999 9999 9999 9999 9999
667A Lytt  201305041 9999 9999 9999 9999 9999 9999 9999 9999 9999 9999 9999 9999
667A Lytt  201305042 2418 2380 2288 1890 1249  901  772  533  829 1308 1747 2165
667A Lytt  201305051 2489 2714 2312 2067 1822 1195  862  904  829 1112 1629 2181
667A Lytt  201305052 2335 2633 2720 2251 1851 1521  993  684  871 1074 1424 1973
667A Lytt  201305061 2377 2589 2720 2469 2148 1736 1170 1030  834  824 1154 1689
667A Lytt  201305062 2009 2217 2544 2397 1957 1704 1152  698  541  678  899 1267
667A Lytt  201305071 1656 1993 2186 2330 2264 1688 1199 1006  599  336  637  973
667A Lytt  201305072 1311 1790 2151 2165 2032 1746 1385  805  561  497  423  735
667A Lytt  201305081 1242 1738 1862 2265 2435 1932 1574 1334  891  431  596  817
667A Lytt  201305082 1003 1461 2009 2084 2181 2209 1710 1251  948  753  462  744
667A Lytt  201305091 1027 1467 1948 2173 2504 2380 2057 1830 1348  891  790  798
667A Lytt  201305092  880 1391 1693 2081 2259 2356 2114 1826 1349 1123  769  732
667A Lytt  201305101  930 1241 1705 2020 2388 2457 2321 2117 1572 1245  904  671
667A Lytt  201305102  869  994 1429 1907 1991 2224 2375 1909 1709 1333  945  756
667A Lytt  201305111  724  949 1319 1673 2213 2201 2296 2133 1836 9999 9999 9999
667A Lytt  201305112 9999 9999 9999 9999 9999 9999 9999 9999 9999 9999 9999 9999
667A Lytt  201305121 9999 9999 9999 9999 9999 9999 9999 9999 9999 9999 9999 9999
667A Lytt  201305122 9999 9999 9999 9999 9999 9999 9999 9999 9999 9999 9999 9999
667A Lytt  201305131 9999 9999 9999 9999 9999 9999 1898 2225 2077 1684 1492 1159
667A Lytt  201305132  789  571  747  846 1076 1551 1827 1903 2097 1864 1573 1278
667A Lytt  201305141  915  795  748  864 1367 1555 1851 2290 2172 2043 1868 1597
667A Lytt  201305142 1065  896  764  794 1084 1288 1778 1874 2137 2073 1950 1535
667A Lytt  201305151 1209 1052  791  723 1130 1403 1510 2110 2200 2131 2078 1762
667A Lytt  201305152 1535 1103  944  833  904 1238 1480 1727 2044 2198 2075 1876
667A Lytt  201305161 1525 1297  889  805 1071 1077 1474 1833 2094 2125 2203 2123
667A Lytt  201305162 1652 1348 1157  913  821 1078 1236 1538 1997 2055 2176 2143
667A Lytt  201305171 1713 1422 1268  881  807 1100 1206 1528 1896 2183 2140 2187
667A Lytt  201305172 2103 1635 1316 1084  850  862 1126 1334 1708 1995 2269 2236
667A Lytt  201305181 2050 1850 1480 1078 1083 1005 1035 1404 1766 1983 2235 2388
667A Lytt  201305182 2279 1986 1673 1332 1004  885 1018 1121 1434 9999 9999 9999
667A Lytt  201305191 9999 9999 9999 9999 9999 9999 9999 9999 9999 9999 9999 9999
667A Lytt  201305192 9999 9999 9999 9999 9999 9999 9999 9999 9999 9999 9999 9999
667A Lytt  201305201 9999 9999 9999 9999 9999 9999 9999 9999 9999 9999 9999 9999
667A Lytt  201305202 9999 9999 9999 9999 9999 9999 9999 9999 9999 9999 9999 9999
667A Lytt  201305211 9999 9999 2155 1839 1713 1103  802  850  750  930 1467 1850
667A Lytt  201305212 2122 2395 2319 2037 1703 1252  868  692  674  898 1362 1698
667A Lytt  201305221 2132 2418 2347 2281 2033 1481 1063  977  657  723 1103 1644
667A Lytt  201305222 1868 2280 2566 2269 2018 1810 1189  773  771  756 1014 1500
667A Lytt  201305231 1973 2315 2630 2620 2529 1982 1571 1193  779  665  719 1164
667A Lytt  201305232 1610 2054 2328 2579 2321 1947 1561  969  781  493  544  991
667A Lytt  201305241 1368 1820 2332 2556 2492 2306 1910 1392  804  607  434  683
667A Lytt  201305242 1088 1667 2019 2403 2516 2300 1874 1426  945  559  484  531
667A Lytt  201305251  949 1483 1969 2397 2724 2574 2339 1991 1308  856  637  520
667A Lytt  201305252  719 1185 1712 2220 2508 2642 2304 2060 1529  893  761  639
667A Lytt  201305261  547 1074 1766 2153 2622 2868 2697 2546 1954 1383  957  571
667A Lytt  201305262  546  873 1301 1866 2334 2714 2749 2493 2083 1363 1141  702
667A Lytt  201305271  554  659 1324 1669 2341 2831 2833 2889 2553 1926 1441  862
667A Lytt  201305272  676  580  793 1328 1894 2320 2663 2730 2574 2061 1485 1159
667A Lytt  201305281  644  549  838 1111 1839 2214 2682 2920 2753 2420 1938 1379
667A Lytt  201305282  874  704  567  829 1348 1958 2319 2516 2757 2345 1937 1557
667A Lytt  201305291  939  476  495  531 1044 1556 2085 2491 2579 2473 2281 1622
667A Lytt  201305292 1077  696  376  273  582 1028 1444 1967 2363 2272 2123 1694
667A Lytt  201305301 1151  669  317  240  571  799 1321 1950 2199 2343 2313 1899
667A Lytt  201305302 1542 1038  537  249  261  594  935 1406 2031 2253 2288 2105
667A Lytt  201305311 1729 1130  765  452  370  564  934 1318 1937 2179 2338 2256
667A Lytt  201305312 1951 1534  928  627  369  397  622 1062 1525 1982 2390 2322
667A Lytt  201306011 2056 1811 1285  832  684  520  681 1016 1567 1836 2246 2532
667A Lytt  201306012 2239 2096 1690 1123  801  640  556  779 1373 1678 2132 2428
667A Lytt  201306021 2379 2235 1861 1402 1044  744  687  899 1233 1602 1932 2408
667A Lytt  201306022 2416 2394 2005 9999 9999 9999 9999 9999 9999 9999 9999 9999
667A Lytt  201306031 9999 9999 9999 9999 9999 9999 9999 9999 9999 9999 9999 9999
667A Lytt  201306032 9999 9999 9999 9999 9999 9999 9999 9999 9999 9999 9999 9999
667A Lytt  201306041 2146 2516 2528 2234 1888 1532 1128  922  852  934 1337 1715
667A Lytt  201306042 2110 2354 2383 2205 1992 1474  958  855  639  656 1137 1509
667A Lytt  201306051 1817 2107 2392 2269 2070 1639 1268  906  635  629  851 1202
667A Lytt  201306052 1511 1979 2186 2169 2033 1671 1137  853  754  402  709 1060
667A Lytt  201306061 1446 1837 2111 2143 2223 1933 1450 1088  776  476  617  935
667A Lytt  201306062 1144 1687 1899 2000 2218 1849 1462  993  801  479  546  738
667A Lytt  201306071 1018 1513 1892 2092 2186 2141 1740 1367  983  635  523  643
667A Lytt  201306072  969 1297 1762 1962 2054 2211 1699 1354 1122  744  639  695
667A Lytt  201306081  922 1272 1767 2028 2342 2192 2053 1831 1202  997  706  603
667A Lytt  201306082  767 1166 1467 1791 2084 2242 2003 1724 1401  997  725  685
667A Lytt  201306091  809 1013 1427 1923 2145 2192 2409 1997 1561 1283  870  711
667A Lytt  201306092  728 1004 1118 1679 2006 2100 2086 2084 1717 1215 1047  773
667A Lytt  201306101  653  845 1217 1620 1887 2289 2353 2102 1945 1558 1030  910
667A Lytt  201306102  741  826  990 1428 1794 1951 2135 2162 1872 1568 1252  883
667A Lytt  201306111  715  716  961 1292 1754 2088 2231 2289 2061 1815 1397 1023
667A Lytt  201306112  748  818  829 1065 1598 1836 1979 2131 2121 1748 1436 1185
667A Lytt  201306121  833  716  876 1070 1497 1875 2054 2300 2212 2033 1607 1318
667A Lytt  201306122 1042  771  733  975 1236 1655 1883 2011 2293 1867 1729 1493
667A Lytt  201306131  987  791  829  785 1174 1639 1839 2104 2289 2119 1852 1500
667A Lytt  201306132 1183  912  696  834  875 1305 1687 1781 1973 2186 1909 1566
667A Lytt  201306141 1194  954  665  699 1021 1181 1531 1995 2144 2016 1962 1937
667A Lytt  201306142 1302  974  892  607  711 1072 1359 1495 1938 2160 1952 1775
667A Lytt  201306151 1487 1095  794  692  770  887 1323 1721 1954 2072 2175 1913
667A Lytt  201306152 1580 1263  908  601  739  841  954 1479 1787 1995 2127 2023
667A Lytt  201306161 1824 1492 1083  775  854  784 1118 1406 1805 2072 2212 2238
667A Lytt  201306162 2093 1620 1293 1096  894  780 1012 1278 1707 1854 2278 2349
667A Lytt  201306171 2027 1798 1399 1068  784  759  899 1166 1485 1850 2124 2154
667A Lytt  201306172 2166 1986 1525 1247  994  796  676 1134 1491 1692 2197 2482
667A Lytt  201306181 2328 2275 1888 1467 1257  879  923 1013 1267 1744 2024 2219
667A Lytt  201306182 2505 2246 1911 1640 1222  717  746  843 1052 1429 2034 2179
667A Lytt  201306191 2383 2539 2140 1865 1534 1082  943  871 1080 1445 1810 2151
667A Lytt  201306192 2527 2586 2407 2033 1704 1350  900  879 1047 1382 1798 2329
667A Lytt  201306201 2557 2811 2741 2350 2114 1567 1136 1062  967 1070 1531 1998
667A Lytt  201306202 2237 2577 2693 2498 2007 1525 1047  773  794  840 1406 1785
667A Lytt  201306211 2249 2642 2719 2568 2475 1876 1314 1089  727  492  917 1467
667A Lytt  201306212 1890 2154 2489 2556 2282 1861 1223  854  545  448  698 1163
667A Lytt  201306221 1560 2132 2506 2499 2638 2092 1576 1042  797  322  250  840
667A Lytt  201306222 1158 1690 2211 2349 2355 2183 1551 1148  633  407  237  437
667A Lytt  201306231 1012 1587 2044 2316 2765 2278 2070 1469 1021  477  218  400
667A Lytt  201306232  496 1247 1787 2128 2441 2578 2075 1623 1147  645  356  242
667A Lytt  201306241  751 1085 1757 2164 2696 2733 2524 2177 1622  952  460  392
667A Lytt  201306242  343  658 1376 1868 2165 2574 2491 2222 1689 1105  669  336
667A Lytt  201306251  297  581 1101 1739 2244 2525 2774 2561 2068 1533 1007  484
667A Lytt  201306252  289  402  664 1251 1805 2294 2447 2471 2194 1623 1094  640
667A Lytt  201306261  260  177  610 1049 1709 2145 2584 2673 2382 2095 1353  783
667A Lytt  201306262  410  279  279  592 1295 1813 2057 2458 2533 1915 1577 1153
667A Lytt  201306271  510  222  262  583  983 1622 2163 2425 2636 2281 1957 1357
667A Lytt  201306272  830  464  340  297  723 1283 1741 2106 2448 2388 1978 1619
667A Lytt  201306281 1032  589  224  342  686  989 1604 2122 2295 2356 2279 1808
667A Lytt  201306282 1260  833  406  193  448  756 1176 1633 2148 2311 2333 2067
667A Lytt  201306291 1468 1085  643  270  501  690 1035 1597 2060 2113 2320 2183
667A Lytt  201306292 1703 1287  765  475  178  573  683 1155 1725 2159 2299 2202
667A Lytt  201306301 2062 1494 1047  784  486  453  870 1182 1569 2034 2265 2224
667A Lytt  201306302 2215 1787 1293  891  610  540  522  954 1412 1817 2197 2389
667A Lytt  201307011 2304 1981 1661 1272  827  680  739  954 1298 1642 2107 2247
667A Lytt  201307012 2308 2255 1634 1486 1024  741  574  874 1114 1517 1942 2327
667A Lytt  201307021 2319 2261 1986 1667 1266  795  766  698  935 1250 1744 2061
667A Lytt  201307022 2248 2406 1966 1787 1331  985  595  720  843 1155 1615 2058
667A Lytt  201307031 2206 2351 2336 2049 1725 1294 1142  755  884 1177 1328 1853
667A Lytt  201307032 2106 2315 2171 1999 1737 1268  788  686  804  732 1251 1647
667A Lytt  201307041 1912 2250 2321 2143 1945 1516 1178 1002  667  855 1131 1387
667A Lytt  201307042 1802 2113 2200 2257 1903 1624 1202  866  829  637 1083 1353
667A Lytt  201307051 1717 2193 2199 2347 2274 1907 1519 1182  927  825  982 1234
667A Lytt  201307052 1605 2061 2145 2300 2392 1905 1419 1182  889  617 1014 1087
667A Lytt  201307061 1517 1939 2178 2434 2480 2154 1865 1377 1127  884  833 1084
667A Lytt  201307062 1320 1756 2168 2242 2293 2093 1781 1468 1072  794  895  889
667A Lytt  201307071 1248 1571 1935 2303 2425 2303 1959 1778 1293  937  759  905
667A Lytt  201307072  968 1412 1834 2036 2204 2297 2002 1654 1338  910  831  808
667A Lytt  201307081  919 1352 1778 2009 2432 2325 2243 1987 1504 1147  774  764
667A Lytt  201307082  905 1151 1477 1982 2093 2163 2217 1829 1538 1185  845  639
667A Lytt  201307091  876 1054 1336 1782 2199 2301 2167 2209 1694 1153 1075  672
667A Lytt  201307092  656  892 1160 1528 1827 2077 2056 1985 1733 1253  984  637
667A Lytt  201307101  550  718  923 1455 1733 2071 2207 2045 1802 1306  893  743
667A Lytt  201307102  451  484  727 1098 1355 1795 1874 1910 1747 1315 1064  704
667A Lytt  201307111  369  539  595  933 1490 1709 1998 2062 1863 1450 1149  861
667A Lytt  201307112  404  415  584  641 1127 1590 1603 1852 1879 1519 1186  908
667A Lytt  201307121  574  346  509  641 1189 1475 1891 2038 2046 1776 1452 1150
667A Lytt  201307122  725  542  458  683  949 1446 1655 1877 2062 1841 1591 1173
667A Lytt  201307131  989  556  439  744  980 1307 1812 2076 2152 2061 1887 1499
667A Lytt  201307132 1068  921  732  605  893 1364 1504 1964 2264 2164 2066 1802
667A Lytt  201307141 1400  979  916  721  964 1310 1736 2005 2391 2260 2127 2037
667A Lytt  201307142 1459 1226  922  736  695 1135 1287 1789 2145 2176 2298 2065
667A Lytt  201307151 1622 1321  920  679  822  920 1190 1709 2022 2061 2252 2136
667A Lytt  201307152 1679 1435  975  770  518  851  922 1327 1734 2024 2153 2094
667A Lytt  201307161 1884 1363 1140  718  553  590  879 1193 1543 1840 2015 2100
667A Lytt  201307162 1941 1517 1151  801  495  484  560  924 1407 1602 2045 2161
667A Lytt  201307171 1966 1830 1367  896  760  499  507  789 1243 1512 1763 2154
667A Lytt  201307172 2108 1834 1517 1101  695  526  443  549 1057 1442 1873 2092
667A Lytt  201307181 2282 2123 1720 1446 1002  598  546  607  858 1115 1653 1971
667A Lytt  201307182 2147 2180 1898 1454 1013  767  318  410  698  970 1497 1938
667A Lytt  201307191 2193 2304 2187 1743 1468  907  575  524  408  774 1217 1691
667A Lytt  201307192 2017 2275 2267 1800 1470 1043  562  420  340  593 1076 1495
667A Lytt  201307201 2068 2362 2360 2212 1955 1241 1037  475  400  417  733 1231
667A Lytt  201307202 1724 2169 2302 2190 1982 1448  881  450  412  152  640 1109
667A Lytt  201307211 1678 2057 2487 2488 2360 1903 1414  915  509  296  403  808
667A Lytt  201307212 1316 1925 2287 2451 2398 2066 1475  945  636  200  336  702
667A Lytt  201307221 1157 1743 2308 2517 2725 2489 1921 1557  874  429  355  540
667A Lytt  201307222  859 1463 2074 2415 2629 2488 2067 1607 1003  485  410  305
667A Lytt  201307231  706 1312 1878 2343 2746 2852 2406 2123 1597  751  361  519
667A Lytt  201307232  455  853 1603 2218 2346 2739 2698 1994 1637 1001  714  236
667A Lytt  201307241  499  828 1344 1994 2549 2712 2779 2661 1988 1346  908  534
667A Lytt  201307242  402  541 1083 1658 2160 2532 2842 2427 2234 1716 1087  514
667A Lytt  201307251  539  454  783 1418 2071 2440 2709 2806 2365 1838 1381  894
667A Lytt  201307252  318  545  522  934 1573 2149 2376 2588 2559 1980 1516 1031
667A Lytt  201307261  553  313  499  748 1418 1903 2347 2657 2482 2314 1745 1271
667A Lytt  201307262  719  369  401  513  970 1623 1943 2228 2645 2258 1867 1567
667A Lytt  201307271 1006  493  359  607  859 1279 1907 2254 2358 2364 2114 1554
667A Lytt  201307272 1061  764  340  420  574  972 1447 1883 2327 2287 2266 1820
667A Lytt  201307281 1341  923  491  368  546  799 1323 1701 2021 2259 2086 1997
667A Lytt  201307282 1408  962  759  250  398  590  906 1432 1874 2078 2341 1964
667A Lytt  201307291 1769 1294  764  545  563  484  817 1379 1640 1916 2077 2128
667A Lytt  201307292 1751 1387 1110  599  460  379  706  974 1495 1860 2218 2141
667A Lytt  201307301 2013 1706 1233  884  731  511  663  987 1374 1595 1901 2230
667A Lytt  201307302 1915 1716 1484 1002  510  585  545  622 1141 1580 1887 2088
667A Lytt  201307311 2251 1896 1644 1237  984  546  632  818  893 1322 1659 1918
667A Lytt  201307312 2024 2064 1681 1392  920  721  413  575  804 1165 1525 1933
667A Lytt  201308011 2074 2124 1860 1622 1332  748  755  568  778 1000 1356 1724
667A Lytt  201308012 1900 2096 1906 1675 1283 1016  535  595  631  846 1350 1582
667A Lytt  201308021 2053 2207 2015 1877 1663 1126  885  746  671  731 1097 1557
667A Lytt  201308022 1774 2059 2218 1886 1653 1368  789  699  588  744 1080 1344
667A Lytt  201308031 1817 2030 2116 2036 1917 1368 1177  832  672  583  816 1241
667A Lytt  201308032 1543 1815 2084 2102 1766 1575 1047  778  642  533  815 1094
667A Lytt  201308041 1385 1873 2035 1971 2070 1641 1259  987  755  471  651  981
667A Lytt  201308042 1349 1706 1894 2192 2047 1780 1552 1047  725  650  663  949
667A Lytt  201308051 1281 1653 2126 2196 2273 2070 1751 1423  980  739  624  963
667A Lytt  201308052 1128 1570 2008 2164 2211 2234 1738 1426 1177  807  744  778
667A Lytt  201308061 1097 1530 1919 2048 2512 2269 1967 1730 1261  816  661  806
667A Lytt  201308062  893 1231 1793 2015 2084 2361 1986 1572 1355 1038  705  620
667A Lytt  201308071  976 1289 1561 2091 2467 2273 2234 2115 1557 1079  814  889
667A Lytt  201308072  702 1017 1552 1896 1990 2357 2247 1855 1591 1244  857  604
667A Lytt  201308081  833  908 1310 1870 2136 2191 2392 2182 1650 1342  843  763
667A Lytt  201308082  510  757 1155 1537 1738 2139 2175 1999 1724 1414 1077  573
667A Lytt  201308091  660  701  909 1437 1907 2147 2279 2301 2005 1437 1164  926
667A Lytt  201308092  457  666  906 1219 1573 2036 2112 2259 1971 1750 1397  860
667A Lytt  201308101  772  578  871 1077 1681 2018 2212 2416 2266 1897 1416 1270
667A Lytt  201308102  813  608  810 1133 1439 1866 2191 2366 2251 2149 1859 1237
667A Lytt  201308111 1004  867  692  939 1539 1812 1981 2594 2623 2435 2072 1626
667A Lytt  201308112 1202  900  777  867 1177 1596 1965 2139 2332 2356 2062 1523
667A Lytt  201308121 1339  809  722  687 1187 1451 1783 2234 2434 2231 2028 1958
667A Lytt  201308122 1292  998  775  711  822 1240 1647 2069 2145 2480 2318 1884
667A Lytt  201308131 1728 1125  902  864  843 1159 1588 2071 2270 2403 2445 2253
667A Lytt  201308132 1650 1464  999  702  772 1145 1283 1682 2247 2374 2365 2432
667A Lytt  201308141 1988 1529 1125  836  744  945 1103 1465 2002 2203 2290 2349
667A Lytt  201308142 2013 1595 1289  846  588  761  912 1246 1694 2145 2399 2358
667A Lytt  201308151 2257 1873 1491  996  838  697  719 1204 1500 1807 2203 2410
667A Lytt  201308152 2251 1915 1683 1208  719  624  746  831 1242 1864 2204 2342
667A Lytt  201308161 2474 2321 1794 1399 1133  668  489  880 1084 1307 1790 2306
667A Lytt  201308162 2209 2135 1984 1439  892  770  539  475  887 1402 1747 2083
667A Lytt  201308171 2526 2481 2077 1838 1448  848  508  594  672  863 1387 2002
667A Lytt  201308172 2173 2261 2296 1932 1323  887  662  182  381  813 1226 1539
667A Lytt  201308181 2124 2464 2243 1994 1849 1059  637  525  312  302  757 1396
667A Lytt  201308182 1762 2073 2355 2083 1730 1226  726  355  100  266  603 1069
667A Lytt  201308191 1623 2133 2332 2265 2158 1542  990  661  208  121  308  794
667A Lytt  201308192 1217 1778 2236 2322 2027 1681 1236  559  251   40  267  496
667A Lytt  201308201 1132 1715 2124 2281 2440 2138 1440 1142  518   90   90  350
667A Lytt  201308202  705 1388 1948 2265 2290 2264 1802 1159  659  292  175  162
667A Lytt  201308211  669 1311 1766 2222 2662 2430 2134 1714 1033  575  260  234
667A Lytt  201308212  456  959 1546 2162 2341 2531 2319 1803 1186  723  445   80
667A Lytt  201308221  425  787 1296 1912 2519 2545 2457 2337 1729  983  598  429
667A Lytt  201308222  400  476 1279 1847 2111 2499 2747 2332 1812 1487  926  354
667A Lytt  201308231  423  662  828 1541 2193 2377 2651 2581 2211 1604 1082  650
667A Lytt  201308232  456  364  712 1294 1757 2208 2582 2565 2224 1988 1396  789
667A Lytt  201308241  460  590  623  979 1659 2154 2282 2590 2566 1984 1517 1064
667A Lytt  201308242  726  335  555  896 1207 1788 2314 2494 2419 2370 1867 1256
667A Lytt  201308251  910  698  441  645 1261 1592 1940 2484 2506 2220 2022 1617
667A Lytt  201308252  961  618  660  640  920 1377 1856 2268 2470 2478 2286 1770
667A Lytt  201308261 1357  990  694  628  883 1314 1643 2064 2358 2336 2188 1908
667A Lytt  201308262 1431  941  826  570  603 1136 1365 1812 2251 2394 2317 2148
667A Lytt  201308271 1673 1278  930  687  675  978 1266 1574 2045 2256 2156 2271
667A Lytt  201308272 1782 1338 1077  801  612  753 1142 1468 1873 2296 2371 2311
667A Lytt  201308281 2079 1717 1284  992  872  864 1067 1294 1730 1908 2222 2314
667A Lytt  201308282 2039 1803 1428 1103  723  864  960 1124 1588 1958 2172 2306
667A Lytt  201308291 2221 1997 1558 1208  937  800  680 1092 1260 1511 1916 2140
667A Lytt  201308292 2083 1805 1720 1314  782  760  719  705 1101 1611 1735 2045
667A Lytt  201308301 2236 2039 1684 1419 1158  730  631  825  937 1202 1585 1863
667A Lytt  201308302 1976 1954 1782 1402 1033  752  613  539  720 1119 1410 1731
667A Lytt  201308311 1966 2030 1848 1567 1227  881  580  565  649  815 1088 1587
667A Lytt  201308312 1780 1812 1866 1638 1149  792  695  485  368  795 1188 1315
667A Lytt  201309011 1691 2079 1870 1674 1533 1122  582  599  487  519  763 1345
667A Lytt  201309012 1543 1709 1997 1755 1408 1169  783  462  437  615  854 1147
667A Lytt  201309021 1653 1950 1984 1910 1850 1368  959  814  532  479  699 1048
667A Lytt  201309022 1368 1713 2013 1943 1768 1496 1016  655  494  522  577  992
667A Lytt  201309031 1355 1844 1970 2079 2060 1774 1337  992  853  401  620  869
667A Lytt  201309032 1248 1646 2017 2181 2079 1877 1518 1152  597  646  650  813
667A Lytt  201309041 1183 1687 2083 2243 2284 2151 1820 1378 1033  752  672  699
667A Lytt  201309042 1141 1467 1784 2156 2210 2099 1849 1438  959  778  526  713
667A Lytt  201309051  856 1376 1788 2057 2268 2318 1867 1613 1250  745  595  552
667A Lytt  201309052  843 1053 1561 2005 2090 2132 2101 1692 1166 1009  535  457
667A Lytt  201309061  762  962 1443 1881 2210 2392 2083 1990 1495  981  716  489
667A Lytt  201309062  582  859 1351 1728 2056 2261 2216 1985 1613 1141  819  634
667A Lytt  201309071  455  826 1184 1717 2030 2340 2320 2123 1897 1245 1004  688
667A Lytt  201309072  563  628 1128 1586 1798 2196 2395 2222 1973 1696 1087  763
667A Lytt  201309081  576  738  820 1389 1809 2118 2348 2317 2056 1616 1320  782
667A Lytt  201309082  565  724  743 1178 1694 1937 2308 2437 2259 1951 1524 1077
667A Lytt  201309091  770  720  738 1019 1536 1964 2229 2360 2388 1965 1649 1232
667A Lytt  201309092  809  500  739  879 1143 1694 2179 2362 2305 2427 1949 1378
667A Lytt  201309101 1059  843  668  778 1199 1605 1947 2269 2508 2222 2012 1772
667A Lytt  201309102 1119  701  866  750 1073 1563 1953 2316 2324 2653 2239 1885
667A Lytt  201309111 1653 1089  892 9999 9999 9999 9999 9999 9999 9999 9999 9999
667A Lytt  201309112 9999 9999 9999 9999 9999 9999 9999 9999 9999 9999 9999 9999
667A Lytt  201309121 9999 9999 9999 9999 9999 9999 9999 9999 9999 9999 9999 9999
667A Lytt  201309122 9999 9999 9999 9999 9999 9999 9999 9999 9999 9999 9999 9999
667A Lytt  201309131 9999 9999 9999 9999 9999 9999 9999 9999 9999 9999 9999 9999
667A Lytt  201309132 9999 9999 9999 9999 9999 9999 9999 9999 9999 9999 9999 9999
667A Lytt  201309141 9999 9999 9999 9999  993  860  606  834 1300 1613 1960 2471
667A Lytt  201309142 2414 2138 1975 1562 1061  611  665  781 1048 1506 2079 2389
667A Lytt  201309151 2531 2580 2242 1817 1329  868  635  546  722 1158 1551 2010
667A Lytt  201309152 2398 2327 2118 1956 1362  784  586  448  471  932 1478 1848
667A Lytt  201309161 2307 2528 2506 2182 1686 1242  797  474  449  583 1062 1596
667A Lytt  201309162 2013 2303 2488 2271 1749 1281  897  475  280  569 1040 1347
667A Lytt  201309171 1857 2296 2522 2484 2205 1748 1062  784  534  315  612 1025
667A Lytt  201309172 1623 1964 2363 2428 2138 1718 1241  680  402  401  464  788
667A Lytt  201309181 1453 1946 2217 2558 2351 1984 1508  974  539  205  337  554
667A Lytt  201309182  965 1594 2136 2333 2395 2146 1704 1064  633  422  178  451
667A Lytt  201309191  837 1487 1985 2338 2478 2444 1976 1401  963  563  272  362
667A Lytt  201309192  680 1178 1814 2268 2507 2413 2229 1717 1152  822  398  374
667A Lytt  201309201  580 1063 1580 2119 2461 2644 2398 1996 1499  984  522  394
667A Lytt  201309202  500  736 1388 1935 2294 2570 2506 2210 1662 1230  843  471
667A Lytt  201309211  333  750 1147 1642 2149 2449 2513 2342 1910 1351  930  549
667A Lytt  201309212  379  543  927 1519 1909 2235 2575 2486 2064 1681 1258  717
667A Lytt  201309221  456  657  680 1241 1803 2171 2407 2561 2246 1796 1368 1011
667A Lytt  201309222  530  508  691 1156 1568 1960 2408 2500 2363 2153 1631 1116
667A Lytt  201309231  765  551  646  821 1397 1710 2071 2348 2287 2062 1658 1179
667A Lytt  201309232  786  500  455  701 1094 1453 1912 2287 2221 2277 1831 1450
667A Lytt  201309241 1034  662  610  605  899 1335 1709 1954 2188 2153 1957 1490
667A Lytt  201309242 1126  786  532  611  778 1140 1601 2017 2139 2365 2218 1774
667A Lytt  201309251 1436 1087  774  680  752 1029 1464 1740 2079 2188 2175 1943
667A Lytt  201309252 1556 1191  887  767  720  913 1252 1772 2107 2175 2341 2109
667A Lytt  201309261 1753 1460 1184  809  702  956 1252 1471 1734 1984 2179 2023
667A Lytt  201309262 1793 1453 1073  828  663  741  929 1414 1692 2025 2267 2231
667A Lytt  201309271 2026 1749 1460  938  839  828  912 1195 1472 1889 2042 2204
667A Lytt  201309272 2094 1874 1518 1123 1048  745  886 1278 1514 1895 2202 2304
667A Lytt  201309281 2275 2063 1843 1324 1014  997  887  981 1384 1758 1926 2148
667A Lytt  201309282 2292 2059 1695 1634 1144  794  841 1002 1149 1592 1998 2167
667A Lytt  201309291 2288 2174 2047 1703 1325 1033  875  869 1041 1341 1672 1958
667A Lytt  201309292 2182 2082 1901 1703 1291  909  810  758  865 1259 1608 1844
667A Lytt  201309301 2162 2280 2090 1772 1444 1113  773  722  829  929 1403 1668
667A Lytt  201309302 1951 2089 2101 1845 1496 1114  868  548  683  892 1231 1586
667A Lytt  201310011 1886 2144 2200 1933 1602 1237  907  665  570  757 1063 1381
667A Lytt  201310012 1843 2039 2152 2186 1784 1423 1081  763  674  838 1105 1330
667A Lytt  201310021 1862 2207 2207 2270 1998 1566 1251  869  617  595  786 1180
667A Lytt  201310022 1564 1853 2163 2368 2021 1707 1337  914  729  613  694 1117
667A Lytt  201310031 1516 1908 2200 2233 2299 1867 1495 1158  785  612  695  968
667A Lytt  201310032 1305 1798 2183 2213 2302 1977 1717 1147  861  713  471  740
667A Lytt  201310041 1231 1629 1883 2317 2330 2066 1779 1304  822  619  522  507
667A Lytt  201310042  915 1414 1858 2108 2312 2217 1858 1492 1030  741  485  494
667A Lytt  201310051  829 1250 1774 2059 2391 2327 2069 1703 1218  874  557  535
667A Lytt  201310052  684 1078 1713 2040 2277 2495 2331 1872 1445 1134  643  622
667A Lytt  201310061  745  946 1498 2028 2256 2349 2461 2063 1570 1223  856  527
667A Lytt  201310062  640  863 1275 1871 2192 2485 2516 2352 2005 1439 1021  699
667A Lytt  201310071  645  682 1051 1667 1992 2261 2559 2343 2013 1528 1133  637
667A Lytt  201310072  512  640  791 1408 1886 2249 2444 2484 2265 1831 1391  860
667A Lytt  201310081  598  518  741 1139 1600 2032 2457 2433 2276 2042 1569 1002
667A Lytt  201310082  668  718  632 1031 1555 2019 2264 2658 2598 2263 1819 1393
667A Lytt  201310091  895  584  661  739 1168 1687 2171 2361 2360 2350 1868 1301
667A Lytt  201310092  940  714  433  658 1078 1503 1914 2391 2552 2491 2229 1793
667A Lytt  201310101 1274  834  624  583  804 1248 1689 2066 2418 2458 2196 1680
667A Lytt  201310102 1365  864  520  594  700 1053 1450 2091 2405 2523 2540 2257
667A Lytt  201310111 1746 1314  940  580  692  939 1328 1708 2223 2539 2431 2249
667A Lytt  201310112 1938 1387  949  725  597  698 1104 1626 2123 2377 2622 2553
667A Lytt  201310121 2138 1834 1396  846  700  657  927 1217 1771 2084 2313 2469
667A Lytt  201310122 2182 1766 1284 1008  448  493  719  982 1523 2100 2314 2454
667A Lytt  201310131 2529 2022 1616 1312  740  534  514  755 1136 1751 2054 2293
667A Lytt  201310132 2460 2172 1772 1423  826  646  540  795 1039 1539 1978 2486
667A Lytt  201310141 2680 2249 2303 1761 1232  789  743  433  773 1236 1772 2171
667A Lytt  201310142 2515 2538 2140 1870 1423  863  641  490  664 1079 1678 2034
667A Lytt  201310151 2471 2618 2425 2236 1656 1157  832  624  488  803 1356 1762
667A Lytt  201310152 2128 2591 2357 2261 1943 1286  863  618  614  667 1131 1684
667A Lytt  201310161 2039 2393 2601 2371 2083 1553  994  658  380  498  827 1218
667A Lytt  201310162 1798 2221 2338 2444 2186 1672 1172  810  649  324  679 1154
667A Lytt  201310171 1618 2024 2381 2430 2249 1938 1474  827  540  428  438  774
667A Lytt  201310172 1301 1898 2216 2347 2479 2141 1562 1170  703  514  432  754
667A Lytt  201310181 1099 1689 2174 2409 2456 2117 1785 1215  876  323  464  329
667A Lytt  201310182  789 1327 1853 2179 2364 2373 1919 1471 1117  600  341  448
667A Lytt  201310191  603 1062 1546 2066 2154 2187 2134 1588 1032  827  368  273
667A Lytt  201310192  543  991 1415 1867 2347 2403 2140 2045 1562  817  747  476
667A Lytt  201310201  411  745 1344 1680 1921 2349 2276 1873 1555 1212  677  350
667A Lytt  201310202  528  656 1002 1636 2128 2299 2266 2350 1957 1284 1047  727
667A Lytt  201310211  412  584 1016 1407 1660 2119 2490 2048 1870 1748 1047  517
667A Lytt  201310212  620  677  651 1245 1927 2032 2314 2543 2310 1761 1476 1158
667A Lytt  201310221  631  615  881 1091 1359 1930 2305 2111 2103 2048 1295 1003
667A Lytt  201310222  793  517  542  897 1411 1691 2057 2368 2254 2018 1678 1338
667A Lytt  201310231  803  615  655  720 1093 1515 1868 2097 2095 2147 1676 1228
667A Lytt  201310232 1082  648  522  705 1132 1426 1719 2227 2354 2177 2024 1767
667A Lytt  201310241 1043  933  782  795  710 1356 1731 1793 2132 2395 1983 1703
667A Lytt  201310242 1460 1030  763  755  893 1218 1545 2021 2312 2227 2271 2129
667A Lytt  201310251 1563 1157 1078  669  669 1219 1266 1571 1978 2250 2005 1795
667A Lytt  201310252 1706 1268  836  741  926  957 1035 1726 2037 2149 2317 2170
667A Lytt  201310261 1917 1418 1213  837  732  938 1116 1381 1724 2199 2157 2026
667A Lytt  201310262 2131 1683 1290 1036 1011  857  986 1483 1757 1995 2320 2342
667A Lytt  201310271 2056 1836 1547 1092  794  859  990 1064 1471 1878 2073 2076
667A Lytt  201310272 2136 1842 1498 1168  970  847  815 1162 1451 1738 2089 2282
667A Lytt  201310281 2189 1996 1700 1409  960  745  855  804 1147 1581 1811 2045
667A Lytt  201310282 2083 1939 1700 1246 1046  774  575  825 1102 1388 1678 2074
667A Lytt  201310291 2119 2037 1877 1557 1127  764  816  661  800 1277 1564 1831
667A Lytt  201310292 2015 2109 1897 1551 1256  890  635  581  876 1128 1397 1913
667A Lytt  201310301 2164 2156 2106 1858 1473  970  842  661  635 1068 1344 1715
667A Lytt  201310302 2063 2176 2240 1924 1553 1356  750  754  835  846 1239 1758
667A Lytt  201310311 2047 2182 2389 2107 1815 1299 1007  827  557  872 1127 1516
667A Lytt  201310312 1891 2212 2289 2189 1944 1605 1052  825  781  585  937 1451
667A Lytt  201311011 1762 2069 2328 2315 2023 1640 1287  780  497  641  802 1052
667A Lytt  201311012 1532 2013 2220 2184 2241 1872 1208  961  833  434  688 1006
667A Lytt  201311021 1459 1862 2100 2416 2258 1821 1639 1039  610  600  536  709
667A Lytt  201311022 1208 1723 2121 2206 2376 2141 1679 1204  907  565  378  707
667A Lytt  201311031  959 1398 1886 2299 2267 2155 1926 1385  805  608  561  382
667A Lytt  201311032  812 1376 1871 2069 2481 2456 1986 1614 1326  734  383  563
667A Lytt  201311041  658  945 1558 2088 2230 2292 2283 1761 1173  879  554  229
667A Lytt  201311042  498  880 1381 1750 2311 2541 2251 2049 1716 1021  570  465
667A Lytt  201311051  393  542 1074 1691 1984 2137 2443 2042 1499 1272  666  272
667A Lytt  201311052  304  485  869 1376 2032 2395 2368 2413 2176 1459 1047  684
667A Lytt  201311061  347  352  631 1169 1595 2006 2405 2260 1973 1766 1097  622
667A Lytt  201311062  338  318  508  934 1503 2006 2356 2501 2360 1975 1544  988
667A Lytt  201311071  523  404  347  690 1113 1653 1989 2324 2350 2009 1589 1123
667A Lytt  201311072  590  358  349  458 1003 1588 1999 2346 2558 2347 1943 1499
667A Lytt  201311081  985  475  403  373  688 1207 1726 2064 2338 2409 2067 1551
667A Lytt  201311082 1251  664  424  403  690 1076 1523 2086 2456 2451 2478 2014
667A Lytt  201311091 1449 1043  546  382  470  757 1206 1734 2168 2389 2383 2032
667A Lytt  201311092 1682 1122  694  383  474  697  979 1589 2158 2358 2489 2433
667A Lytt  201311101 1968 1516  939  640  420  429  836 1211 1653 2135 2300 2237
667A Lytt  201311102 2157 1585 1084  758  534  370  668 1080 1503 1963 2353 2420
667A Lytt  201311111 2177 1838 1342  859  440  279  350  667 1069 1593 2068 2184
667A Lytt  201311112 2161 1916 1574  909  688  378  287  540 1037 1351 1875 2290
667A Lytt  201311121 2204 2063 1764 1296  632  508  313  228  617 1181 1579 1906
667A Lytt  201311122 2263 2119 1754 1488  979  562  292  272  657  798 1436 1940
667A Lytt  201311131 1989 2180 2049 1614 1143  695  396  151  297  655 1039 1592
667A Lytt  201311132 2021 2046 2041 1873 1391  850  530  367  298  458 1016 1497
667A Lytt  201311141 1698 2181 2228 1811 1642 1135  624  305  322  377  667 1216
667A Lytt  201311142 1789 1922 2228 2182 1789 1477  938  559  468  409  670 1108
667A Lytt  201311151 1597 1907 2191 2245 1976 1602 1180  681  382  495  495  888
667A Lytt  201311152 1482 1859 2184 2401 2225 1898 1526 1089  734  480  614  945
667A Lytt  201311161 1208 1786 2167 2277 2338 2030 1689 1083  739  575  406  689
667A Lytt  201311162 1148 1502 1984 2315 2366 2195 1909 1436  996  647  600  543
667A Lytt  201311171  899 1388 1777 2016 2309 2243 1835 1484 1041  715  479  529
667A Lytt  201311172  765 1127 1667 1978 2293 2306 2017 1811 1313  790  687  518
667A Lytt  201311181  582  953 1424 1786 2010 2199 2132 1649 1319  997  545  391
667A Lytt  201311182  603  731 1175 1693 2046 2237 2156 2063 1607 1101  805  558
667A Lytt  201311191  435  664 1028 1405 1770 1994 2176 1884 1596 1242  817  525
667A Lytt  201311192  438  587  845 1283 1810 2018 2092 2193 1804 1390 1064  716
667A Lytt  201311201  475  526  790 1073 1497 1884 2073 2003 1959 1550 1072  821
667A Lytt  201311202  582  511  775 1088 1559 1923 2122 2201 2198 1935 1498 1089
667A Lytt  201311211  822  618  619  989 1340 1652 2004 2055 2058 1866 1479 1081
667A Lytt  201311212  779  589  701  739 1217 1629 1873 2167 2126 1966 1749 1269
667A Lytt  201311221  855  761  594  726  968 1362 1660 1885 2042 1917 1775 1362
667A Lytt  201311222 1018  664  648  637  946 1306 1654 1990 2054 2141 1953 1505
667A Lytt  201311231 1236  894  632  578  847 1044 1390 1721 2000 2050 1871 1700
667A Lytt  201311232 1280  854  835  688  738 1121 1438 1737 2046 2265 2060 1849
667A Lytt  201311241 1682 1238  834  806  847  930 1301 1692 1878 2119 2159 1834
667A Lytt  201311242 1799 1259  995  871  873  965 1253 1667 1894 2181 2263 2071
667A Lytt  201311251 1904 1593 1081  911  835  778 1063 1409 1679 1966 2144 2107
667A Lytt  201311252 1941 1522 1318  972  778  891  939 1332 1657 1925 2198 2139
667A Lytt  201311261 1950 1805 1321 1013  858  686  807 1059 1363 1736 2009 2109
667A Lytt  201311262 2056 1722 1532 1117  780  773  745  954 1298 1598 1919 2067
667A Lytt  201311271 2044 1931 1503 1150  948  562  638  704 1070 1427 1715 2029
667A Lytt  201311272 2195 1807 1695 1349  955  786  610  771  907 1299 1723 1927
667A Lytt  201311281 2092 2093 1706 1470 1099  782  548  579  809 1169 1494 1968
667A Lytt  201311282 2171 2060 2098 1680 1229  970  673  639  753 1072 1593 1906
667A Lytt  201311291 2102 2250 2127 1818 1524 1077  742  655  774  945 1355 1897
667A Lytt  201311292 2159 2184 2434 2221 1640 1410 1136  770  751  929 1301 1726
667A Lytt  201311301 2076 2430 2370 2129 1973 1421 1078  755  736  733  961 1599
667A Lytt  201311302 2036 2378 2553 2492 2221 1822 1366  965  731  705  899 1295
667A Lytt  201312011 1768 2165 2407 2434 2231 1841 1353  895  596  506  640 1004
667A Lytt  201312012 1496 1946 2283 2430 2299 2101 1435 1088  768  487  452  769
667A Lytt  201312021 1293 1661 2061 2309 2338 2062 1602 1114  684  491  348  557
667A Lytt  201312022 1069 1571 1952 2369 2466 2295 2002 1444  932  652  377  320
667A Lytt  201312031  714 1283 1730 1986 2470 2264 1965 1604 1004  552  340  323
667A Lytt  201312032  480  982 1621 2155 2391 2503 2450 1888 1391  909  486  318
667A Lytt  201312041  397  833 1222 1848 2254 2328 2384 1984 1527 1001  512  301
667A Lytt  201312042  331  494 1142 1665 2081 2555 2533 2346 1969 1462  820  507
667A Lytt  201312051  396  353  817 1424 1951 2244 2504 2457 2118 1551 1026  624
667A Lytt  201312052  367  264  746 1147 1777 2282 2599 2692 2380 2093 1467  834
667A Lytt  201312061  505  486  322  840 1463 1967 2234 2584 2528 1970 1584 1058
667A Lytt  201312062  613  230  458  780 1186 1858 2378 2587 2624 2509 1996 1325
667A Lytt  201312071  908  583  290  400  891 1497 1869 2254 2724 2362 2102 1622
667A Lytt  201312072 1097  662  407  499  797 1300 1795 2394 2613 2542 2521 1988
667A Lytt  201312081 1407  993  567  414  547  933 1474 1855 2344 2677 2319 2078
667A Lytt  201312082 1728 1029  610  530  468  769 1285 1863 2223 2511 2602 2322
667A Lytt  201312091 1809 1459  909  470  446  534  880 1348 1917 2315 2367 2377
667A Lytt  201312092 2106 1465 1083  607  479  459  807 1195 1722 2097 2379 2358
667A Lytt  201312101 2151 1797 1346  719  530  379  509  862 1375 1839 2173 2440
667A Lytt  201312102 2258 1904 1533 1031  617  564  436  826 1168 1716 2078 2286
667A Lytt  201312111 2296 2156 1701 1219  813  499  408  502  882 1441 1814 2161
667A Lytt  201312112 2403 2171 1941 1453  975  811  504  468  949 1214 1623 2128
667A Lytt  201312121 2275 2309 2066 1679 1170  778  524  373  600 1125 1411 1877
667A Lytt  201312122 2342 2272 2157 1905 1562 1043  737  684  611 1023 1352 1762
667A Lytt  201312131 2073 2459 2235 2013 1782 1162  801  529  559  630 1048 1633
667A Lytt  201312132 1999 2096 2368 2225 1819 1395 1060  736  529  611 1021 1306
667A Lytt  201312141 1688 2129 2243 2156 1979 1597  983  666  636  484  682 1192
667A Lytt  201312142 1651 1925 2191 2271 2139 1724 1314 1087  533  633  728  908
667A Lytt  201312151 1355 1893 2072 2136 2243 1897 1335  949  776  530  463  950
667A Lytt  201312152 1324 1644 2065 2377 2147 2134 1836 1198  905  796  650  635
667A Lytt  201312161 1121 1571 1891 2077 2351 2160 1712 1464 1039  684  577  695
667A Lytt  201312162 1055 1326 1858 2221 2239 2336 2031 1655 1248  885  696  593
667A Lytt  201312171  812 1211 1654 1860 2162 2299 1889 1645 1309  819  543  688
667A Lytt  201312172  754  910 1615 1983 2102 2325 2309 1889 1524 1139  875  550
667A Lytt  201312181  692 1008 1266 1689 2023 2246 2088 1897 1559 1156  759  707
667A Lytt  201312182  709  858 1138 1742 2059 2118 2420 2168 1740 1481 1015  667
667A Lytt  201312191  605  845 1033 1382 1859 2108 2158 2053 1926 1494 1030  832
667A Lytt  201312192  631  725  932 1377 1803 2033 2272 2318 1909 1745 1376  892
667A Lytt  201312201  708  842  846 1009 1643 1854 1958 2150 2032 1750 1314 1005
667A Lytt  201312202  751  661  823 1101 1595 1906 2241 2293 2154 1974 1704 1249
667A Lytt  201312211  925  830  803  937 1362 1780 2229 2095 2396 1946 1509 1483
667A Lytt  201312212  977  551  907  935 1220 1692 1956 2228 2238 2108 1877 1462
667A Lytt  201312221 1174  804  803  889 1030 1471 1749 1915 2170 2152 1765 1535
667A Lytt  201312222 1218  815  725  788 1040 1406 1699 2029 2200 2194 2014 1795
667A Lytt  201312231 1295 1087  848  664  836 1285 1505 1709 2033 2218 1897 1795
667A Lytt  201312232 1501 1037  775  855  831 1063 1516 1859 2040 2247 2238 1862
667A Lytt  201312241 1632 1333 1024  814  836 1036 1253 1692 1985 2216 2163 1999
667A Lytt  201312242 1884 1396  967 1007  804  928 1330 1706 1792 2184 2389 2128
667A Lytt  201312251 1895 1648 1281  675  830  884  928 1284 1704 1967 2009 2113
667A Lytt  201312252 2009 1443 1194 1146  622  650 1055 1213 1473 1978 2209 2079
667A Lytt  201312261 2046 1843 1423  928  894  834  695 1094 1516 1727 1951 2253
667A Lytt  201312262 2203 1768 1588 1221  806  752  707  928 1267 1574 1944 2064
667A Lytt  201312271 2049 1976 1584 1150  782  718  452  683 1099 1241 1667 2074
667A Lytt  201312272 2142 1921 1834 1450  921  821  640  577  861 1285 1659 1891
667A Lytt  201312281 2142 2098 1895 1432 1121  768  559  434  804 1167 1330 1949
667A Lytt  201312282 2215 2125 2027 1882 1339  983  719  560  529  914 1361 1605
667A Lytt  201312291 2059 2285 2028 1778 1593  939  700  461  478  758 1153 1593
667A Lytt  201312292 2085 2196 2321 2207 1802 1456  913  690  676  629 1010 1501
667A Lytt  201312301 1929 2220 2443 2190 1916 1569 1116  668  457  599  744 1320
667A Lytt  201312302 1743 2214 2410 2504 2236 1865 1421  959  603  450  706  935
667A Lytt  201312311 1487 2041 2270 2311 2399 1944 1446  918  621  330  394  778
667A Lytt  201312312 1217 1782 2214 2439 2464 2294 1855 1311  871  520  449  618
