667A Lyttelton          New Zealand         2002 43360S 172430E 0000 3 00000R MM
667A Lytt  200201011  393  643  933 1473 1963 2253 2393 2293 1893 1473  903  613
667A Lytt  200201012  333  383  843 1353 1843 2443 2633 2513 2333 1823 1193  703
667A Lytt  200201021  583  283  513  973 1623 1883 2233 2443 2203 1863 1263  933
667A Lytt  200201022  453  113  423 1033 1293 1913 2573 2563 2583 2213 1693 1243
667A Lytt  200201031  803  493  413  563 1203 1593 1973 2413 2513 2343 1953 1553
667A Lytt  200201032 1023  543  303  643  903 1543 2183 2513 2613 2853 2293 1853
667A Lytt  200201041 1333  943  473  493  873 1163 1563 2223 2603 2473 2453 2093
667A Lytt  200201042 1433  943  673  433  563 1113 1543 2033 2463 2813 2503 2283
667A Lytt  200201051 1813 1263  763  513  553  733 1263 1753 2183 2563 2633 2433
667A Lytt  200201052 2053 1423  973  633  523  713 1023 1613 2083 2433 2633 2503
667A Lytt  200201061 2243 1743 1163  703  563  563  613 1263 1743 2093 2413 2553
667A Lytt  200201062 2273 1743 1443  843  423  493  613  843 1483 1993 2153 2343
667A Lytt  200201071 2423 1953 1473  993  663  413  353  623 1113 1663 1993 2303
667A Lytt  200201072 2433 2123 1733 1253  783  523  413  513  973 1373 1843 2203
667A Lytt  200201081 2293 2193 1893 1463  863  663  473  303  833 1213 1563 2063
667A Lytt  200201082 2393 2273 2133 1673 1183  823  523  423  573 1013 1323 1843
667A Lytt  200201091 2133 2313 2073 1833 1313  863  603  273  443  783 1063 1693
667A Lytt  200201092 2193 2193 2263 2153 1573 1233  783  473  393  623  903 1303
667A Lytt  200201101 1823 2073 2133 2003 1693 1193  803  383  353  463  673 1133
667A Lytt  200201102 1683 2103 2273 2213 2053 1543 1133  793  473  443  693  903
667A Lytt  200201111 1443 1953 2053 2163 2123 1683 1173  793  583  423  523  863
667A Lytt  200201112 1413 1883 2163 2393 2313 2073 1633 1243  753  613  643  703
667A Lytt  200201121 1133 1623 1963 2103 2363 2083 1633 1323  843  593  443  683
667A Lytt  200201122 1153 1533 1963 2373 2363 2343 2083 1603 1183  843  683  533
667A Lytt  200201131  863 1333 1753 1953 2313 2353 1923 1713 1273  853  603  623
667A Lytt  200201132  883 1163 1653 2153 2353 2383 2373 2023 1483 1163  893  563
667A Lytt  200201141  703 1063 1363 1783 2203 2213 2153 2013 1473 1223  773  673
667A Lytt  200201142  633  893 1363 1783 2063 2403 2393 2253 1933 1393 1153  673
667A Lytt  200201151  753  853 1033 1493 1983 2133 2243 2223 1853 1493 1023  873
667A Lytt  200201152  643  733 1003 1453 1823 2163 2373 2263 2143 1803 1293  933
667A Lytt  200201161  813  693  813 1193 1573 1913 2083 2143 2063 1773 1243  953
667A Lytt  200201162  743  643  723 1053 1563 1823 2103 2323 2193 1963 1653 1133
667A Lytt  200201171  793  773  703  773 1363 1673 1783 2083 2193 1813 1573 1253
667A Lytt  200201172  883  573  703  803 1153 1643 1823 2143 2183 2063 1853 1373
667A Lytt  200201181 1033  833  693  703 1063 1283 1653 1913 2053 2033 1773 1463
667A Lytt  200201182 1133  783  713  753  923 1323 1643 1973 2113 2153 2053 1683
667A Lytt  200201191 1203 1043  743  693  703 1133 1513 1553 2023 2163 1853 1753
667A Lytt  200201192 1443  913  833  773  733 1103 1453 1693 1973 2193 2073 1803
667A Lytt  200201201 1623 1213  903  703  663  873 1123 1483 1713 2013 1933 1903
667A Lytt  200201202 1613 1143  953  643  753  663 1013 1413 1583 1943 2013 1843
667A Lytt  200201211 1663 1413  983  643  693  653  693 1063 1503 1723 1863 2003
667A Lytt  200201212 1693 1393 1243  723  633  683  703 1063 1313 1633 1933 1853
667A Lytt  200201221 1773 1663 1213  843  653  613  483  833 1133 1503 1743 1963
667A Lytt  200201222 1773 1603 1413  983  663  753  573  823 1143 1453 1643 1913
667A Lytt  200201231 1883 1713 1523 1183  793  623  563  613  963 1293 1613 1853
667A Lytt  200201232 1973 1923 1663 1323 1013  733  623  733  893 1133 1553 1873
667A Lytt  200201241 1903 1973 1873 1503 1103  813  693  483  733 1073 1333 1753
667A Lytt  200201242 1993 2093 1953 1633 1423  993  623  663  643  893 1223 1593
667A Lytt  200201251 1813 2063 1973 1703 1413 1043  653  483  523  753 1053 1473
667A Lytt  200201252 1883 2083 2113 1963 1723 1333  803  673  563  593  923 1263
667A Lytt  200201261 1633 1953 2133 1953 1713 1373  893  623  443  433  723 1143
667A Lytt  200201262 1563 1923 2243 2223 1943 1763 1173  803  493  463  593  793
667A Lytt  200201271 1343 1743 2013 2063 2063 1743 1223  773  583  293  353  843
667A Lytt  200201272 1183 1653 2093 2303 2233 2083 1603 1153  653  523  253  493
667A Lytt  200201281  943 1393 1773 2123 2253 2063 1723 1183  653  383  223  293
667A Lytt  200201282  743 1213 1733 2183 2353 2323 2063 1603 1013  593  313  263
667A Lytt  200201291  403  893 1443 1853 2193 2293 2093 1643 1083  633  313  103
667A Lytt  200201292  283  763 1313 1813 2293 2513 2323 2053 1523  953  493  213
667A Lytt  200201301  223  443  913 1553 1963 2233 2403 2143 1613 1093  623  153
667A Lytt  200201302  133  343  743 1373 2043 2413 2513 2513 2103 1553 1003  503
667A Lytt  200201311  313  253  513 1163 1723 2053 2483 2503 2163 1803 1133  643
667A Lytt  200201312  333   93  343  873 1473 2163 2503 2643 2603 2193 1613 1023
667A Lytt  200202011  493  353  253  583 1213 1793 2143 2553 2483 2213 1783 1083
667A Lytt  200202012  623  293  143  313  933 1503 1983 2423 2553 2403 2013 1343
667A Lytt  200202021  833  433  203  203  663 1243 1633 2093 2473 2363 2153 1703
667A Lytt  200202022  953  493  253   73  363  953 1453 1883 2313 2453 2233 1773
667A Lytt  200202031 1283  743  353  143  233  623 1093 1623 2053 2333 2343 1993
667A Lytt  200202032 1553 1053  583  273  183  583  963 1403 2013 2283 2423 2243
667A Lytt  200202041 1783 1273  853  423  353  473  683 1353 1813 2243 2403 2583
667A Lytt  200202042 2083 1703 1243  753  443  613  803 1073 1703 2273 2383 2513
667A Lytt  200202051 2473 1963 1553 1183  753  553  793 1073 1563 2093 2493 2693
667A Lytt  200202052 2543 2253 1903 1403 1033  903  823  993 1443 1923 2363 2493
667A Lytt  200202061 2443 2513 2043 1623 1203  833  893  753 1053 1703 2063 2413
667A Lytt  200202062 2673 2463 2213 1763 1303  983  623  683  813 1263 1593 2003
667A Lytt  200202071 2323 2233 2063 1803 1293  903  643  573  553 1003 1383 1753
667A Lytt  200202072 2173 2223 2203 1923 1593 1043  663  563  413  743 1073 1493
667A Lytt  200202081 1773 2103 2113 1843 1643 1093  713  583  343  473 1043 1323
667A Lytt  200202082 1613 2103 2183 1983 1813 1473  863  603  543  433  663 1103
667A Lytt  200202091 1473 1743 2043 1973 1763 1413 1073  633  383  373  683  923
667A Lytt  200202092 1313 1753 2033 2123 1953 1733 1303  843  583  443  523  683
667A Lytt  200202101 1143 1543 1813 1973 2123 1653 1353 1063  513  493  463  673
667A Lytt  200202102 1023 1593 1953 2053 2223 2163 1663 1223 1083  713  553  793
667A Lytt  200202111 1023 1343 1793 2113 2173 2123 1883 1453  913  873  703  583
667A Lytt  200202112 1053 1403 1823 1993 2383 2353 2043 1763 1293 1033  673  693
667A Lytt  200202121  873 1103 1533 1983 2233 2133 2133 1893 1343 1093  843  733
667A Lytt  200202122  773 1103 1613 1833 2123 2473 2183 2033 1723 1203  953  703
667A Lytt  200202131  763  863 1223 1643 1963 2023 2193 1973 1563 1173  953  663
667A Lytt  200202132  513  793 1103 1483 1833 2213 2143 1993 1853 1383  943  733
667A Lytt  200202141  613  583  863 1303 1713 1763 2083 2093 1643 1483 1013  853
667A Lytt  200202142  483  653  783 1153 1583 1983 1953 1953 2033 1543 1153  843
667A Lytt  200202151  683  493  643  993 1283 1593 1913 1963 1813 1573 1363  823
667A Lytt  200202152  623  503  643  823 1343 1663 1833 1953 2023 1753 1343 1063
667A Lytt  200202161  753  463  553  693 1033 1323 1683 1863 1863 1753 1533 1053
667A Lytt  200202162  803  563  523  603  933 1363 1543 1813 2013 1803 1573 1313
667A Lytt  200202171  843  623  493  603  803 1073 1423 1773 1803 1903 1783 1313
667A Lytt  200202172 1053  753  573  523  773 1143 1393 1663 1943 1953 1843 1553
667A Lytt  200202181 1183  963  613  623  693  923 1363 1613 1843 2033 2043 1763
667A Lytt  200202182 1423 1123  933  673  763 1073 1333 1553 1943 2073 2063 1873
667A Lytt  200202191 1643 1273  953  863  793  853 1203 1603 1743 2013 2273 1963
667A Lytt  200202192 1743 1493 1193  883  873  943 1133 1423 1823 2043 2123 2183
667A Lytt  200202201 1943 1683 1293 1043  853  753 1073 1383 1473 2003 2263 2103
667A Lytt  200202202 2083 1783 1423 1093  843  843  833 1033 1483 1753 1933 2143
667A Lytt  200202211 2033 1733 1493 1213  893  663  773 1083 1163 1613 2003 2163
667A Lytt  200202212 2093 1973 1653 1193 1023  793  603  733 1153 1333 1663 1993
667A Lytt  200202221 2083 1883 1603 1453  963  643  643  713  823 1353 1763 1933
667A Lytt  200202222 2283 2213 1923 1633 1323  993  643  553  873 1183 1413 1843
667A Lytt  200202231 2163 2053 2023 1843 1343  953  773  663  603 1033 1493 1853
667A Lytt  200202232 2163 2403 2283 2033 1713 1293  933  623  823  903 1233 1713
667A Lytt  200202241 2093 2253 2273 2153 1783 1283  903  663  433  743 1033 1503
667A Lytt  200202242 1913 2203 2463 2303 1983 1723 1163  683  633  633  753 1243
667A Lytt  200202251 1733 2063 2263 2333 2193 1713 1213  913  423  433  713 1003
667A Lytt  200202252 1503 2053 2383 2473 2323 2093 1563  853  673  433  363  663
667A Lytt  200202261 1273 1663 2013 2423 2373 2023 1663 1153  543  303  343  473
667A Lytt  200202262  923 1653 2053 2363 2543 2413 1923 1383  973  463  323  333
667A Lytt  200202271  673 1203 1763 2213 2483 2303 2123 1643  873  553  263  163
667A Lytt  200202272  433  973 1593 2113 2533 2583 2283 1933 1383  803  423  203
667A Lytt  200202281  383  673 1263 1923 2303 2493 2583 2173 1473  943  613  203
667A Lytt  200202282   73  573 1123 1583 2263 2683 2573 2403 2063 1313  743  453
667A Lytt  200203011  183  343  823 1483 1953 2343 2763 2483 2123 1703 1043  563
667A Lytt  200203012  223  343  633 1183 1893 2453 2703 2683 2543 2003 1213  843
667A Lytt  200203021  453  273  493  973 1563 2053 2593 2753 2543 2303 1733 1103
667A Lytt  200203022  713  323  453  703 1313 1873 2383 2603 2723 2483 1893 1353
667A Lytt  200203031  833  443  283  573  993 1583 2053 2473 2623 2593 2173 1693
667A Lytt  200203032 1163  653  413  523  833 1293 1903 2393 2663 2653 2463 1903
667A Lytt  200203041 1363  943  553  393  813 1053 1713 2173 2553 2683 2623 2223
667A Lytt  200203042 1703 1213  843  613  653  953 1333 1933 2343 2603 2683 2343
667A Lytt  200203051 1893 1503  993  683  623  813 1193 1683 2133 2403 2703 2553
667A Lytt  200203052 2053 1723 1223  713  633  643  843 1263 1753 2183 2283 2283
667A Lytt  200203061 2223 1663 1223  863  603  463  693 1073 1443 1923 2343 2373
667A Lytt  200203062 2153 1983 1513  943  723  593  453  703 1223 1663 1893 2163
667A Lytt  200203071 2233 1853 1553 1193  743  453  523  613 1023 1423 1843 2213
667A Lytt  200203072 2193 2193 1823 1393 1053  683  503  483  893 1233 1553 1943
667A Lytt  200203081 2193 2053 1883 1583 1133  703  583  533  623 1073 1483 1863
667A Lytt  200203082 2133 2203 2063 1783 1393  943  633  463  563  883 1163 1643
667A Lytt  200203091 1963 2043 2123 1873 1453 1103  783  523  513  853 1123 1523
667A Lytt  200203092 1883 2183 2253 2043 1763 1403  983  633  643  693  963 1273
667A Lytt  200203101 1763 1973 2063 2043 1793 1313 1013  793  443  503  873 1153
667A Lytt  200203102 1493 1913 2073 2033 2013 1563 1123  803  623  593  613  953
667A Lytt  200203111 1443 1673 1823 2123 1883 1493 1353  823  523  553  583  813
667A Lytt  200203112 1153 1623 1953 1983 2073 1763 1363 1013  703  563  443  643
667A Lytt  200203121 1043 1323 1683 1973 1973 1773 1533 1093  743  563  493  643
667A Lytt  200203122  853 1353 1753 1923 2033 2013 1693 1343  953  713  573  623
667A Lytt  200203131  853 1243 1533 1913 2123 2003 1853 1583 1073  803  693  683
667A Lytt  200203132  733 1223 1663 1923 2123 2323 2043 1733 1413 1073  753  643
667A Lytt  200203141  903 1013 1393 1893 2013 2073 2113 1833 1423 1063  853  713
667A Lytt  200203142  683 1073 1403 1743 1983 2283 2163 1943 1703 1313  963  763
667A Lytt  200203151  853  933 1133 1703 2033 2073 2263 2183 1753 1393 1213  893
667A Lytt  200203152  643 1113 1193 1613 2043 2263 2323 2273 2073 1713 1373 1033
667A Lytt  200203161  963  923 1193 1513 1813 2163 2363 2233 2133 1713 1443 1203
667A Lytt  200203162  823 1083 1153 1273 1883 2203 2203 2393 2293 2053 1663 1273
667A Lytt  200203171 1173  943 1033 1443 1713 1943 2373 2353 2233 2063 1693 1318
667A Lytt  200203172 1021  873 1063 1153 1583 1913 2113 2323 2343 2183 1763 1503
667A Lytt  200203181 1213  883  903 1113 1393 1693 2103 2243 2273 2203 1973 1608
667A Lytt  200203182 1252  993 1013  903 1163 1623 1723 1923 2183 2193 1903 1513
667A Lytt  200203191 1273  933  933  713  933 1463 1633 1993 2183 2173 2163 1842
667A Lytt  200203192 1478 1143  963  923  933 1313 1563 1853 2083 2263 2043 1743
667A Lytt  200203201 1633 1083  733  993  713  953 1593 1773 1973 2243 2293 2105
667A Lytt  200203202 1820 1513 1143  753  983 1043 1133 1643 1983 2123 2183 2163
667A Lytt  200203211 1703 1353 1013  903  693  833 1163 1403 1713 2113 2233 2210
667A Lytt  200203212 2013 1643 1263  903  823  743  893 1233 1513 1953 1973 2083
667A Lytt  200203221 1883 1553 1333  893  673  673  833  953 1423 1753 1973 2093
667A Lytt  200203222 1993 1683 1363  963  763  613  523  793 1183 1473 1863 2063
667A Lytt  200203231 2023 1773 1593 1133  883  623  583  713 1073 1443 1883 2123
667A Lytt  200203232 2053 2153 1853 1363 1183  793  553  623  803 1303 1643 1843
667A Lytt  200203241 2223 2103 1813 1633 1093  733  633  603  713 1143 1633 2023
667A Lytt  200203242 2183 2353 2173 1783 1483  923  603  483  503  853 1303 1703
667A Lytt  200203251 2033 2273 2183 1883 1543 1073  673  453  493  643 1143 1643
667A Lytt  200203252 2043 2323 2363 2193 1923 1243  843  543  363  493  853 1333
667A Lytt  200203261 1843 2103 2223 2313 1933 1343  943  533  313  333  533 1143
667A Lytt  200203262 1653 2023 2313 2393 2203 1693 1133  743  313  263  423  773
667A Lytt  200203271 1333 1953 2183 2343 2393 1893 1323  863  463  173  273  583
667A Lytt  200203272 1233 1803 2273 2523 2553 2283 1723 1273  613  443  343  403
667A Lytt  200203281  923 1643 2123 2313 2733 2553 2093 1453  963  493  223  423
667A Lytt  200203282  693 1313 2053 2403 2623 2783 2363 1793 1223  723  453  383
667A Lytt  200203291  593 1063 1773 2253 2533 2833 2613 2093 1693  983  653  383
667A Lytt  200203292  373  913 1523 2203 2663 2853 2803 2563 1933 1313  933  543
667A Lytt  200203301  513  743 1393 1893 2323 2813 2823 2573 2213 1523  903  653
667A Lytt  200203302  393  523  923 1613 2193 2533 2783 2823 2353 1823 1333  793
667A Lytt  200203311  433  563  793 1283 1943 2453 2743 2763 2613 2093 1403  973
667A Lytt  200203312  563  423  463  923 1503 1953 2323 2733 2533 2263 1853 1203
667A Lytt  200204011  683  593  583  673 1373 2073 2493 2723 2843 2573 2113 1673
667A Lytt  200204012 1103  573  543  743  983 1513 2013 2393 2503 2573 2203 1483
667A Lytt  200204021 1113  703  443  433  713 1333 1763 2213 2653 2563 2373 1983
667A Lytt  200204022 1483  883  633  543  583  883 1453 1873 2123 2363 2433 1833
667A Lytt  200204031 1449 1245  533  279  684  768 1235 1715 2278 2350 2415 2425
667A Lytt  200204032 1814 1231  929  612  520  742  882 1302 1569 2091 2244 2069
667A Lytt  200204041 1820 1610 1054  726  562  656  810 1155 1756 2052 2223 2397
667A Lytt  200204042 2222 1602 1436 1022  633  485  671  993 1302 1749 2178 2191
667A Lytt  200204051 2123 1956 1480  983  771  689  625  850 1427 1649 2006 2406
667A Lytt  200204052 2312 2012 1889 1403  990  729  612  825 1043 1440 1819 2067
667A Lytt  200204061 2117 2171 1842 1436 1091  897  673  711 1126 1461 1770 2214
667A Lytt  200204062 2402 2408 2136 1930 1433  987  888  832  773 1199 1654 1911
667A Lytt  200204071 2233 2349 2249 1925 1586 1345  834  824 1046 1106 1421 1929
667A Lytt  200204072 2287 2231 2323 2222 1762 1310 1069  926  767 1016 1381 1606
667A Lytt  200204081 1957 2305 2263 1958 1867 1444 1006  722  836  786  972 1492
667A Lytt  200204082 1926 2006 2130 2264 1820 1405 1173  868  505  710  986 1102
667A Lytt  200204091 1462 1997 2056 1842 1943 1597  990  742  736  452  602 1042
667A Lytt  200204092 1404 1625 1904 2140 1790 1481 1246  872  420  581  656  759
667A Lytt  200204101 1055 1622 1895 1752 1943 1758 1255  924  662  455  371  757
667A Lytt  200204102 1034 1383 1729 1979 1897 1677 1431 1041  618  465  514  439
667A Lytt  200204111  842 1315 1561 1756 1944 1813 1447 1172  848  471  393  547
667A Lytt  200204112  702 1040 1593 1757 1828 1857 1591 1306  796  509  504  378
667A Lytt  200204121  567  959 1484 1557 1757 2038 1686 1264 1143  701  354  495
667A Lytt  200204122  581  846 1248 1727 1777 1869 1926 1475 1127  863  553  453
667A Lytt  200204131  524  814 1153 1583 1845 2006 1903 1764 1470  979  665  570
667A Lytt  200204132  654  694 1050 1527 1864 1873 1973 1866 1488 1104  856  632
667A Lytt  200204141  455  727 1063 1393 1704 2106 2038 1945 1797 1351  894  785
667A Lytt  200204142  604  590  856 1298 1564 1811 2011 1957 1744 1399 1069  724
667A Lytt  200204151  483  477  788 1013 1425 1835 2003 1938 1899 1593 1120  844
667A Lytt  200204152  717  461  591 1000 1362 1592 1850 2033 1868 1618 1329  929
667A Lytt  200204161  614  621  590  815 1188 1685 1879 1926 2147 1879 1409 1146
667A Lytt  200204162  939  497  509  796 1069 1218 1680 2013 1800 1788 1697 1157
667A Lytt  200204171  788  651  531  534 1016 1330 1576 1914 2140 1950 1753 1398
667A Lytt  200204172 1091  667  585  600  676 1027 1540 1721 1845 2031 1845 1453
667A Lytt  200204181 1033  891  548  458  825 1033 1311 1788 2027 1994 1970 1783
667A Lytt  200204182 1320  945  677  567  487  824 1151 1461 1680 2018 2022 1637
667A Lytt  200204191 1373 1106  653  472  592  724  907 1418 1828 1964 1949 1996
667A Lytt  200204192 1768 1118  880  716  401  453  888 1152 1433 1843 2138 1808
667A Lytt  200204201 1589 1576  958  526  583  567  558 1079 1568 1722 1938 2198
667A Lytt  200204202 1912 1507 1270  951  396  371  631  762 1053 1680 1988 1993
667A Lytt  200204211 1948 1794 1403  856  692  572  369  774 1204 1476 1807 2277
667A Lytt  200204212 2235 1846 1763 1307  709  477  449  594  740 1271 1777 1959
667A Lytt  200204221 2005 2116 1764 1179 1049  656  213  450  819  994 1430 2153
667A Lytt  200204222 2168 1980 2127 1631  944  590  514  169  383  828 1302 1593
667A Lytt  200204231 2010 2276 1921 1649 1353  766  306  321  329  586  977 1641
667A Lytt  200204232 2055 2129 2210 2030 1443  961  546  295   34  505  900 1236
667A Lytt  200204241 1841 2261 2159 2058 1954 1256  650  552  300  233  678 1327
667A Lytt  200204242 1831 2114 2493 2510 1938 1569 1158  575  221  366  591  973
667A Lytt  200204251 1473 2174 2424 2298 2392 1906 1187  744  518  144  259  750
667A Lytt  200204252 1379 1783 2283 2654 2236 1981 1729  874  405  342  322  487
667A Lytt  200204261 1042 1833 2166 2313 2708 2339 1814 1386  829  360  151  462
667A Lytt  200204262  851 1364 2070 2435 2503 2444 2131 1486  826  539  324  278
667A Lytt  200204271  531 1250 1830 2133 2605 2716 2241 1998 1347  711  314  293
667A Lytt  200204272  465  860 1543 2205 2307 2500 2561 2045 1452 1011  599  305
667A Lytt  200204281  383  782 1346 1909 2354 2739 2487 2370 2041 1254  741  493
667A Lytt  200204282  450  439  943 1748 1985 2343 2735 2438 2027 1686 1113  528
667A Lytt  200204291  482  608  837 1374 2089 2477 2575 2747 2429 1837 1237  872
667A Lytt  200204292  523  359  467 1026 1519 1860 2291 2420 2184 1837 1450  861
667A Lytt  200204301  426  355  523  669 1371 1996 2193 2464 2674 2247 1604 1299
667A Lytt  200204302  882  393  422  799 1038 1459 2073 2423 2357 2340 2018 1402
667A Lytt  200205011 1016  743  643  529 1147 1692 1863 2408 2755 2436 2100 1949
667A Lytt  200205012 1395  737  693  706  647 1114 1705 2003 2221 2473 2334 1791
667A Lytt  200205021 1467 1141  783  641  780 1224 1334 2196 2374 2506 2586 2302
667A Lytt  200205022 1903 1330 1087 1007  583  958 1420 1672 2048 2463 2514 2147
667A Lytt  200205031 1815 1728 1047  745  930 1055 1033 1769 2184 2191 2427 2595
667A Lytt  200205032 2109 1809 1381 1051  798  710 1118 1343 1650 2058 2513 2326
667A Lytt  200205041 2160 1971 1540 1083 1036  999  982 1452 1780 1985 2296 2654
667A Lytt  200205042 2342 2054 1724 1440  957  798  982 1003 1356 1803 2148 2287
667A Lytt  200205051 2305 2127 1819 1360 1128  944  722  939 1380 1494 1878 2277
667A Lytt  200205052 2246 2085 1777 1568 1020  639  733  668  924 1291 1715 2002
667A Lytt  200205061 2011 2178 1898 1395 1339  921  585  744 1094 1081 1475 2014
667A Lytt  200205062 2099 2002 2085 1715 1289  903  813  515  649 1013 1323 1627
667A Lytt  200205071 1910 2167 1954 1743 1595 1115  779  794  803 1033 1147 1727
667A Lytt  200205072 2037 2023 2154 2029 1576 1155  995  634  600  780 1156 1422
667A Lytt  200205081 1723 2162 2149 1813 1828 1517  900  857  786  584  923 1471
667A Lytt  200205082 1618 1839 2113 2052 1782 1412 1207  782  583  708  889 1156
667A Lytt  200205091 1539 1905 2100 2019 1992 1694 1228 1021  810  569  816 1257
667A Lytt  200205092 1483 1755 9999 9999 9999 9999 9999 9999 9999 9999 9999 9999
667A Lytt  200205101 9999 9999 9999 9999 9999 9999 9999 9999 9999 9999 9999 9999
667A Lytt  200205102 9999 9999 9999 9999 9999 9999 9999 9999 9999 9999 9999 9999
667A Lytt  200205111 9999 9999 9999 9999 9999 9999 9999 9999 9999 9999 9999 9999
667A Lytt  200205112 9999 9999 9999 9999 9999 9999 9999 9999 9999 9999 9999 9999
667A Lytt  200205121 9999 9999 9999 9999 9999 9999 9999 9999 9999 9999 9999 9999
667A Lytt  200205122 9999 9999 9999 9999 9999 9999 9999 9999 9999 9999 9999 9999
667A Lytt  200205131 9999 9999 9999 9999 9999 9999 9999 9999 9999 9999 9999 9999
667A Lytt  200205132 9999 9999 9999 9999 9999 9999 9999 9999 9999 9999 9999 9999
667A Lytt  200205141 9999 9999 9999 9999 9999 9999 9999 9999 9999 9999 9999 9999
667A Lytt  200205142 9999 9999 9999 9999 9999 9999 9999 9999 9999 9999 9999 9999
667A Lytt  200205151 9999 9999 9999 9999 9999 9999 9999 9999 9999 9999 9999 9999
667A Lytt  200205152 9999 9999 9999 9999 9999 9999 9999 9999 9999 9999 9999 9999
667A Lytt  200205161 9999 9999 9999 9999 9999 9999 9999 9999 9999 9999 9999 9999
667A Lytt  200205162 9999 9999 9999 9999 9999 9999 9999 9999 9999 9999 9999 9999
667A Lytt  200205171 9999 9999 9999 9999 9999 9999 9999 9999 9999 9999 9999 9999
667A Lytt  200205172 9999 9999 9999 9999 9999 9999 9999 9999 9999 9999 9999 9999
667A Lytt  200205181 9999 9999 9999 9999 9999 9999 9999 9999 9999 9999 9999 9999
667A Lytt  200205182 9999 9999 9999 9999 9999 9999 9999 9999 9999 9999 9999 9999
667A Lytt  200205191 9999 9999 9999 9999 9999 9999 9999 9999 9999 9999 9999 9999
667A Lytt  200205192 9999 9999 9999 9999 9999 9999 9999 9999 9999 9999 9999 9999
667A Lytt  200205201 9999 9999 9999 9999 9999 9999 9999 9999 9999 9999 9999 9999
667A Lytt  200205202 9999 9999 9999 9999 9999 9999 9999 9999 9999 9999 9999 9999
667A Lytt  200205211 9999 9999 9999 9999 9999 9999 9999 9999 9999 9999 9999 9999
667A Lytt  200205212 9999 9999 9999 9999 9999 9999 9999 9999 9999 9999 9999 9999
667A Lytt  200205221 9999 9999 9999 9999 9999 9999 9999 9999 9999 9999 9999 9999
667A Lytt  200205222 9999 9999 9999 9999 9999 9999 9999 9999 9999 9999 9999 9999
667A Lytt  200205231 9999 9999 9999 9999 9999 9999 9999 9999 9999 9999 9999 9999
667A Lytt  200205232 9999 9999 9999 9999 9999 9999 9999 9999 9999 9999 9999 9999
667A Lytt  200205241 9999 9999 9999 9999 9999 9999 9999 9999 9999 9999 9999 9999
667A Lytt  200205242 9999 9999 9999 9999 9999 9999 9999 9999 9999 9999 9999 9999
667A Lytt  200205251 9999 9999 9999 9999 9999 9999 9999 9999 9999 9999 9999 9999
667A Lytt  200205252 9999 9999 9999 9999 9999 9999 9999 9999 9999 9999 9999 9999
667A Lytt  200205261 9999 9999 9999 9999 9999 9999 9999 9999 9999 9999 9999 9999
667A Lytt  200205262 9999 9999 9999 9999 9999 9999 9999 9999 9999 9999 9999 9999
667A Lytt  200205271 9999 9999 9999 9999 9999 9999 9999 9999 9999 9999 9999 9999
667A Lytt  200205272 9999 9999 9999 9999 9999 9999 9999 9999 9999 9999 9999 9999
667A Lytt  200205281 9999 9999 9999 9999 9999 9999 9999 9999 9999 9999 9999 9999
667A Lytt  200205282 9999 9999 9999 9999 9999 9999 9999 9999 9999 9999 9999 9999
667A Lytt  200205291 9999 9999 9999 9999 9999 9999 9999 9999 9999 9999 9999 9999
667A Lytt  200205292 9999 9999 9999 9999 9999 9999 9999 9999 9999 9999 9999 9999
667A Lytt  200205301 9999 9999 9999 9999 9999 9999 9999 9999 9999 9999 9999 9999
667A Lytt  200205302 9999 9999 9999 9999 9999 9999 9999 9999 9999 9999 9999 9999
667A Lytt  200205311 9999 9999 9999  553  983 1193 1643 2143 2173 2193 2143 1713
667A Lytt  200205312 1263  973  623  423  543  993 1233 1563 1993 2003 2013 1753
667A Lytt  200206011 1323  933  663  533  603  853 1193 1633 1943 2083 2173 1913
667A Lytt  200206012 1623 1373  883  643  553  783  963 1353 1773 1943 2053 2183
667A Lytt  200206021 1583 1353 1153  723  733  683 1063 1393 1733 2103 2083 2183
667A Lytt  200206022 2033 1653 1293  873  763  743  783 1133 1573 1863 2193 2153
667A Lytt  200206031 2133 1803 1503 1193  993  763  973 1243 1423 1903 1923 2193
667A Lytt  200206032 2143 2013 1533 1223 1073  733  683  903 1343 1593 1923 2173
667A Lytt  200206041 2153 1903 1743 1313 1063  783  863  903 1123 1493 1753 1943
667A Lytt  200206042 2183 2153 1733 1473 1213  913  673  793 1073 1313 1643 2033
667A Lytt  200206051 2133 2043 2053 1663 1331  993 1025  932  890 1184 1555 1956
667A Lytt  200206052 2162 2147 1963 1758 1456 1222  886  787 1026 1087 1506 1748
667A Lytt  200206061 2181 2162 2213 1968 1764 1233 1185  931  878 1231 1331 1752
667A Lytt  200206062 2139 2214 2182 2126 1678 1389  998  777  831  837 1296 1543
667A Lytt  200206071 1870 2236 2170 2081 2024 1454 1158 1047  756  801 1126 1339
667A Lytt  200206072 1671 1909 2009 2132 1741 1670  918  773  796  438  839 1189
667A Lytt  200206081 1562 1777 2067 2107 1998 1701 1237 1011  822  709  710 1088
667A Lytt  200206082 1409 1782 2111 1982 2047 1819 1276  985  846  518  770 1085
667A Lytt  200206091 1164 1704 1970 2147 2307 1884 1666 1364  865  810  592  844
667A Lytt  200206092 1226 1567 1735 2140 2086 2029 1460 1304  974  468  659  748
667A Lytt  200206101  977 1341 1982 2113 2220 2264 1993 1590 1104  892  548  693
667A Lytt  200206102  918 1401 1624 1960 2309 2245 1954 1767 1355  822  818  697
667A Lytt  200206111  743 1250 1718 2077 2264 2356 2427 1837 1559 1163  798  611
667A Lytt  200206112  795 1065 1286 1844 2141 2191 2146 1962 1571 1073  782  636
667A Lytt  200206121  598  775 1315 1708 2047 2379 2402 2113 1872 1421  968  737
667A Lytt  200206122  663  795  937 1495 1831 2176 2159 2129 1958 1363 1004  790
667A Lytt  200206131  553  547  990 1401 1769 2114 2521 2322 2060 1888 1259  805
667A Lytt  200206132  799  570  670 1133 1515 1900 2177 2378 2164 1845 1469 1161
667A Lytt  200206141  626  597  819 1083 1557 1997 2508 2458 2437 2306 1793 1371
667A Lytt  200206142  958  769  672  788 1213 1784 1878 2312 2562 2066 1941 1491
667A Lytt  200206151  950  735  532  746 1144 1441 2034 2404 2332 2471 2020 1573
667A Lytt  200206152 1241  727  471  463  851 1096 1434 2016 2188 2120 2064 1620
667A Lytt  200206161 1177  750  453  360  626  918 1439 1897 2091 2343 2234 1840
667A Lytt  200206162 1504  998  578  395  399  732 1036 1509 2007 2213 2264 2015
667A Lytt  200206171 1597 1200  717  460  407  710 1037 1421 1992 2268 2465 2377
667A Lytt  200206172 1945 1606  938  582  486  636  740 1104 1732 2056 2269 2427
667A Lytt  200206181 1895 1675 1197  666  485  428  717  976 1537 1887 2224 2388
667A Lytt  200206182 2176 1943 1309 1019  593  278  398  785 1086 1540 2186 2265
667A Lytt  200206191 2165 1978 1502 1003  665  337  292  665  970 1360 1858 2251
667A Lytt  200206192 2278 2140 1737 1233  766  379  151  217  738 1113 1611 2101
667A Lytt  200206201 2225 2193 1948 1479 1091  527  400  361  563  935 1588 1868
667A Lytt  200206202 2187 2462 2061 1585 1365  902  255  379  553  738 1237 1925
667A Lytt  200206211 2235 2326 2388 2123 1545 1144  727  603  209  703 1040 1523
667A Lytt  200206212 1985 2413 2254 2188 1870 1218  571  567  374  318  997 1541
667A Lytt  200206221 1750 2169 2666 2289 2041 1797 1115  740  451  525  650 1143
667A Lytt  200206222 1761 2146 2375 2344 2182 1652 1087  821  339  304  661  999
667A Lytt  200206231 1516 2032 2429 2437 2495 2128 1627 1084  829  452  379  919
667A Lytt  200206232 1147 1744 2169 2297 2524 2156 1483 1320  796  440  483  725
667A Lytt  200206241 1089 1595 2103 2357 2575 2425 2052 1637  955  629  515  415
667A Lytt  200206242  800 1313 1702 2041 2348 2357 1855 1527 1151  614  400  459
667A Lytt  200206251  690 1047 1671 2026 2313 2541 2244 1959 1366 1007  533  370
667A Lytt  200206252  534  869 1255 1745 2100 2315 2123 1886 1518  996  582  443
667A Lytt  200206261  512  678 1083 1762 2105 2169 2521 2162 1713 1316  830  621
667A Lytt  200206262  422  605  881 1372 1703 2110 2148 2081 1888 1326  923  657
667A Lytt  200206271  438  427  781 1345 1693 2043 2507 2295 2093 1741 1272  865
667A Lytt  200206272  533  625  599  925 1492 1880 1877 2347 2076 1643 1409  980
667A Lytt  200206281  555  471  634  816 1400 1802 2078 2194 2241 1938 1429 1138
667A Lytt  200206282  716  588  316  638 1048 1316 1654 2007 2093 1819 1663 1153
667A Lytt  200206291  824  581  445  580 1104 1451 1711 2132 2387 2033 1846 1636
667A Lytt  200206292 1109  764  722  616  848 1306 1539 1948 2216 2146 2009 1740
667A Lytt  200206301 1285  897  812  601  990 1222 1638 1995 2261 2187 2209 1908
667A Lytt  200206302 1572 1162  880  811  748 1112 1354 1808 2092 2164 2291 2087
667A Lytt  200207011 1710 1326 1128  931 1037 1203 1585 1941 2213 2320 2473 2374
667A Lytt  200207012 2051 1638 1441 1077 1025 1177 1251 1616 2147 2121 2273 2457
667A Lytt  200207021 2064 1682 1413 1187  938  970 1338 1537 1704 2149 2226 2157
667A Lytt  200207022 2211 1920 1373 1093  947  829  953 1190 1591 1816 2221 2144
667A Lytt  200207031 2111 1983 1450 1251 1165  755 1016 1285 1357 1711 2084 2111
667A Lytt  200207032 2106 1947 1682 1185  990  879  738  932 1301 1592 1889 2095
667A Lytt  200207041 2324 2034 1665 1612 1236  853  960 1004 1188 1485 1814 1985
667A Lytt  200207042 2187 2132 1861 1562 1169  986  658  775 1073 1207 1678 1987
667A Lytt  200207051 2088 2192 1904 1718 1418 1111  912  813  962 1146 1510 1863
667A Lytt  200207052 2041 2193 2035 1733 1400 1188  755  695  836 1023 1374 1863
667A Lytt  200207061 1966 2137 2264 1831 1758 1259 1071  802  735  969 1155 1627
667A Lytt  200207062 1822 2111 2225 1971 1686 1448  906  787  760  789 1189 1606
667A Lytt  200207071 1911 2125 2355 2245 1987 1589 1335 1009  696  837  990 1312
667A Lytt  200207072 1752 1999 2192 2177 1983 1700 1122  996  654  645  956 1159
667A Lytt  200207081 1598 2028 2300 2224 2266 1963 1523 1139  913  640  706 1067
667A Lytt  200207082 1427 1767 2017 2272 2119 1895 1487 1167  734  580  729  814
667A Lytt  200207091 1291 1800 2063 2192 2548 2146 1758 1483  984  566  582  764
667A Lytt  200207092  869 1459 1842 2005 2198 2182 1732 1314  877  708  496  433
667A Lytt  200207101  937 1329 1659 2118 2415 2228 1974 1801 1229  552  614  444
667A Lytt  200207102  516  977 1560 1695 2069 2319 1893 1632 1212  818  397  341
667A Lytt  200207111  529  701 1348 1748 2113 2369 2259 1945 1477  990  540  300
667A Lytt  200207112  347  544  985 1383 1764 2103 2001 1867 1516  996  587  254
667A Lytt  200207121  182  357  821 1319 1817 2205 2317 2189 1911 1357  844  421
667A Lytt  200207122  285  320  502 1011 1487 1878 2047 2166 1907 1367 1053  570
667A Lytt  200207131  216  187  414  901 1423 1940 2261 2344 2245 1860 1258  874
667A Lytt  200207132  484  261  287  642 1188 1620 1881 2271 2217 1856 1515 1005
667A Lytt  200207141  472  223  220  372 1066 1495 1948 2275 2440 2061 1689 1230
667A Lytt  200207142  742  311  203  284  513 1185 1566 1875 2205 2126 1804 1320
667A Lytt  200207151  887  403  113   72  576  935 1521 1911 2225 2160 1986 1609
667A Lytt  200207152 1137  578  273  135  167  628 1041 1523 1889 2010 2114 1648
667A Lytt  200207161 1248  922  294  -50  302  422  828 1460 1917 1991 2124 1992
667A Lytt  200207162 1465 1060  627  155   54  353  628 1089 1591 1981 2182 2111
667A Lytt  200207171 1691 1331  772  374  210  229  435 1010 1549 1677 2102 2173
667A Lytt  200207172 1839 1543 1044  515  296  149  281  645 1194 1585 2010 2279
667A Lytt  200207181 2107 1763 1220  919  463  114  419  555  885 1452 1894 2011
667A Lytt  200207182 2122 1918 1424 1000  563  329    0  428  778 1282 1686 2238
667A Lytt  200207191 2287 2070 1896 1326 1012  547  398  451  672 1014 1590 1942
667A Lytt  200207192 2159 2215 1942 1496 1094  641  290  371  562  878 1410 1954
667A Lytt  200207201 2222 2301 2241 1896 1418 1047  656  455  525  745 1208 1623
667A Lytt  200207202 1952 2359 2241 1942 1663 1245  622  463  513  693 1033 1654
667A Lytt  200207211 2078 2305 2463 2241 2068 1486 1082  738  550  589  790 1344
667A Lytt  200207212 1694 2057 2249 2233 1885 1561  920  596  461  240  710 1075
667A Lytt  200207221 1460 1927 2312 2311 2160 1845 1423  907  574  431  530  693
667A Lytt  200207222 1310 1814 1859 2239 2110 1787 1247  891  599  192  413  735
667A Lytt  200207231 1033 1561 2055 2122 2337 2196 1602 1336  889  429  391  505
667A Lytt  200207232  849 1228 1776 2005 2065 2182 1707 1233  872  589  351  477
667A Lytt  200207241  719 1297 1646 1934 2493 2263 1991 1884 1167  736  512  581
667A Lytt  200207242  473  926 1553 1864 1947 2283 2090 1569 1292  833  581  395
667A Lytt  200207251  484  929 1214 1726 2160 2256 2216 2005 1531  944  651  545
667A Lytt  200207252  284  561 1106 1387 1664 2085 2060 1725 1515 1133  704  294
667A Lytt  200207261  458  441  735 1302 1795 1947 2110 2080 1702 1164  832  545
667A Lytt  200207262  296  292  659 1013 1330 1785 1871 1833 1777 1232  883  621
667A Lytt  200207271  327  215  481  919 1373 1633 1943 2026 1842 1495 1075  696
667A Lytt  200207272  435  325  309  625 1081 1396 1616 1852 1816 1459 1195  777
667A Lytt  200207281  492  244  324  558 1007 1343 1703 1790 1923 1681 1242 1005
667A Lytt  200207282  628  349  292  399  745 1191 1394 1721 1807 1734 1577 1009
667A Lytt  200207291  831  550  336  393  803 1182 1490 1814 1944 1853 1627 1436
667A Lytt  200207292  940  630  538  507  547 1093 1270 1565 1967 1892 1804 1524
667A Lytt  200207301 1146  841  512  544  647  828 1341 1512 1875 1809 1738 1748
667A Lytt  200207302 1139  961  648  500  386  723  939 1398 1583 1950 1888 1605
667A Lytt  200207311 1372 1067  793  501  590  664 1012 1263 1672 1753 1729 1857
667A Lytt  200207312 1479 1106  899  627  428  677  787 1158 1358 1787 1900 1786
667A Lytt  200208011 1685 1285  975  590  771  490  702 1043 1449 1438 1708 1962
667A Lytt  200208012 1581 1295 1157  878  282  540  581  726  968 1598 1744 1618
667A Lytt  200208021 1863 1580 1140  867  853  531  489  824 1182 1098 1596 1888
667A Lytt  200208022 1587 1629 1468  946  607  618  481  513 1003 1320 1534 1712
667A Lytt  200208031 2080 1802 1448 1308 1039  636  653  806  985 1018 1579 1945
667A Lytt  200208032 1837 1986 1925 1426 1091 1055  624  695  971 1195 1531 1956
667A Lytt  200208041 1974 2006 1769 1796 1392  868  938  682  829 1034 1414 1779
667A Lytt  200208042 1869 2143 2103 1677 1420 1065  688  564  632  821 1173 1485
667A Lytt  200208051 1934 2011 2030 1876 1573 1210  814  659  553  566  920 1319
667A Lytt  200208052 1666 1867 2096 1945 1537 1295  856  530  472  553  867 1221
667A Lytt  200208061 1669 2017 2149 2130 1958 1536 1127  749  699  384  651 1019
667A Lytt  200208062 1428 1835 1961 2163 1902 1482 1255  728  444  442  637  868
667A Lytt  200208071 1326 1868 2148 2209 2285 1969 1377 1118  704  394  416  804
667A Lytt  200208072 1102 1473 2131 2263 2134 2108 1644 1132  734  701  443  645
667A Lytt  200208081 1180 1610 1976 2394 2651 2303 2077 1649 1063  614  493  593
667A Lytt  200208082  806 1293 1824 2231 2335 2453 2051 1618 1172  701  522  319
667A Lytt  200208091  655 1208 1675 2088 2586 2568 2288 2167 1414  854  529  414
667A Lytt  200208092  439  797 1426 1862 2129 2588 2305 1934 1613 1031  534  298
667A Lytt  200208101  327  585 1107 1654 2250 2373 2491 2377 1803 1289  789  519
667A Lytt  200208102  277  383  954 1404 1897 2224 2498 2326 1981 1554  969  479
667A Lytt  200208111  292  325  658 1205 1796 2241 2564 2521 2366 1755 1203  754
667A Lytt  200208112  396  164  615  942 1451 1979 2362 2525 2298 2038 1494  914
667A Lytt  200208121  567  308  259  791 1379 1779 2304 2614 2517 2194 1679 1175
667A Lytt  200208122  571  230  289  434  869 1474 2023 2336 2525 2271 1973 1353
667A Lytt  200208131  887  465  168  258  790 1268 1678 2278 2546 2163 2117 1599
667A Lytt  200208132  965  541  374  289  456 1001 1573 1924 2231 2519 2216 1795
667A Lytt  200208141 1406  903  373  179  529  740 1236 1829 2298 2272 2267 2176
667A Lytt  200208142 1436  992  617  369  195  542  990 1426 1960 2360 2321 2170
667A Lytt  200208151 1717 1396  821  363  382  362  770 1283 1788 2055 2285 2343
667A Lytt  200208152 1923 1430 1128  681  259  467  614 1014 1539 2118 2326 2404
667A Lytt  200208161 2324 1927 1355  904  734  418  584  958 1330 1708 2145 2271
667A Lytt  200208162 2294 1947 1570 1224  645  418  516  760 1107 1652 2094 2352
667A Lytt  200208171 2405 2350 1941 1368 1176  771  520  667 1141 1372 1722 2349
667A Lytt  200208172 2442 2215 2224 1764 1150  888  719  642  901 1440 1863 2174
667A Lytt  200208181 2556 2573 2409 1863 1545 1052  752  770  667 1009 1444 1896
667A Lytt  200208182 2236 2438 2366 2075 1574 1298  936  597  684 1035 1420 1743
667A Lytt  200208191 2247 2541 2339 2196 1972 1365  988  802  542  715  941 1493
667A Lytt  200208192 1773 2115 2282 2143 1763 1429  913  661  508  416  900 1276
667A Lytt  200208201 1657 2101 2238 2208 2080 1666 1220  845  602  430  548  926
667A Lytt  200208202 1352 1680 2006 2148 1895 1645 1145  850  474  345  565  782
667A Lytt  200208211 1129 1768 2005 2070 2342 1874 1419 1214  715  417  346  650
667A Lytt  200208212  961 1333 1816 2102 2057 1844 1598 1131  723  494  395  467
667A Lytt  200208221  814 1355 1731 1984 2182 2206 1675 1357 1005  493  335  483
667A Lytt  200208222  596  971 1498 1827 2014 1938 1871 1399  854  734  476  256
667A Lytt  200208231  539 1157 1293 1658 2255 2144 1795 1800 1353  640  547  576
667A Lytt  200208232  361  709 1268 1721 1749 2077 2115 1686 1364 1057  719  468
667A Lytt  200208241  556  871 1179 1547 2109 2231 2011 2142 1601 1135  878  666
667A Lytt  200208242  487  543 1046 1474 1741 1991 2201 2120 1796 1462 1156  717
667A Lytt  200208251  691  769 1031 1420 1916 2192 2282 2335 2109 1711 1128  948
667A Lytt  200208252  696  536  935 1270 1508 1983 2187 2135 2004 1630 1227  778
667A Lytt  200208261  602  792  749 1210 1710 2146 2231 2552 2444 1893 1597 1343
667A Lytt  200208262 1011  752  896 1100 1379 1583 2053 2157 2062 2102 1650 1143
667A Lytt  200208271  996  801  697  874 1291 1692 1850 2183 2283 1942 1725 1363
667A Lytt  200208272  976  663  708  736  934 1277 1660 1845 1909 1917 1770 1226
667A Lytt  200208281  941  770  498  514  843 1158 1338 1803 1981 1725 1677 1412
667A Lytt  200208282  998  625  661  407  607  890 1237 1465 1774 1840 1805 1458
667A Lytt  200208291 1144  889  562  523  501  947 1027 1480 1744 1694 1828 1553
667A Lytt  200208292 1243  840  724  446  528  648  952 1292 1577 1716 1933 1703
667A Lytt  200208301 1334 1121  842  575  528  698  906 1233 1528 1679 1819 1789
667A Lytt  200208302 1521 1190  936  653  479  540  808 1040 1426 1695 1895 1885
667A Lytt  200208311 1682 1390 1140  782  520  702  684  900 1329 1534 1658 1900
667A Lytt  200208312 1767 1474 1158  917  702  419  612  944 1126 1504 1927 1930
667A Lytt  200209011 1875 1745 1439 1038  778  689  562  750 1038 1345 1574 1922
667A Lytt  200209012 1853 1753 1548 1213  825  549  581  725  843 1245 1777 1870
667A Lytt  200209021 1903 2033 1756 1319 1059  839  416  740  666  944 1459 1741
667A Lytt  200209022 1868 1926 1857 1421 1049  784  569  464  575 1040 1395 1735
667A Lytt  200209031 2029 2184 2013 1757 1462 1049  656  574  646  754 1142 1633
667A Lytt  200209032 1870 2012 2088 1894 1371 1056  769  459  423  661 1138 1389
667A Lytt  200209041 1953 2320 2159 2138 1860 1318  941  705  467  483  787 1236
667A Lytt  200209042 1627 1931 2143 2130 1790 1430  955  597  381  373  705 1043
667A Lytt  200209051 1608 2110 2303 2277 2241 1793 1214  845  583  373  487  883
667A Lytt  200209052 1394 1665 2174 2362 2184 1813 1402  956  430  296  486  582
667A Lytt  200209061 1125 1832 2159 2388 2457 2215 1699 1173  728  308  288  445
667A Lytt  200209062  784 1358 1931 2177 2308 2158 1826 1307  719  456  223  215
667A Lytt  200209071  729 1263 1817 2280 2570 2502 2151 1751 1101  608  334  231
667A Lytt  200209072  507  945 1553 2064 2406 2487 2356 1906 1374  854  468  236
667A Lytt  200209081  403  813 1405 1978 2438 2680 2614 2188 1725 1102  523  343
667A Lytt  200209082  292  546 1075 1693 2140 2444 2565 2280 1820 1335  788  294
667A Lytt  200209091  148  396  722 1394 1986 2387 2616 2528 2045 1525 1000  462
667A Lytt  200209092  302  243  566 1140 1765 2037 2485 2667 2144 1834 1354  682
667A Lytt  200209101  276  241  406  748 1425 2013 2298 2687 2474 1895 1543  993
667A Lytt  200209102  412  205  426  656 1107 1753 2265 2464 2508 2428 1827 1104
667A Lytt  200209111  860  412  216  534  909 1505 2015 2423 2519 2299 1981 1457
667A Lytt  200209112  965  470  339  396  581 1248 1751 2199 2411 2574 2219 1668
667A Lytt  200209121 1334  835  351  338  550  996 1422 1991 2367 2405 2245 1940
667A Lytt  200209122 1351  907  486  409  345  677 1270 1716 2147 2503 2473 2014
667A Lytt  200209131 1823 1394  703  604  488  557 1011 1460 1892 2185 2399 2167
667A Lytt  200209132 1825 1383  977  553  453  491  726 1287 1684 2130 2314 2350
667A Lytt  200209141 2077 1686 1263  743  477  427  542  904 1263 1651 2041 2097
667A Lytt  200209142 1844 1675 1277  746  476  288  359  742 1006 1598 1896 2098
667A Lytt  200209151 2227 1878 1523 1118  663  424  297  501  789 1201 1553 1935
667A Lytt  200209152 2008 1858 1613 1150  742  427  263  398  663 1099 1497 1912
667A Lytt  200209161 2121 2104 1966 1499 1104  833  384  500  630  834 1350 1753
667A Lytt  200209162 1981 2056 2057 1670 1358  838  589  532  552  972 1347 1748
667A Lytt  200209171 2101 2273 2271 2000 1593 1185  831  651  507  723 1089 1384
667A Lytt  200209172 1769 2164 2061 2091 1713 1209  880  615  466  734 1001 1421
667A Lytt  200209181 1826 2157 2225 2313 1863 1693 1168  795  737  626  897 1289
667A Lytt  200209182 1743 2023 2253 2383 2039 1716 1393 1037  801  719  945 1228
667A Lytt  200209191 1780 2069 2349 2400 2312 1701 1799 1202  705  892  829  974
667A Lytt  200209192 1386 2076 2100 2260 2482 2165 1622 1370 1149  728  759 1060
667A Lytt  200209201 1382 1716 2268 2382 2361 2367 2007 1531 1191  863  791  819
667A Lytt  200209202 1032 1579 1897 2139 2322 2106 2015 1521 1092  946  697  748
667A Lytt  200209211  969 1399 1784 2066 2285 2219 1984 1725 1174  739  712  626
667A Lytt  200209212  646 1137 1521 1921 2065 2170 2112 1711 1297 1164  715  477
667A Lytt  200209221  763  988 1299 1859 2194 2115 2116 1987 1434  955  873  566
667A Lytt  200209222  483  930 1257 1550 1907 2123 2057 1893 1569 1187  762  647
667A Lytt  200209231  705  669 1129 1660 1819 1978 2198 1949 1646 1289 1045  609
667A Lytt  200209232  645  772  936 1420 1810 1906 2106 2059 1739 1543 1087  868
667A Lytt  200209241  579  722 1006 1238 1617 1950 2134 2031 1862 1556 1216  735
667A Lytt  200209242  771  570  792 1146 1597 1795 1975 2179 2023 1711 1344 1152
667A Lytt  200209251  666  718  865  907 1362 1762 1902 2022 2056 1808 1358 1041
667A Lytt  200209252  895  454  682  959 1204 1458 1918 2051 1931 1959 1612 1249
667A Lytt  200209261  892  807  753  689 1197 1540 1663 2018 2024 1945 1610 1385
667A Lytt  200209262 1051  662  709  857  954 1324 1708 1940 2005 2159 1871 1489
667A Lytt  200209271 1173 1032  646  736  923 1198 1492 1756 2025 1978 1906 1569
667A Lytt  200209272 1265  932  752  713  773 1070 1459 1640 1966 2133 1999 1813
667A Lytt  200209281 1517 1167  854  736  843 1028 1225 1580 1888 2000 2106 1856
667A Lytt  200209282 1516 1316  990  719  782  870 1252 1523 1891 2149 2185 2244
667A Lytt  200209291 1849 1593 1324 1022  883  998 1172 1375 1749 1957 2035 2100
667A Lytt  200209292 1757 1504 1163  914  809  761 1001 1265 1655 1958 2136 2285
667A Lytt  200209301 2113 1830 1453 1214  845  775  960 1015 1424 1738 2004 1972
667A Lytt  200209302 1992 1807 1406 1085  851  653  679  880 1244 1669 1961 2139
667A Lytt  200210011 2202 1971 1779 1321  914  670  727  735  887 1384 1736 1859
667A Lytt  200210012 1992 1995 1699 1395 1010  721  477  673  909 1293 1722 2078
667A Lytt  200210021 2290 2144 2146 1752 1223  876  700  661  704 1073 1510 1888
667A Lytt  200210022 2059 2269 2094 1853 1471  954  667  610  762  971 1446 1897
667A Lytt  200210031 2228 2378 2424 2170 1575 1286  829  520  488  758 1091 1450
667A Lytt  200210032 1843 2099 2152 1973 1606 1140  691  384  287  412  757 1243
667A Lytt  200210041 1732 2101 2258 2161 1840 1367  841  413  187  185  422  866
667A Lytt  200210042 1368 1978 2110 2172 2012 1544 1054  537  370   94  312  793
667A Lytt  200210051 1320 1763 2275 2546 2211 1945 1473  773  408  278  289  411
667A Lytt  200210052 1076 1742 1950 2404 2504 2000 1629 1094  475  188  215  256
667A Lytt  200210061  754 1398 1964 2332 2413 2295 1828 1264  694  236   65   94
667A Lytt  200210062  466 1042 1595 2074 2368 2277 1975 1443  902  343   32  -10
667A Lytt  200210071  196  713 1439 1812 2213 2440 2122 1695 1098  531  117 -120
667A Lytt  200210072    2  457  961 1675 2111 2246 2264 1908 1335  846  247   11
667A Lytt  200210081  -10  145  786 1294 1737 2302 2406 1999 1575  948  328    0
667A Lytt  200210082  -70    9  338 1223 1603 1970 2385 2285 1891 1438  733  273
667A Lytt  200210091  -10  -30  295  749 1434 1846 2279 2228 2043 1577  948  437
667A Lytt  200210092   83    0   60  676 1180 1598 2199 2453 2196 2006 1456  838
667A Lytt  200210101  381  147  160  284  996 1456 1827 2261 2234 1970 1696 1017
667A Lytt  200210102  580  219  160  317  733 1337 1721 2199 2445 2311 1983 1541
667A Lytt  200210111  994  530  362  266  549 1094 1497 1970 2249 2266 2157 1560
667A Lytt  200210112 1184  777  390  448  562  949 1365 1968 2192 2471 2443 2048
667A Lytt  200210121 1628 1200  762  589  477  805 1244 1530 1989 2334 2257 2074
667A Lytt  200210122 1722 1241  901  536  557  740 1055 1457 2010 2366 2348 2429
667A Lytt  200210131 2094 1597 1236  874  625  572  956 1393 1615 2129 2489 2283
667A Lytt  200210132 2069 1855 1334  959  693  521  761 1113 1449 1913 2285 2250
667A Lytt  200210141 2269 1955 1545 1179  722  647  540  770 1203 1533 1935 2215
667A Lytt  200210142 2032 1910 1624 1059  885  539  444  623 1056 1373 1705 2132
667A Lytt  200210151 2205 1997 1819 1414  917  624  539  513  647 1158 1566 1762
667A Lytt  200210152 2019 2100 1809 1447 1200  779  530  477  921 1055 1410 1997
667A Lytt  200210161 2189 2131 2111 1882 1339 1003  809  674  495 1024 1434 1539
667A Lytt  200210162 1986 2281 2059 1879 1670 1149  808  690  817  785 1258 1720
667A Lytt  200210171 1934 2133 2313 2174 1697 1357 1111  675  469  840 1003 1313
667A Lytt  200210172 1736 2231 2129 2027 1976 1547 1058  856  945  643  969 1492
667A Lytt  200210181 1739 1938 2271 2297 1924 1700 1469  819  729  776  737 1180
667A Lytt  200210182 1523 1976 2079 2105 2177 1793 1331 1052  965  618  759 1178
667A Lytt  200210191 1359 1789 2244 2292 2031 2036 1652 1166  737  887  713  813
667A Lytt  200210192 1299 1814 1926 2182 2420 2062 1717 1479 1066  832  970  972
667A Lytt  200210201 1299 1643 2018 2263 2302 2232 2006 1470 1165  905  869  897
667A Lytt  200210202 1036 1559 1956 2126 2348 2280 2019 1698 1315 1048  746  881
667A Lytt  200210211 1063 1269 1819 2122 2169 2313 2116 1800 1399 1062  853  769
667A Lytt  200210212  861 1200 1648 1916 2128 2381 2085 1825 1657 1179  890  808
667A Lytt  200210221  958 1004 1455 1863 2074 2151 2259 1998 1467 1334  917  603
667A Lytt  200210222  789  989 1214 1690 2016 2262 2191 2001 1905 1393 1011  848
667A Lytt  200210231  824  816 1129 1602 1776 2019 2198 2015 1667 1515 1044  707
667A Lytt  200210232  728  744  942 1327 1769 2033 2094 2098 1968 1643 1213  977
667A Lytt  200210241  746  798  825 1267 1610 1759 2158 2094 1813 1686 1320  871
667A Lytt  200210242  667  791  885 1091 1485 1997 2041 2215 2408 1894 1573 1353
667A Lytt  200210251  900  751  784  991 1404 1579 2026 2205 1927 1959 1719 1097
667A Lytt  200210252  953  848  729  841 1361 1630 1885 2159 2285 2161 1749 1535
667A Lytt  200210261 1112  851  709  823 1082 1364 1737 2039 2011 2028 1897 1388
667A Lytt  200210262 1105  912  648  694 1007 1391 1547 1958 2348 2150 2053 1868
667A Lytt  200210271 1457 1123  879  792  901 1147 1567 1925 1895 2304 2186 1724
667A Lytt  200210272 1541 1187  903  798  927 1160 1360 1855 2275 2252 2244 2292
667A Lytt  200210281 1720 1351 1206  906  748 1003 1285 1585 1802 2212 2209 1969
667A Lytt  200210282 1814 1455 1095  840  762  887 1037 1447 1952 2074 2237 2328
667A Lytt  200210291 2013 1671 1228 1077  614  725  943 1086 1446 1938 2135 1969
667A Lytt  200210292 2076 1720 1169  959  774  572  639 1096 1490 1754 2112 2299
667A Lytt  200210301 2137 1965 1597 1111  846  642  599  819 1109 1675 1900 1999
667A Lytt  200210302 2183 2005 1586 1227  869  648  526  703 1069 1529 1909 2257
667A Lytt  200210311 2356 2214 1932 1542 1066  713  551  623  828 1243 1765 2028
667A Lytt  200210312 2252 2370 1977 1642 1198  864  582  581  986 1133 1658 2220
667A Lytt  200211011 2411 2357 2416 2076 1485  995  870  559  535  992 1488 1849
667A Lytt  200211012 2126 2551 2392 1993 1795 1300  655  553  605  561 1026 1793
667A Lytt  200211021 2058 2457 2655 2348 1912 1410 1035  589  324  674  959 1384
667A Lytt  200211022 1891 2365 2469 2347 2225 1624 1046  649  568  307  663 1242
667A Lytt  200211031 1768 2181 2442 2556 2185 1778 1374  703  383  384  473  722
667A Lytt  200211032 1440 2127 2336 2479 2531 2105 1422 1087  686  278  266  756
667A Lytt  200211041 1210 1686 2331 2628 2570 2281 1872 1254  629  469  304  422
667A Lytt  200211042  926 1658 2140 2315 2780 2622 2022 1706 1172  587  370  512
667A Lytt  200211051  806 1360 1962 2312 2556 2517 2248 1724 1065  782  435  202
667A Lytt  200211052  624 1061 1646 2206 2643 2869 2569 2237 1747 1080  631  379
667A Lytt  200211061  502  739 1317 1858 2269 2514 2606 2245 1640 1259  698  231
667A Lytt  200211062  407  573  994 1689 2287 2543 2722 2550 2240 1574 1082  688
667A Lytt  200211071  393  385  817 1372 1829 2255 2518 2509 2131 1718 1212  619
667A Lytt  200211072  381  447  609 1119 1730 2224 2523 2674 2576 2055 1544 1118
667A Lytt  200211081  593  428  509  789 1316 1769 2326 2436 2232 2134 1624  981
667A Lytt  200211082  695  412  327  677 1154 1690 2137 2541 2724 2359 1994 1656
667A Lytt  200211091  988  657  544  562  904 1421 1967 2201 2436 2535 2134 1608
667A Lytt  200211092 1294  835  539  547  914 1274 1723 2273 2567 2488 2452 2082
667A Lytt  200211101 1608 1128  738  702  813  989 1447 1856 2263 2527 2399 2059
667A Lytt  200211102 1681 1231 1044  518  845 1105 1301 1812 2337 2412 2534 2489
667A Lytt  200211111 1920 1561 1180  864  715  706 1119 1571 1838 2277 2504 2167
667A Lytt  200211112 2031 1738 1229  799  878  870 1055 1419 1930 2157 2435 2553
667A Lytt  200211121 2230 1799 1581 1116  764  792  877 1128 1463 1903 2195 2202
667A Lytt  200211122 2164 1882 1524 1113  843  731  620  988 1417 1606 2017 2271
667A Lytt  200211131 2087 1996 1665 1254  854  601  614  649  950 1358 1683 1984
667A Lytt  200211132 2093 1833 1734 1181  996  816  409  712  978 1213 1584 1947
667A Lytt  200211141 2030 1972 1805 1482 1049  767  520  449  612 1043 1293 1680
667A Lytt  200211142 1990 1936 1887 1534 1217  951  689  611  727  982 1365 1725
667A Lytt  200211151 2029 2097 2030 1811 1407 1023  747  638  550  840 1238 1584
667A Lytt  200211152 1790 2071 2099 1885 1670 1355  938  844  749  924 1186 1505
667A Lytt  200211161 1890 2065 2188 1999 1831 1360 1044  810  697  732  996 1417
667A Lytt  200211162 1737 2007 2219 2077 1986 1609 1224 1009  910  771 1017 1217
667A Lytt  200211171 1687 1957 2189 2207 2115 1717 1353 1058  742  750  831 1138
667A Lytt  200211172 1502 1869 2112 2137 2162 1908 1564 1186  989  819  785 1044
667A Lytt  200211181 1332 1689 2041 2103 2198 1934 1594 1254  905  776  808  891
667A Lytt  200211182 1244 1640 2091 2211 2346 2225 1637 1480 1320  988  788  960
667A Lytt  200211191 1337 1521 1856 2189 2224 2143 1890 1494 1148  872  679  676
667A Lytt  200211192  938 1263 1733 1914 2087 2193 1831 1602 1302  844  677  655
667A Lytt  200211201  798 1031 1438 1821 9999 9999 9999 9999 9999 9999 9999 9999
667A Lytt  200211202 9999 9999 9999 9999 9999 9999 9999 9999 9999 9999 9999 9999
667A Lytt  200211211 9999 9999 9999 9999 9999 9999 9999 9999 9999 9999 9999 9999
667A Lytt  200211212 9999 9999 9999 9999 9999 9999 9999 9999 1863 1285 1075  758
667A Lytt  200211221  604  648  889 1222 1577 1857 2001 1916 1730 1420  906  668
667A Lytt  200211222  619  481  727 1177 1643 1759 2116 2180 1970 1591 1360  925
667A Lytt  200211231  517  648  659  911 1339 1712 1877 1919 1882 1656 1160  883
667A Lytt  200211232  708  408  592  833 1269 1605 1930 2090 2152 1853 1559 1140
667A Lytt  200211241  725  627  510  595 1027 1379 1686 1902 1959 1858 1501 1133
667A Lytt  200211242  907  487  532  612  890 1325 1650 2016 2074 2068 1895 1352
667A Lytt  200211251 1072  851  424  510  785 1040 1393 1739 1971 2015 1813 1510
667A Lytt  200211252 1152  697  649  555  645 1146 1416 1827 2108 2241 2169 1871
667A Lytt  200211261 1464 1108  712  510  531  877 1175 1507 1885 2167 2039 1856
667A Lytt  200211262 1611 1133  832  601  592  758 1145 1587 1845 2287 2377 2057
667A Lytt  200211271 1862 1495  990  653  647  605  836 1316 1686 1912 2238 2170
667A Lytt  200211272 1890 1551 1106  806  590  582  846 1113 1599 1991 2201 2259
667A Lytt  200211281 2132 1813 1351  884  672  486  461  909 1311 1623 1970 2214
667A Lytt  200211282 2109 1649 1497 1066  553  409  501  664 1060 1610 1935 2197
667A Lytt  200211291 2259 1966 1673 1151  694  446  292  385  799 1225 1639 2067
667A Lytt  200211292 2150 1982 1794 1341  837  512  351  391  619 1084 1625 1959
667A Lytt  200211301 2247 2274 1923 1552 1115  537  267  224  329  823 1286 1730
667A Lytt  200211302 2166 2111 2099 1768 1106  801  467  101  266  640 1044 1568
667A Lytt  200212011 1990 2220 2197 1939 1384  972  463  154  220  439  778 1320
667A Lytt  200212012 1921 2079 2234 2104 1683 1174  850  353  159  309  658 1139
667A Lytt  200212021 1688 2098 2238 2279 1999 1451  837  441  150  242  404  895
667A Lytt  200212022 1537 1859 2327 2394 2065 1853 1247  707  417  211  351  600
667A Lytt  200212031 1208 1783 2126 2275 2395 1898 1360  910  446  157  242  596
667A Lytt  200212032 1019 1553 2168 2407 2470 2319 1832 1291  823  440  291  362
667A Lytt  200212041  815 1348 1796 2171 2406 2296 1915 1433  940  472  232  364
667A Lytt  200212042  642 1138 1716 2238 2549 2587 2392 1927 1356  945  546  353
667A Lytt  200212051  463  941 1437 1842 2301 2559 2226 2010 1524  970  538  391
667A Lytt  200212052  496  642 1271 1925 2355 2481 2771 2395 1874 1543  999  503
667A Lytt  200212061  471  711  947 1502 1978 2383 2400 2409 2024 1483 1008  619
667A Lytt  200212062  523  396  859 1429 1877 2284 2645 2567 2358 1949 1499  891
667A Lytt  200212071  559  700  516 1018 1637 1935 2179 2489 2369 1984 1459 1114
667A Lytt  200212072  698  451  695 1022 1456 1999 2390 2547 2521 2388 1880 1361
667A Lytt  200212081  922  713  536  693 1262 1659 1920 2459 2596 2340 1975 1603
667A Lytt  200212082 1137  714  581  809 1052 1528 2021 2307 2509 2570 2212 1904
667A Lytt  200212091 1357  976  688  620  823 1140 1575 1928 2212 2306 2120 1789
667A Lytt  200212092 1354  980  636  588  678 1030 1470 1930 2209 2315 2367 2047
667A Lytt  200212101 1468 1322  813  591  595  864 1083 1574 1923 2118 2177 1986
667A Lytt  200212102 1737 1311  865  799  581  774 1224 1499 1818 2238 2265 2121
667A Lytt  200212111 1850 1650 1216  659  680  665  772 1212 1579 1902 2060 2219
667A Lytt  200212112 1935 1671 1314  988  779  727  974 1201 1507 1923 2131 2126
667A Lytt  200212121 2127 1935 1498 1123  866  725  681 1011 1447 1690 2040 2425
667A Lytt  200212122 2200 1968 1896 1308 1049  969  844 1138 1460 1702 2054 2245
667A Lytt  200212131 2305 2363 1869 1561 1159  878  673 1037 1061 1448 1927 2017
667A Lytt  200212132 2170 2107 1998 1533 1249 1118  800  877 1219 1291 1636 2062
667A Lytt  200212141 2115 2182 2075 1631 1361  999  693  782  811 1123 1449 1763
667A Lytt  200212142 2039 2166 2076 1876 1464 1189  965  752  849 1116 1339 1713
667A Lytt  200212151 2002 2117 2040 1923 1591 1184  962  693  722  911 1168 1543
667A Lytt  200212152 1839 2059 2160 1900 1752 1513  974  915  807  823 1093 1365
667A Lytt  200212161 1769 2018 1969 2114 1768 1350 1153  805  591  856  913 1261
667A Lytt  200212162 1704 1924 1986 2114 1958 1656 1208  981  846  608  876 1146
667A Lytt  200212171 1468 1769 1945 1939 1936 1660 1149  973  715  491  639  971
667A Lytt  200212172 1255 1607 1934 1984 1962 1836 1424  968  814  632  490  745
667A Lytt  200212181 1064 1398 1669 1912 1918 1649 1417 1006  702  553  362  638
667A Lytt  200212182  890 1255 1650 1867 1914 1915 1637 1218  876  644  458  506
667A Lytt  200212191  709 1188 1474 1656 1975 1863 1541 1375  922  563  416  517
667A Lytt  200212192  658  930 1517 1772 1937 2035 1908 1623 1067  960  567  488
667A Lytt  200212201  588  931 1170 1605 1922 1963 1847 1694 1307  840  639  537
667A Lytt  200212202  509  763 1295 1656 1812 2301 2098 1904 1646 1146  895  509
667A Lytt  200212211  584  608  994 1439 1672 1952 2065 1861 1620 1174  825  645
667A Lytt  200212212  441  542  932 1388 1663 2068 2252 2052 1901 1486 1065  706
667A Lytt  200212221  494  595  663 1095 1581 1870 2007 2132 1858 1499 1160  849
667A Lytt  200212222  533  478  679 1099 1433 1910 2239 2294 2243 1975 1461  956
667A Lytt  200212231  817  545  563  870 1232 1732 1961 2150 2188 1950 1481 1115
667A Lytt  200212232  735  522  448  673 1117 1596 2007 2258 2228 2266 1831 1339
667A Lytt  200212241  998  832  511  619 1059 1421 1664 2144 2292 2199 1914 1613
667A Lytt  200212242 1118  792  594  606  900 1420 1730 2157 2439 2479 2279 1936
667A Lytt  200212251 1506 1082  723  688  771 1157 1451 1913 2270 2387 2273 1988
667A Lytt  200212252 1613 1146  753  608  625 1062 1370 1874 2279 2417 2327 2168
667A Lytt  200212261 1726 1366  932  652  609  715 1003 1558 1887 2255 2340 2227
667A Lytt  200212262 1869 1392 1028  665  405  719  891 1331 1878 2212 2306 2417
667A Lytt  200212271 2046 1678 1230  803  603  505  674 1065 1523 1902 2267 2216
667A Lytt  200212272 2145 1780 1225  850  564  405  556  878 1349 1823 2067 2304
667A Lytt  200212281 2257 2027 1553  995  694  466  351  606  990 1494 1864 2118
667A Lytt  200212282 2267 2048 1588 1251  760  421  389  495  757 1283 1693 1985
667A Lytt  200212291 2249 2131 1810 1374  956  516  237  295  594  948 1376 1941
667A Lytt  200212292 2192 2048 2041 1680 1132  657  468  310  376  828 1176 1766
667A Lytt  200212301 2014 2191 2125 1711 1383  922  320  297  392  521 1060 1626
667A Lytt  200212302 2001 2226 2274 2134 1726 1186  787  535  307  619  886 1351
667A Lytt  200212311 1862 2222 2277 2069 1829 1441  772  542  215  398  591 1107
667A Lytt  200212312 1761 2037 2230 2363 2151 1788 1178  818  522  308  541  939
